1689329656978 0.8022893071174622 0
1689329657022 0.7898023128509521 0
1689329657066 0.8043704628944397 0
1689329657109 0.782518208026886 0
1689329657152 0.7762747406959534 0
1689329657196 0.7835587859153748 0
1689329657240 0.828303873538971 0
1689329657285 0.8595213294029236 0
1689329657328 0.8928200006484985 0
1689329657372 0.9552549719810486 0
1689329657416 0.9604578614234924 0
1689329657461 0.9458897113800049 0
1689329657505 0.9635795950889587 0
1689329657548 1.02497398853302 0
1689329657590 1.015608787536621 0
1689329657634 1.0509885549545288 0
1689329657677 1.07492196559906 0
1689329657721 1.1071799993515015 0
1689329657764 1.1040582656860352 0
1689329657809 1.0541102886199951 0
