1707473658019 0.6999907344579697 0
1707473658058 0.6867760941386223 0
1707473658094 0.6646488532423973 0
1707473658130 0.6238639280200005 0
1707473658166 0.5564207956194878 0
1707473658201 0.4727747067809105 0
1707473658237 0.4155249409377575 0
1707473658272 0.4047646149992943 0
1707473658306 0.39975332096219063 0
1707473658340 0.39368948340415955 0
1707473658374 0.39275775477290154 0
1707473658407 0.39241398125886917 0
1707473658440 0.39195918664336205 0
1707473658474 0.3918571397662163 0
1707473658510 0.3917076513171196 0
1707473658546 0.39160245284438133 0
1707473658585 0.39147569611668587 0
