1720779281821 0.8432539701461792 0
1720779281964 0.8373016119003296 0
1720779282024 0.8234127163887024 0
1720779282083 0.846230149269104 0
1720779282138 0.8442460298538208 0
1720779282192 0.8313491940498352 0
1720779282246 0.8234127163887024 0
1720779282304 0.8134920597076416 0
1720779282363 0.8105158805847168 0
1720779282419 0.8144841194152832 0
1720779282699 0.8144841194152832 0
1720779282751 0.8085317611694336 0
1720779282797 0.8125 0
1720779282843 0.8105158805847168 0
1720779282893 0.8134920597076416 0
1720779282945 0.8134920597076416 0
1720779283098 0.8184523582458496 0
1720779283147 0.8323412537574768 0
1720779283203 0.8442460298538208 0
1720779283255 0.8571428656578064 0
1720779283302 0.8591269850730896 0
1720779283349 0.8621031641960144 0
1720779283395 0.875 0
1720779283447 0.8928571343421936 0
1720779283588 0.9285714030265808 0
1720779283635 0.9454365372657776 0
1720779283683 0.9523809552192688 0
1720779283732 0.961309552192688 0
1720779283782 0.9652777910232544 0
1720779283889 0.9742063283920288 0
1720779284087 0.9841269850730896 0
1720779284135 0.988095223903656 0
1720779284182 1.0039682388305664 0
1720779284231 1.0009920597076416 0
1720779284277 1.0178571939468384 0
1720779284326 1.0267857313156128 0
1720779284376 1.028769850730896 0
1720779284427 1.0406745672225952 0
1720779284477 1.0466269254684448 0
1720779284530 1.0535714626312256 0
1720779284627 1.0605158805847168 0
1720779284719 1.086309552192688 0
