1682676774339 0.8054679036140442 0
1682676774365 0.8054679036140442 0
1682676774391 0.7917981147766113 0
1682676774416 0.8054679036140442 0
1682676774441 0.7823343873023987 0
1682676774466 0.777076780796051 0
1682676774533 0.7497371435165405 0
1682676774558 0.7444794774055481 0
1682676774583 0.7570977807044983 0
1682676774608 0.7739222049713135 0
1682676774633 0.7718191146850586 0
1682676774658 0.7928496599197388 0
1682676774683 0.797055721282959 0
1682676774707 0.7928496599197388 0
1682676774731 0.7854889631271362 0
1682676774756 0.7960042357444763 0
1682676774780 0.8159831762313843 0
1682676774805 0.8002102971076965 0
1682676774830 0.8065194487571716 0
1682676774855 0.8117770552635193 0
1682676774880 0.8170347213745117 0
1682676774904 0.8170347213745117 0
1682676774929 0.8086224794387817 0
1682676774953 0.8180862069129944 0
1682676775034 0.8180862069129944 0
1682676775059 0.8243953585624695 0
1682676775084 0.8254469037055969 0
1682676775109 0.827549934387207 0
1682676775134 0.8296530246734619 0
1682676775159 0.8380652070045471 0
1682676775184 0.8380652070045471 0
1682676775210 0.8454258441925049 0
1682676775236 0.8443743586540222 0
1682676775264 0.8433228135108948 0
1682676775289 0.8527865409851074 0
1682676775320 0.8496319651603699 0
1682676775345 0.8569926619529724 0
1682676775371 0.8580441474914551 0
1682676775403 0.85173499584198 0
1682676775432 0.8464773893356323 0
1682676775457 0.8527865409851074 0
1682676775536 0.8538380861282349 0
1682676775562 0.8506835103034973 0
1682676775589 0.8675078749656677 0
1682676775614 0.8685594201087952 0
1682676775639 0.8801261782646179 0
1682676775671 0.8811777234077454 0
1682676775696 0.8811777234077454 0
1682676775721 0.886435329914093 0
1682676775746 0.8790746331214905 0
1682676775772 0.890641450881958 0
1682676775796 0.8958990573883057 0
1682676775821 0.9043112397193909 0
1682676775847 0.9043112397193909 0
1682676775872 0.9011566638946533 0
1682676775898 0.8948475122451782 0
1682676775924 0.9043112397193909 0
1682676775949 0.8980020880699158 0
1682676775973 0.9074658155441284 0
1682676776076 0.9022082090377808 0
1682676776102 0.9074658155441284 0
1682676776128 0.9053627848625183 0
1682676776154 0.910620391368866 0
1682676776179 0.910620391368866 0
1682676776205 0.9169295430183411 0
1682676776230 0.9137749671936035 0
1682676776255 0.9064143300056458 0
1682676776280 0.9137749671936035 0
