1689329653380 0.6927717789526908 0
1689329653443 0.6071213579946949 0
1689329653511 0.4436137080192566 0
1689329653574 0.39920790829966146 0
1689329653637 0.3931636848757344 0
1689329653705 0.3924040409826463 0
1689329653768 0.3920393451567619 0
1689329653833 0.39143626151546357 0
1689329653896 0.3904868075924535 0
1689329653960 0.39057124526269976 0
1689329654023 0.3903614378744556 0
1689329654093 0.3895694459638288 0
1689329654155 0.3890324648349516 0
1689329654218 0.3885668073931048 0
1689329654279 0.3880819668692927 0
1689329654342 0.3876725300665825 0
