1712312038327 0.7929648160934448 0
1712312038402 0.8120602965354919 0
1712312038474 0.8683416843414307 0
1712312038548 0.9306532740592957 0
1712312038616 0.9658291339874268 0
1712312038736 0.9899497628211975 0
1712312038845 1.036180853843689 0
1712312038914 1.0371859073638916 0
1712312038998 1.0713567733764648 0
1712312039181 1.1195980310440063 0
1712312039441 1.1668341159820557 0
1712312039514 1.144723653793335 0
1712312039588 1.2793970108032227 0
1712312039662 1.4301507472991943 0
1712312039734 1.3437186479568481 0
1712312039975 1.4050251245498657 0
1712312040130 1.4814070463180542 0
1712312040216 1.5386934280395508 0
