1700820849388 0.8179959058761597 0
1700820849425 0.7791411280632019 0
1700820849463 0.8087934851646423 0
1700820849502 0.8169733881950378 0
1700820849539 0.8098159432411194 0
1700820849722 0.8026584982872009 0
1700820849763 0.8026584982872009 0
1700820849811 0.8057259917259216 0
1700820849849 0.814928412437439 0
1700820849899 0.8159509301185608 0
1700820850051 0.8364008069038391 0
1700820850165 0.8364008069038391 0
1700820850278 0.8588957190513611 0
1700820850379 0.8578732013702393 0
1700820850449 0.8670756816864014 0
1700820850500 0.8783231377601624 0
1700820850547 0.9182004332542419 0
1700820850588 0.9345602989196777 0
1700820850625 0.9151329398155212 0
1700820850661 0.9274028539657593 0
1700820850703 0.9284253716468811 0
1700820850750 0.9355828166007996 0
