1695377646852 0.7597938179969788 0
1695377646891 0.7731958627700806 0
1695377646927 0.7814432978630066 0
1695377646963 0.7845360636711121 0
1695377646998 0.7845360636711121 0
1695377647033 0.7958762645721436 0
1695377647067 0.8020618557929993 0
1695377647102 0.807216465473175 0
1695377647153 0.8092783689498901 0
1695377647202 0.8092783689498901 0
1695377647245 0.8030927777290344 0
1695377647279 0.8051546216011047 0
1695377647313 0.8092783689498901 0
1695377647347 0.8164948225021362 0
1695377647381 0.8567010164260864 0
1695377647415 0.8907216787338257 0
1695377647450 0.8958762884140015 0
1695377647485 0.9082474112510681 0
1695377647519 0.9391752481460571 0
1695377647556 0.9762886762619019 0
1695377647591 0.9948453903198242 0
1695377647626 1.031958818435669 0
1695377647659 1.0587629079818726 0
1695377647693 1.0865979194641113 0
1695377647727 1.093814492225647 0
1695377647762 1.1175258159637451 0
1695377647797 1.1154639720916748 0
1695377647832 1.122680425643921 0
1695377647867 1.146391749382019 0
1695377647901 1.169072151184082 0
1695377647935 1.1814433336257935 0
1695377647970 1.2134020328521729 0
1695377648004 1.23092782497406 0
1695377648039 1.262886643409729 0
