1685700747179 0.8251308798789978 0
1685700747236 0.8125654458999634 0
1685700747290 0.8146597146987915 0
1685700747343 0.8324607610702515 0
1685700747395 0.8314136266708374 0
1685700747449 0.8554973602294922 0
1685700747501 0.9183245897293091 0
1685700747553 0.9308900237083435 0
1685700747608 0.9706806540489197 0
1685700747662 1.016753911972046 0
1685700747715 1.0230365991592407 0
1685700747767 1.073298454284668 0
1685700747819 1.091099500656128 0
1685700747871 1.128795862197876 0
1685700747923 1.1057591438293457 0
