1726222554363 0.8100393414497375 0
1726222554397 0.8149606585502625 0
1726222554431 0.7952755689620972 0
1726222554464 0.7992125749588013 0
1726222554495 0.7992125749588013 0
1726222554525 0.8031495809555054 0
1726222554555 0.8070865869522095 0
1726222554585 0.8090550899505615 0
1726222554616 0.8070865869522095 0
1726222554655 0.8080708384513855 0
1726222554685 0.8080708384513855 0
1726222554715 0.8080708384513855 0
1726222554744 0.8100393414497375 0
1726222554774 0.8061023354530334 0
1726222554804 0.8061023354530334 0
1726222554833 0.8218504190444946 0
1726222554863 0.8179134130477905 0
1726222554893 0.8139764070510864 0
1726222554922 0.8179134130477905 0
1726222554952 0.835629940032959 0
1726222554982 0.8464567065238953 0
1726222555025 0.834645688533783 0
1726222555061 0.8494094610214233 0
1726222555093 0.8513779640197754 0
1726222555125 0.8690944910049438 0
1726222555161 0.8858267664909363 0
1726222555193 0.9055117964744568 0
1726222555247 0.913385808467865 0
1726222555299 0.9005905389785767 0
1726222555371 0.9035432934761047 0
1726222555436 0.9094488024711609 0
1726222555491 0.9271653294563293 0
1726222555544 0.9468504190444946 0
1726222555579 0.9537401795387268 0
1726222555613 0.9852362275123596 0
1726222555645 0.9783464670181274 0
1726222555679 0.9940944910049438 0
1726222555711 1.0078740119934082 0
1726222555744 1.0265748500823975 0
1726222555775 1.0226378440856934 0
1726222555808 1.0403543710708618 0
1726222555848 1.04822838306427 0
