1682072105173 0.7726315855979919 0
1682072105209 0.7547368407249451 0
1682072105244 0.7789473533630371 0
1682072105279 0.800000011920929 0
1682072105315 0.7905263304710388 0
1682072105351 0.796842098236084 0
1682072105390 0.7842105031013489 0
1682072105425 0.7789473533630371 0
1682072105461 0.7757894992828369 0
1682072105496 0.7926315665245056 0
1682072105531 0.8021052479743958 0
1682072105566 0.800000011920929 0
1682072105645 0.8136842250823975 0
1682072105682 0.8347368240356445 0
1682072105717 0.8568421006202698 0
1682072105755 0.8768420815467834 0
1682072105793 0.9210526347160339 0
1682072105832 0.9326315522193909 0
1682072106025 0.9410526156425476 0
1682072106083 0.948421061038971 0
1682072106138 0.9357894659042358 0
1682072106239 0.9347368478775024 0
1682072106355 0.9515789747238159 0
1682072106540 0.948421061038971 0
1682072106598 0.9557894468307495 0
1682072106634 0.9810526371002197 0
