1726222543958 0.6696616690605879 0
1726222544022 0.6099690534174442 0
1726222544079 0.4938997672870755 0
1726222544144 0.41820421535521746 0
1726222544252 0.4000398274511099 0
1726222544421 0.3946994999423623 0
1726222544484 0.393069670535624 0
1726222544553 0.3924623755738139 0
1726222544616 0.39206803496927023 0
1726222544683 0.39188453648239374 0
1726222544799 0.3916296474635601 0
1726222544859 0.39146544970571995 0
1726222544918 0.3912439104169607 0
1726222545230 0.3909314349293709 0
1726222545323 0.39071802143007517 0
1726222545382 0.3903101198375225 0
1726222545482 0.3899885667487979 0
1726222545700 0.38961813412606716 0
1726222545758 0.3892184365540743 0
