1700820835128 0.6855159132711349 0
1700820835210 0.6170007336524225 0
1700820835286 0.4542493051098239 0
1700820835435 0.3956118985529869 0
1700820835523 0.3929896489266426 0
1700820835601 0.39262319572510257 0
1700820835682 0.3924332780222739 0
1700820835763 0.3921428774633715 0
1700820835844 0.39196181297302246 0
1700820836013 0.391768709305794 0
1700820836097 0.3916233278089954 0
1700820836269 0.39124929904937744 0
1700820836351 0.3911531759846595 0
1700820836432 0.3908174364797531 0
1700820836615 0.3905891631880114 0
1700820836701 0.3903120688853725 0
1700820836784 0.3900330018612646 0
1700820836870 0.3898632151465262 0
1700820836949 0.3894376245237166 0
1700820837133 0.38919054981200923 0
1700820837219 0.3888435661792755 0
1700820837320 0.3884878312387774 0
1700820837422 0.3880440112083189 0
1700820837509 0.3877409369714798 0
1700820837608 0.387319169698223 0
