1700820835136 0.8220859169960022 0
1700820835217 0.8394683003425598 0
1700820835293 0.8159509301185608 0
1700820835444 0.8568507432937622 0
1700820835530 0.9366053342819214 0
1700820835610 0.9785276055335999 0
1700820835691 1.0020450353622437 0
1700820835772 1.023517370223999 0
1700820835856 1.0163599252700806 0
1700820836019 1.0541921854019165 0
1700820836103 1.0736196041107178 0
1700820836276 1.129856824874878 0
1700820836359 1.1053169965744019 0
1700820836439 1.138036847114563 0
1700820836623 1.2106339931488037 0
1700820836710 1.2167688608169556 0
1700820836793 1.2004090547561646 0
1700820836878 1.2525562047958374 0
1700820836955 1.253578782081604 0
1700820837142 1.3404908180236816 0
1700820837227 1.3353782892227173 0
1700820837327 1.3629857301712036 0
1700820837429 1.416155457496643 0
1700820837518 1.4243353605270386 0
1700820837614 1.4805725812911987 0
