1727432160287 0.8102261424064636 0
1727432160353 0.7905604839324951 0
1727432160422 0.8043264746665955 0
1727432160469 0.8259587287902832 0
1727432160516 0.8298918604850769 0
1727432160596 0.8318583965301514 0
1727432160642 0.847590982913971 0
1727432160686 0.850540816783905 0
1727432160739 0.8820058703422546 0
1727432160791 0.9124876856803894 0
1727432160845 0.9351032376289368 0
1727432160899 0.9596853256225586 0
1727432160947 0.9872173070907593 0
1727432160995 0.9960668683052063 0
1727432161059 1.0 0
