1720779299728 0.7926587462425232 0
1720779299774 0.7986111044883728 0
1720779299818 0.7976190447807312 0
1720779299861 0.7867063283920288 0
1720779299912 0.7827380895614624 0
1720779299971 0.7728174328804016 0
1720779300034 0.77182537317276 0
1720779300085 0.8045634627342224 0
1720779300130 0.879960298538208 0
1720779300171 0.9017857313156128 0
1720779300210 0.9216269850730896 0
1720779300252 0.9275793433189392 0
1720779300295 0.9375 0
1720779300335 0.9553571343421936 0
1720779300373 0.9801587462425232 0
1720779300415 0.995039701461792 0
1720779300457 0.9940476417541504 0
1720779300498 0.995039701461792 0
1720779300540 1.04365074634552 0
1720779300581 1.0466269254684448 0
1720779300621 1.0446428060531616 0
