1728641700618 0.7988224029541016 0
1728641700740 0.8056918382644653 0
1728641700832 0.8047105073928833 0
1728641700920 0.8086358904838562 0
1728641700977 0.8135426640510559 0
1728641701024 0.7899901866912842 0
1728641701074 0.8047105073928833 0
1728641701123 0.8734052777290344 0
1728641701167 0.9352306127548218 0
1728641701213 0.9911677837371826 0
1728641701266 1.0098135471343994 0
1728641701316 1.0098135471343994 0
1728641701364 1.0510303974151611 0
1728641701411 1.0922472476959229 0
1728641701454 1.1089303493499756 0
1728641701497 1.1599607467651367 0
