1725617687011 0.7684729099273682 0
1725617687041 0.7694581151008606 0
1725617687072 0.7793103456497192 0
1725617687104 0.7763546705245972 0
1725617687137 0.7724137902259827 0
1725617687169 0.7793103456497192 0
1725617687203 0.7901477813720703 0
1725617687236 0.7832512259483337 0
1725617687267 0.7921182513237 0
1725617687299 0.7940886616706848 0
1725617687332 0.7950738668441772 0
1725617687364 0.7802955508232117 0
1725617687396 0.7812808156013489 0
1725617687428 0.7842364311218262 0
1725617687461 0.7950738668441772 0
1725617687493 0.7940886616706848 0
1725617687525 0.8009852170944214 0
1725617687557 0.8009852170944214 0
1725617687590 0.7960591316223145 0
1725617687621 0.8009852170944214 0
1725617687652 0.8147783279418945 0
1725617687686 0.8019704222679138 0
1725617687718 0.7990148067474365 0
1725617687752 0.7842364311218262 0
1725617687784 0.7832512259483337 0
1725617687815 0.7901477813720703 0
1725617687846 0.7960591316223145 0
1725617687879 0.7911329865455627 0
1725617687911 0.7891625761985779 0
1725617687944 0.7871921062469482 0
1725617687977 0.7822660207748413 0
1725617688008 0.7881773114204407 0
1725617688040 0.7940886616706848 0
1725617688072 0.7901477813720703 0
1725617688107 0.7911329865455627 0
1725617688139 0.7891625761985779 0
1725617688173 0.7911329865455627 0
1725617688204 0.7891625761985779 0
1725617688235 0.7862069010734558 0
1725617688267 0.7862069010734558 0
1725617688298 0.7881773114204407 0
1725617688330 0.7901477813720703 0
1725617688362 0.7891625761985779 0
1725617688395 0.7940886616706848 0
1725617688427 0.7980295419692993 0
1725617688458 0.7980295419692993 0
1725617688490 0.7990148067474365 0
1725617688522 0.7970443367958069 0
1725617688553 0.7980295419692993 0
1725617688584 0.8068965673446655 0
1725617688613 0.8019704222679138 0
1725617688642 0.8039408922195435 0
1725617688671 0.8098522424697876 0
1725617688701 0.8118226528167725 0
1725617688730 0.8197044134140015 0
1725617688759 0.8354679942131042 0
1725617688788 0.8433497548103333 0
1725617688818 0.8482758402824402 0
1725617688847 0.8482758402824402 0
1725617688876 0.8591132760047913 0
1725617688905 0.8679803013801575 0
1725617688935 0.8679803013801575 0
1725617688966 0.8738916516304016 0
1725617689024 0.8837438225746155 0
1725617689054 0.8847290873527527 0
1725617689083 0.9034482836723328 0
1725617689112 0.9182265996932983 0
1725617689144 0.9064039587974548 0
1725617689174 0.9054186940193176 0
1725617689204 0.9014778137207031 0
1725617689236 0.9093596339225769 0
1725617689266 0.920197069644928 0
1725617689297 0.9211822748184204 0
