1725012931083 0.6830604560673237 0
1725012931137 0.6486746110022068 0
1725012931189 0.5484854644164443 0
1725012931242 0.43120558094233274 0
1725012931295 0.39994615130126476 0
1725012931348 0.394651560112834 0
1725012931403 0.3930075680837035 0
1725012931464 0.39243717957288027 0
1725012931524 0.3920769328251481 0
1725012931585 0.39184331707656384 0
1725012931643 0.3916781162843108 0
1725012931699 0.39150610752403736 0
1725012931754 0.3913160255178809 0
1725012931810 0.3911213343963027 0
1725012931864 0.39093308988958597 0
1725012931918 0.3907328210771084 0
1725012931972 0.3904752191156149 0
