1718964912460 0.8169154524803162 0
1718964912522 0.813930332660675 0
1718964912582 0.800000011920929 0
1718964912640 0.8019900321960449 0
1718964912700 0.8119403123855591 0
1718964912755 0.8238806128501892 0
1718964912818 0.8169154524803162 0
1718964913108 0.8686566948890686 0
1718964913172 0.8796020150184631 0
1718964913395 0.9034826159477234 0
1718964913587 0.9184079766273499 0
1718964913670 0.9184079766273499 0
1718964914272 0.9452736377716064 0
1718964914348 0.9552238583564758 0
1718964914581 0.967164158821106 0
1718964914763 0.993034839630127 0
1718964914834 0.9880596995353699 0
