1694168012661 0.689802497625351 0
1694168012705 0.6839741617441177 0
1694168012739 0.6774472147226334 0
1694168012774 0.6686349213123322 0
1694168012808 0.6556198000907898 0
1694168012839 0.6370695605874062 0
1694168012870 0.6121595352888107 0
1694168012901 0.5810187608003616 0
1694168012932 0.5451835617423058 0
1694168012963 0.5079371631145477 0
1694168012994 0.4735373556613922 0
1694168013025 0.4460865147411823 0
1694168013056 0.4274298809468746 0
1694168013087 0.4160490557551384 0
1694168013118 0.4092124179005623 0
1694168013149 0.40415675938129425 0
1694168013181 0.40059855580329895 0
1694168013214 0.3977125734090805 0
1694168013245 0.39582351222634315 0
1694168013277 0.3944798968732357 0
1694168013308 0.3934835083782673 0
1694168013340 0.39279063418507576 0
1694168013372 0.3924037143588066 0
1694168013403 0.3921598047018051 0
1694168013434 0.3918992839753628 0
1694168013468 0.39181193336844444 0
1694168013499 0.391607865691185 0
1694168013531 0.39151762053370476 0
1694168013562 0.39141402766108513 0
1694168013593 0.3913362845778465 0
1694168013623 0.39126841351389885 0
