1728037013927 0.686202872544527 0
1728037014004 0.6534473672509193 0
1728037014080 0.5489317253232002 0
1728037014156 0.42343349382281303 0
1728037014230 0.3970671072602272 0
1728037014305 0.3933994546532631 0
1728037014378 0.39252687711268663 0
1728037014448 0.3922990979626775 0
1728037014522 0.3920117663219571 0
1728037014589 0.39182478189468384 0
1728037014655 0.3917354540899396 0
1728037014720 0.3915164219215512 0
1728037014786 0.3912982661277056 0
1728037014852 0.39110809843987226 0
1728037014918 0.39090483728796244 0
1728037014984 0.3906289814040065 0
1728037015050 0.39042671490460634 0
