1680343644043 0.7961985468864441 0
1680343644084 0.8025343418121338 0
1680343644121 0.8067581653594971 0
1680343644158 0.8204857707023621 0
1680343644195 0.8152059316635132 0
1680343644232 0.8141499757766724 0
1680343644268 0.903907060623169 0
1680343644305 0.932418167591095 0
1680343644343 0.9292502403259277 0
1680343644380 0.9281942844390869 0
1680343644418 0.947201669216156 0
1680343644454 0.9683210253715515 0
1680343644491 1.0116156339645386 0
1680343644528 1.0274550914764404 0
1680343644565 1.029567003250122 0
1680343644602 1.0696938037872314 0
1680343644641 1.08130943775177 0
