1680948430016 0.690107810497284 0
1680948430069 0.6635831693808237 0
1680948430122 0.5927309691905975 0
1680948430174 0.4867104709148407 0
1680948430228 0.4255488306283951 0
1680948430280 0.4045346329609553 0
1680948430337 0.39705292383829754 0
1680948430390 0.39420683880647023 0
1680948430444 0.39312108159065245 0
1680948430495 0.3925995359818141 0
1680948430547 0.3922960340976715 0
1680948430599 0.3920789619286855 0
1680948430652 0.3918979048728943 0
1680948430705 0.3917372524738312 0
1680948430760 0.39156561692555747 0
1680948430813 0.39137298862139386 0
1680948430865 0.3912385006745656 0
1680948430918 0.391105983654658 0
1680948430971 0.39091924329598743 0
1680948431023 0.3907266745964686 0
1680948431076 0.39054290354251864 0
1680948431129 0.39041071633497876 0
1680948431184 0.39009179174900055 0
1680948431237 0.3898910959561666 0
1680948431290 0.38966103295485177 0
1680948431344 0.38939041694005333 0
