1680948430019 0.8122363090515137 0
1680948430072 0.8291139006614685 0
1680948430125 0.8301687836647034 0
1680948430178 0.8259493708610535 0
1680948430231 0.8248944878578186 0
1680948430284 0.8491561412811279 0
1680948430340 0.8512658476829529 0
1680948430394 0.8797468543052673 0
1680948430448 0.8808016777038574 0
1680948430499 0.9113923907279968 0
1680948430550 0.9282700419425964 0
1680948430602 0.9672995805740356 0
1680948430655 0.9662446975708008 0
1680948430708 0.9810126423835754 0
1680948430763 1.00632905960083 0
1680948430816 1.0052742958068848 0
1680948430868 1.0200421810150146 0
1680948430922 1.0580168962478638 0
1680948430974 1.0685653686523438 0
1680948431027 1.1044304370880127 0
1680948431079 1.1149789094924927 0
1680948431132 1.1339662075042725 0
1680948431188 1.2204641103744507 0
1680948431240 1.1877636909484863 0
1680948431293 1.2109705209732056 0
1680948431347 1.24578058719635 0
