1695377659007 0.7670103311538696 0
1695377659052 0.7752577066421509 0
1695377659097 0.7783505320549011 0
1695377659139 0.7958762645721436 0
1695377659183 0.7824742197990417 0
1695377659227 0.7721649408340454 0
1695377659270 0.7731958627700806 0
1695377659314 0.777319610118866 0
1695377659357 0.7876288890838623 0
1695377659400 0.7948453426361084 0
1695377659442 0.808247447013855 0
1695377659485 0.8680412173271179 0
1695377659528 0.9432989954948425 0
1695377659571 0.9649484753608704 0
1695377659614 0.969072163105011 0
1695377659656 0.9814432859420776 0
1695377659699 1.0030927658081055 0
1695377659744 0.9969072341918945 0
1695377659787 1.0175257921218872 0
1695377659829 1.0432989597320557 0
1695377659871 1.055670142173767 0
1695377659914 1.0711339712142944 0
1695377659959 1.07835054397583 0
1695377660003 1.091752529144287 0
1695377660045 1.122680425643921 0
1695377660088 1.1206185817718506 0
1695377660130 1.146391749382019 0
