1695377659002 0.6865030378103256 0
1695377659046 0.6763827353715897 0
1695377659091 0.6629288867115974 0
1695377659134 0.6424450725317001 0
1695377659178 0.6102568879723549 0
1695377659222 0.5626117289066315 0
1695377659265 0.502644844353199 0
1695377659309 0.44547342136502266 0
1695377659352 0.4101739302277565 0
1695377659395 0.4003639332950115 0
1695377659437 0.3981339745223522 0
1695377659480 0.3949667885899544 0
1695377659523 0.3927975296974182 0
1695377659565 0.39237143471837044 0
1695377659609 0.3921113684773445 0
1695377659651 0.39181529358029366 0
1695377659694 0.3917212225496769 0
1695377659739 0.3916267976164818 0
1695377659782 0.3914758339524269 0
1695377659824 0.3913673423230648 0
1695377659866 0.3912709504365921 0
1695377659909 0.39110254496335983 0
1695377659953 0.3909960947930813 0
1695377659997 0.39089030027389526 0
1695377660040 0.3907454237341881 0
1695377660083 0.3905892185866833 0
1695377660125 0.39048242941498756 0
