1680343631193 0.6865294277667999 0
1680343631252 0.6848674044013023 0
1680343631325 0.6828662008047104 0
1680343631408 0.6808678805828094 0
1680343631463 0.6785268783569336 0
1680343631519 0.675940215587616 0
1680343631581 0.6731341108679771 0
1680343631642 0.669776551425457 0
1680343631697 0.6661240309476852 0
1680343631758 0.6619691625237465 0
1680343631810 0.656928300857544 0
1680343631892 0.651714101433754 0
1680343631950 0.6452767848968506 0
1680343632004 0.6381854563951492 0
1680343632146 0.6296892389655113 0
1680343632211 0.6204059794545174 0
1680343632323 0.6100258082151413 0
1680343632485 0.5982902497053146 0
1680343632531 0.5864592865109444 0
1680343632573 0.5734546333551407 0
1680343632605 0.5596106201410294 0
1680343632665 0.5450883731245995 0
1680343632847 0.5308089405298233 0
1680343632916 0.5165878161787987 0
1680343632989 0.5024152174592018 0
1680343633057 0.4888460449874401 0
1680343633093 0.47705715894699097 0
1680343633121 0.4654914066195488 0
1680343633150 0.4557328522205353 0
1680343633178 0.44613224640488625 0
1680343633207 0.4385012164711952 0
1680343633236 0.4322035349905491 0
1680343633265 0.4266122318804264 0
1680343633296 0.4215499758720398 0
1680343633326 0.41797827184200287 0
1680343633354 0.4148124232888222 0
1680343633383 0.41189906373620033 0
1680343633412 0.40948592871427536 0
1680343633440 0.407025258988142 0
1680343633469 0.4057467132806778 0
1680343633498 0.403948113322258 0
1680343633527 0.4024623669683933 0
1680343633555 0.40162505954504013 0
1680343633584 0.40034541860222816 0
1680343633613 0.3993181958794594 0
1680343633643 0.39829210191965103 0
1680343633673 0.39764516800642014 0
1680343633703 0.3973536565899849 0
1680343633733 0.3967999257147312 0
1680343633762 0.3959336057305336 0
1680343633791 0.3955674022436142 0
1680343633820 0.3950965330004692 0
1680343633849 0.39488306641578674 0
1680343633879 0.3943930119276047 0
1680343633911 0.3939809091389179 0
1680343633940 0.39361218363046646 0
1680343633970 0.39355065301060677 0
1680343633999 0.3934675119817257 0
1680343634028 0.39314238354563713 0
1680343634057 0.3930189833045006 0
1680343634087 0.3928896375000477 0
1680343634116 0.3927149474620819 0
1680343634146 0.3925504684448242 0
1680343634175 0.3923867419362068 0
1680343634204 0.39228153601288795 0
1680343634233 0.39231371134519577 0
1680343634263 0.39219168946146965 0
1680343634292 0.39193757995963097 0
1680343634321 0.3918852359056473 0
1680343634350 0.39182793721556664 0
1680343634378 0.3918260522186756 0
1680343634407 0.39178311824798584 0
1680343634441 0.39173930510878563 0
1680343634481 0.3916265182197094 0
1680343634509 0.3915480822324753 0
1680343634539 0.3915582410991192 0
1680343634573 0.39148467779159546 0
