1701425835768 0.8028600811958313 0
1701425835854 0.8100101947784424 0
1701425835902 0.7844739556312561 0
1701425835943 0.7875382900238037 0
1701425835985 0.7844739556312561 0
1701425836041 0.7742594480514526 0
1701425836104 0.7497446537017822 0
1701425836162 0.7599591612815857 0
1701425836217 0.7579162120819092 0
1701425836259 0.7824310660362244 0
1701425836297 0.7875382900238037 0
1701425836333 0.785495400428772 0
1701425836369 0.7926455736160278 0
1701425836406 0.8355464935302734 0
1701425836443 0.838610827922821 0
1701425836486 0.8733401298522949 0
1701425836533 0.9050050973892212 0
1701425836572 0.9070479869842529 0
1701425836610 0.9203268885612488 0
1701425836647 0.9244126677513123 0
