1693563350416 0.8397104740142822 0
1693563350868 0.8407445549964905 0
1693563351162 0.8490175604820251 0
1693563351341 0.8148913979530334 0
1693563351763 0.8076525330543518 0
1693563352272 0.8469493389129639 0
1693563352610 0.9658738374710083 0
1693563352671 0.9669079780578613 0
1693563352734 0.9782833456993103 0
1693563353031 1.0072388648986816 0
1693563353561 1.027921438217163 0
1693563354044 1.0589451789855957 0
1693563354530 1.0361944437026978 0
1693563355015 1.1116856336593628 0
1693563355513 1.1530506610870361 0
1693563355770 1.1044467687606812 0
1693563356057 1.1892451047897339 0
