1683281622688 0.6840756058692932 0
1683281622730 0.6697300672531128 0
1683281622772 0.6445256034533183 0
1683281622813 0.599907660484314 0
1683281622854 0.5351685961087544 0
1683281622894 0.46880316932996113 0
1683281622934 0.42524827321370445 0
1683281622974 0.407243283589681 0
1683281623016 0.399598091840744 0
1683281623057 0.39554992914199827 0
1683281623097 0.39358999927838645 0
1683281623138 0.39270888169606527 0
1683281623178 0.3922281781832377 0
1683281623219 0.39202138980229695 0
1683281623259 0.39180811047554015 0
1683281623298 0.39166020750999453 0
1683281623337 0.39150708516438804 0
1683281623376 0.39136781096458434 0
1683281623418 0.391244912147522 0
1683281623460 0.3911124567190806 0
1683281623511 0.39097298979759215 0
1683281623557 0.39084018270174664 0
1683281623596 0.3907228151957194 0
