1683281622692 0.7857142686843872 0
1683281622734 0.7920168042182922 0
1683281622776 0.7867646813392639 0
1683281622816 0.7878151535987854 0
1683281622857 0.793067216873169 0
1683281622897 0.8014705777168274 0
1683281622937 0.8046218752861023 0
1683281622978 0.8077731132507324 0
1683281623019 0.8340336084365845 0
1683281623060 0.8518907427787781 0
1683281623101 0.8781512379646301 0
1683281623142 0.9002100825309753 0
1683281623182 0.924369752407074 0
1683281623222 0.9548319578170776 0
1683281623262 0.9789915680885315 0
1683281623302 0.9915966391563416 0
1683281623341 1.0346639156341553 0
1683281623379 1.058823585510254 0
1683281623424 1.058823585510254 0
1683281623463 1.0871849060058594 0
1683281623517 1.0882352590560913 0
1683281623560 1.0966386795043945 0
1683281623599 1.1302521228790283 0
