1723198523344 0.6809962466359138 0
1723198523469 0.6482461020350456 0
1723198523612 0.5760803557932377 0
1723198523717 0.46302083134651184 0
1723198523945 0.4029845930635929 0
1723198524161 0.39615653455257416 0
1723198524388 0.39270092360675335 0
1723198524503 0.3922762218862772 0
1723198524623 0.3920307159423828 0
1723198524721 0.39176497235894203 0
1723198524908 0.3915872108191252 0
1723198524997 0.3914115596562624 0
1723198525088 0.3911591116338968 0
1723198525183 0.39093499816954136 0
1723198525301 0.39068269543349743 0
1723198525439 0.3904737066477537 0
1723198525548 0.3901965729892254 0
1723198525677 0.389909191057086 0
1723198526022 0.3896427694708109 0
1723198526131 0.38929497078061104 0
1723198526234 0.38899955339729786 0
1723198526539 0.3886286523193121 0
