1687515285615 0.6898628493150075 0
1687515285686 0.6802979369958242 0
1687515285751 0.6635094622770945 0
1687515285816 0.6278207262357076 0
1687515285878 0.5653209944566091 0
1687515285940 0.4867753217617671 0
1687515286062 0.4276073118050893 0
1687515286243 0.4043981005748113 0
1687515286310 0.397737721602122 0
1687515286381 0.3949750264485677 0
1687515286451 0.39352787335713707 0
1687515286524 0.39276966055234275 0
1687515286614 0.3923574358224869 0
1687515286718 0.39204543133576714 0
1687515286784 0.39183023273944856 0
1687515286850 0.3916834443807602 0
1687515286914 0.39151784280935925 0
1687515286976 0.391428679227829 0
1687515287042 0.39130029181639353 0
1687515287106 0.39118916789690655 0
1687515287179 0.391069029768308 0
1687515287248 0.39092248380184175 0
1687515287320 0.39079118172327676 0
1687515287438 0.39068274199962616 0
1687515287744 0.3905505329370499 0
