1726827295060 0.685909990221262 0
1726827295107 0.6769448444247246 0
1726827295152 0.6649398729205132 0
1726827295199 0.6466689892113209 0
1726827295245 0.6181396283209324 0
1726827295291 0.5758758522570133 0
1726827295355 0.521506667137146 0
1726827295415 0.46508785896003246 0
1726827295459 0.42281413450837135 0
1726827295502 0.40265624038875103 0
1726827295548 0.39662572741508484 0
1726827295592 0.39476705715060234 0
1726827295635 0.3937372174113989 0
1726827295680 0.3931491207331419 0
1726827295727 0.392803817987442 0
1726827295774 0.39261193573474884 0
1726827295823 0.392472080886364 0
1726827295870 0.39237918704748154 0
1726827295916 0.39229293912649155 0
1726827296192 0.39221944846212864 0
1726827296245 0.3921470995992422 0
1726827296303 0.39205347187817097 0
1726827296361 0.39199745282530785 0
1726827296414 0.391910158097744 0
1726827296460 0.39183710888028145 0
