1726827295069 0.7954769134521484 0
1726827295116 0.7807276248931885 0
1726827295161 0.7708947658538818 0
1726827295208 0.7718780636787415 0
1726827295254 0.7885938882827759 0
1726827295300 0.7797443270683289 0
1726827295364 0.7826942205429077 0
1726827295424 0.7876105904579163 0
1726827295468 0.7817109227180481 0
1726827295511 0.7856440544128418 0
1726827295558 0.8023598790168762 0
1726827295601 0.8121927380561829 0
1726827295644 0.8259587287902832 0
1726827295689 0.8397246599197388 0
1726827295737 0.8682399392127991 0
1726827295783 0.9026548862457275 0
1726827295833 0.9301868081092834 0
1726827295879 0.95476895570755 0
1726827295925 0.9646017551422119 0
1726827296201 0.9665683507919312 0
1726827296254 0.9783677458763123 0
1726827296313 0.9724680185317993 0
1726827296371 0.9931170344352722 0
1726827296424 0.9950835704803467 0
1726827296469 0.9960668683052063 0
