1680948416093 0.8090717196464539 0
1680948416129 0.8154008388519287 0
1680948416165 0.7827004194259644 0
1680948416200 0.7943037748336792 0
1680948416236 0.7921940684318542 0
1680948416270 0.7837553024291992 0
1680948416305 0.7953586578369141 0
1680948416340 0.8259493708610535 0
1680948416376 0.905063271522522 0
1680948416413 0.8829113841056824 0
1680948416448 0.9345991611480713 0
1680948416484 0.9335442781448364 0
1680948416520 0.950421929359436 0
1680948416555 0.9789029359817505 0
1680948416590 0.9820675253868103 0
1680948416625 0.9873417615890503 0
1680948416662 1.0189872980117798 0
1680948416696 1.0200421810150146 0
1680948416731 1.0432488918304443 0
