1680948416089 0.6895527988672256 0
1680948416126 0.67192592471838 0
1680948416161 0.6435908749699593 0
1680948416197 0.5932420790195465 0
1680948416232 0.5159553103148937 0
1680948416267 0.43498553335666656 0
1680948416302 0.40191856026649475 0
1680948416337 0.40236812457442284 0
1680948416372 0.3952372297644615 0
1680948416409 0.3928045183420181 0
1680948416445 0.39313988387584686 0
1680948416481 0.39246805012226105 0
1680948416516 0.3922193609178066 0
1680948416551 0.39205555990338326 0
1680948416587 0.39184926077723503 0
1680948416622 0.39180387184023857 0
1680948416658 0.39162636548280716 0
1680948416693 0.3914172574877739 0
1680948416728 0.39131883159279823 0
