1729851328646 0.6925143226981163 0
1729851328693 0.6792524047195911 0
1729851328739 0.6574680805206299 0
1729851328792 0.6203136555850506 0
1729851328838 0.5649212710559368 0
1729851328941 0.5007174983620644 0
1729851328982 0.4489663802087307 0
1729851329021 0.4211179129779339 0
1729851329058 0.4081518277525902 0
1729851329095 0.4010315705090761 0
1729851329135 0.3970620818436146 0
1729851329173 0.39485202357172966 0
1729851329210 0.39360144920647144 0
1729851329247 0.3929241206496954 0
1729851329286 0.3924966808408499 0
1729851329324 0.3922345321625471 0
1729851329363 0.3920836467295885 0
1729851329401 0.3919225391000509 0
1729851329441 0.39179836586117744 0
1729851329480 0.3917018175125122 0
1729851329520 0.39160361140966415 0
1729851329560 0.3914962187409401 0
1729851329602 0.39139267429709435 0
1729851329651 0.3912984635680914 0
1729851329692 0.3911891356110573 0
1729851329731 0.39108631759881973 0
1729851329771 0.39096486382186413 0
1729851329810 0.39086522348225117 0
1729851329851 0.3907224219292402 0
1729851329895 0.39061665162444115 0
1729851329935 0.3904765285551548 0
1729851329974 0.3903530817478895 0
