1729851328656 0.8315377235412598 0
1729851328705 0.8178256750106812 0
1729851328751 0.8305583000183105 0
1729851328805 0.8285993933677673 0
1729851328848 0.8344759941101074 0
1729851328951 0.8256611227989197 0
1729851328992 0.8246816992759705 0
1729851329030 0.8295788168907166 0
1729851329067 0.8334965705871582 0
1729851329104 0.8295788168907166 0
1729851329144 0.8383937478065491 0
1729851329182 0.848188042640686 0
1729851329220 0.8648384213447571 0
1729851329257 0.8716944456100464 0
1729851329295 0.8863859176635742 0
1729851329334 0.9069539904594421 0
1729851329373 0.9304603338241577 0
1729851329411 0.9618021249771118 0
1729851329451 0.9706170558929443 0
1729851329490 0.9980411529541016 0
1729851329529 1.0176297426223755 0
1729851329569 1.0352596044540405 0
1729851329611 1.0352596044540405 0
1729851329661 1.083251714706421 0
1729851329702 1.0695396661758423 0
1729851329741 1.0656219720840454 0
1729851329780 1.079334020614624 0
1729851329820 1.1312438249588013 0
1729851329861 1.1390793323516846 0
1729851329905 1.13222336769104 0
1729851329945 1.1753183603286743 0
1729851329983 1.2037218809127808 0
