1688120038372 0.6906466960906983 0
1688120038411 0.6833596626917521 0
1688120038448 0.6689772685368855 0
1688120038486 0.6393568833669027 0
1688120038523 0.5848567128181458 0
1688120038561 0.5105146725972494 0
1688120038602 0.4459429581960042 0
1688120038644 0.4144827961921692 0
1688120038690 0.4041276633739471 0
1688120038746 0.39888224999109906 0
1688120038788 0.3958105762799581 0
1688120038827 0.3942077120145162 0
1688120038865 0.3933229148387909 0
1688120038909 0.3928149104118347 0
1688120038950 0.39244958758354187 0
1688120039002 0.39223007957140604 0
1688120039041 0.39206964572270714 0
1688120039082 0.3918977598349253 0
1688120039122 0.39179248015085855 0
1688120039159 0.39167065620422364 0
1688120039196 0.3915669143199921 0
1688120039232 0.3914583265781403 0
1688120039268 0.3913557549317678 0
1688120039305 0.3912164092063904 0
1688120039341 0.3910978714625041 0
1688120039377 0.3909924427668254 0
1688120039413 0.3908867339293162 0
1688120039449 0.3907375852266947 0
1688120039486 0.39059804677963256 0
1688120039522 0.39044506549835206 0
1688120039558 0.39031198620796204 0
1688120039594 0.3901916762193044 0
1688120039630 0.39001073837280276 0
1688120039666 0.3898632526397705 0
1688120039702 0.3896891276041667 0
1688120039738 0.3895477513472239 0
1688120039774 0.38939019838968914 0
1688120039811 0.3892056147257487 0
1688120039847 0.3890336573123932 0
1688120039883 0.3888502458731333 0
1688120039919 0.3886507968107859 0
1688120039955 0.38844854235649107 0
1688120039991 0.38827940821647644 0
1688120040035 0.38808728257815045 0
1688120040073 0.38790553212165835 0
1688120040109 0.38769970536231996 0
