1712312048837 0.6875678226351738 0
1712312048889 0.6469940170645714 0
1712312048958 0.5496888626366854 0
1712312049133 0.4407014846801758 0
1712312049213 0.40502367354929447 0
1712312049270 0.39465051516890526 0
1712312049326 0.39257258735597134 0
1712312049467 0.3919453490525484 0
1712312049518 0.39168601855635643 0
1712312049634 0.3913499992340803 0
1712312049818 0.391136197373271 0
1712312049869 0.39082284830510616 0
1712312049930 0.39049325697124004 0
1712312049986 0.3901133853942156 0
1712312050107 0.38975212909281254 0
1712312050261 0.3893379494547844 0
1712312050361 0.3889195527881384 0
1712312050411 0.38845513574779034 0
1712312050458 0.388002660125494 0
1712312050504 0.38738188333809376 0
