1712312048846 0.8150753974914551 0
1712312048898 0.8452261090278625 0
1712312048967 0.8311557769775391 0
1712312049143 0.8170854449272156 0
1712312049223 0.8482412099838257 0
1712312049279 0.8733668327331543 0
1712312049338 0.9286432266235352 0
1712312049476 0.979899525642395 0
1712312049527 1.0291457176208496 0
1712312049645 1.0743718147277832 0
1712312049827 1.105527639389038 0
1712312049879 1.1386934518814087 0
1712312049939 1.1949748992919922 0
1712312050002 1.2140703201293945 0
1712312050139 1.2763818502426147 0
1712312050314 1.2894471883773804 0
1712312050372 1.3849246501922607 0
1712312050419 1.4211055040359497 0
1712312050466 1.4783920049667358 0
1712312050512 1.5226130485534668 0
