1715336025372 0.6923931464552879 0
1715336025548 0.6837277710437775 0
1715336025709 0.6720530390739441 0
1715336025769 0.653228685259819 0
1715336025807 0.6235051825642586 0
1715336025844 0.580659344792366 0
1715336025880 0.526011761277914 0
1715336025918 0.4701077751815319 0
1715336025953 0.4283030070364475 0
1715336025988 0.4093681238591671 0
1715336026110 0.4027268923819065 0
1715336026153 0.39769435301423073 0
1715336026192 0.3942000940442085 0
1715336026231 0.39292461797595024 0
1715336026270 0.39246152341365814 0
1715336026309 0.3920907787978649 0
1715336026350 0.39192186295986176 0
1715336026453 0.39178065583109856 0
1715336026518 0.3916248008608818 0
1715336026557 0.3914978429675102 0
1715336026595 0.391386229544878 0
