1683281614618 0.6844556252161662 0
1683281614658 0.6548535307248433 0
1683281614698 0.5937251488367716 0
1683281614740 0.49968008200327557 0
1683281614782 0.42587618629137675 0
1683281614822 0.40345733761787417 0
1683281614865 0.39541646639506023 0
1683281614906 0.39287683566411336 0
1683281614946 0.39215775529543556 0
1683281614987 0.39184171160062153 0
1683281615026 0.3916334569454193 0
1683281615067 0.3914695938428243 0
1683281615108 0.39122713208198545 0
1683281615148 0.39101383487383523 0
1683281615189 0.3907599329948425 0
