1715940776409 0.6871109530329704 0
1715940776451 0.6672661826014519 0
1715940776491 0.6318709030747414 0
1715940776531 0.5694941356778145 0
1715940776571 0.48518792167305946 0
1715940776609 0.419387336820364 0
1715940776648 0.40416791290044785 0
1715940776688 0.40078799426555634 0
1715940776728 0.39384447410702705 0
1715940776768 0.3926273435354233 0
1715940776807 0.39238114655017853 0
1715940776846 0.3918680399656296 0
1715940776894 0.3917258605360985 0
1715940776934 0.391502745449543 0
1715940776976 0.3913268595933914 0
1715940777016 0.39121243357658386 0
1715940777056 0.391013503074646 0
1715940777096 0.39086154848337173 0
1715940777135 0.3906388580799103 0
