1717755229827 0.6806281544268131 0
1717755229882 0.6355686280876398 0
1717755229942 0.5165794966742396 0
1717755230006 0.4136854689568281 0
1717755230070 0.39605230279266834 0
1717755230125 0.39280581660568714 0
1717755230180 0.39230656530708075 0
1717755230235 0.3920145155861974 0
1717755230302 0.3917649704962969 0
1717755230363 0.39156854432076216 0
1717755230425 0.3913523815572262 0
1717755230483 0.3910905262455344 0
1717755230537 0.39086694456636906 0
1717755230591 0.39061623997986317 0
1717755230644 0.39033420756459236 0
