1681553225570 0.8503687977790833 0
1681553225596 0.8303477168083191 0
1681553225620 0.8345627188682556 0
1681553225645 0.8250790238380432 0
1681553225669 0.7976817488670349 0
1681553225694 0.7892518639564514 0
1681553225720 0.7766069769859314 0
1681553225744 0.8029505014419556 0
1681553225768 0.8082191944122314 0
1681553225792 0.8134878873825073 0
1681553225816 0.8208640813827515 0
1681553225840 0.8082191944122314 0
1681553225863 0.8345627188682556 0
1681553225888 0.8387776613235474 0
1681553225912 0.8324552178382874 0
1681553225936 0.8387776613235474 0
1681553225960 0.8314014673233032 0
1681553225985 0.8345627188682556 0
1681553226009 0.8335089683532715 0
1681553226033 0.8345627188682556 0
1681553226058 0.835616409778595 0
1681553226083 0.8440463542938232 0
1681553226107 0.8451001048088074 0
1681553226132 0.8440463542938232 0
1681553226157 0.8545837998390198 0
1681553226181 0.8598524928092957 0
1681553226206 0.8640674352645874 0
1681553226230 0.8767123222351074 0
1681553226254 0.8830347657203674 0
1681553226279 0.8946259021759033 0
1681553226303 0.8935721516609192 0
1681553226327 0.9072707891464233 0
1681553226352 0.906217098236084 0
1681553226377 0.9114857912063599 0
1681553226402 0.9020020961761475 0
1681553226427 0.9430980086326599 0
1681553226452 0.9483667016029358 0
1681553226476 0.950474202632904 0
1681553226500 0.9494204521179199 0
1681553226525 0.9683877825737 0
1681553226549 0.9567966461181641 0
