1692958394066 0.7991718649864197 0
1692958394122 0.804347813129425 0
1692958394172 0.7991718649864197 0
1692958394225 0.8333333134651184 0
1692958394272 0.850931704044342 0
1692958394324 0.8240165710449219 0
1692958394366 0.8157349824905396 0
1692958394408 0.8291925191879272 0
1692958394450 0.8229813575744629 0
1692958394492 0.8219461441040039 0
1692958394544 0.8209109902381897 0
1692958394595 0.8291925191879272 0
1692958394640 0.8198757767677307 0
1692958394723 0.8157349824905396 0
1692958394766 0.8250517845153809 0
1692958394832 0.8219461441040039 0
1692958394874 0.8333333134651184 0
1692958394951 0.8540372848510742 0
1692958395080 0.8664596080780029 0
1692958395173 0.8964803218841553 0
1692958395249 0.9026914834976196 0
1692958395323 0.8933747410774231 0
1692958395390 0.9213250279426575 0
1692958395456 0.9275362491607666 0
1692958395529 0.9378882050514221 0
1692958395608 0.95652174949646 0
1692958395682 0.9585921168327332 0
1692958395750 0.9430641531944275 0
1692958395876 0.9751552939414978 0
1692958396059 0.9844720363616943 0
1692958396132 1.0165631771087646 0
1692958396217 1.0258798599243164 0
1692958396298 1.0258798599243164 0
1692958396378 1.0362318754196167 0
1692958396455 1.064182162284851 0
1692958396538 1.0590062141418457 0
1692958396616 1.0621118545532227 0
1692958396705 1.0569357872009277 0
1692958396778 1.087991714477539 0
