1692958394059 0.6955513879656792 0
1692958394116 0.6896926201879978 0
1692958394165 0.6816815361380577 0
1692958394219 0.6684243977069855 0
1692958394267 0.6459371820092201 0
1692958394316 0.6127621047198772 0
1692958394360 0.5683974511921406 0
1692958394403 0.5181905627250671 0
1692958394445 0.47181834280490875 0
1692958394486 0.43677253648638725 0
1692958394538 0.41801238618791103 0
1692958394590 0.40787825360894203 0
1692958394634 0.402764517813921 0
1692958394715 0.39843403920531273 0
1692958394761 0.39633983746171 0
1692958394821 0.3947231452912092 0
1692958394869 0.394341791048646 0
1692958394937 0.3932714145630598 0
1692958395073 0.39332442358136177 0
1692958395164 0.39293006248772144 0
1692958395241 0.3922985941171646 0
1692958395317 0.39222654700279236 0
1692958395379 0.3920129854232073 0
1692958395451 0.392287015914917 0
1692958395521 0.39170454628765583 0
1692958395601 0.39173784106969833 0
1692958395672 0.3916918449103832 0
1692958395740 0.3917350973933935 0
1692958395871 0.3914874065667391 0
1692958396030 0.39166746847331524 0
1692958396126 0.3913457430899143 0
1692958396204 0.3911307491362095 0
1692958396292 0.3912189360707998 0
1692958396363 0.3915620967745781 0
1692958396449 0.3909708708524704 0
1692958396523 0.39104728400707245 0
1692958396611 0.39091707207262516 0
1692958396689 0.39094446413218975 0
1692958396771 0.39075667038559914 0
