1728641691069 0.7684003710746765 0
1728641691140 0.7644749879837036 0
1728641691191 0.7634935975074768 0
1728641691239 0.7674190402030945 0
1728641691287 0.7625122666358948 0
1728641691333 0.774288535118103 0
1728641691381 0.7988224029541016 0
1728641691430 0.7909715175628662 0
1728641691478 0.7860647439956665 0
1728641691525 0.792934238910675 0
1728641691571 0.7850834131240845 0
1728641691619 0.7860647439956665 0
1728641691666 0.7899901866912842 0
1728641691719 0.7899901866912842 0
1728641691765 0.7978410124778748 0
1728641691865 0.7998037338256836 0
1728641691969 0.7998037338256836 0
1728641692020 0.8125613331794739 0
1728641692108 0.8331697583198547 0
1728641692152 0.8557409048080444 0
1728641692196 0.8724239468574524 0
1728641692240 0.8910696506500244 0
1728641692284 0.9067713618278503 0
1728641692332 0.9136407971382141 0
1728641692376 0.9254170656204224 0
1728641692420 0.9332678914070129 0
1728641692465 0.9440628290176392 0
1728641692635 0.9450441598892212 0
1728641692721 0.9499509334564209 0
1728641692768 0.9548577070236206 0
1728641692832 0.9676153063774109 0
1728641692888 0.9725220799446106 0
1728641692965 0.98233562707901 0
1728641693066 0.983316957950592 0
1728641693111 1.0 0
1728641693156 1.0078508853912354 0
1728641693201 1.0078508853912354 0
1728641693247 1.013738989830017 0
1728641693294 1.013738989830017 0
1728641693339 1.0245338678359985 0
1728641693388 1.0382728576660156 0
1728641693438 1.0323846340179443 0
1728641693485 1.034347414970398 0
1728641693533 1.0323846340179443 0
1728641693579 1.0382728576660156 0
1728641693629 1.0569185018539429 0
1728641693678 1.0529931783676147 0
1728641693759 1.049067735671997 0
1728641693822 1.0421981811523438 0
