1688724877113 0.8291666507720947 0
1688724877194 0.793749988079071 0
1688724877252 0.8270833492279053 0
1688724877308 0.8104166388511658 0
1688724877363 0.8229166865348816 0
1688724877418 0.8531249761581421 0
1688724877473 0.8739583492279053 0
1688724877525 0.8927083611488342 0
1688724877578 0.9333333373069763 0
1688724877631 0.9468749761581421 0
1688724877683 0.9854166507720947 0
1688724877735 1.0229166746139526 0
1688724877787 1.0333333015441895 0
1688724877839 1.0458333492279053 0
1688724877890 1.0739582777023315 0
1688724877990 1.0802083015441895 0
1688724878047 1.1385416984558105 0
1688724878102 1.1583333015441895 0
1688724878158 1.193750023841858 0
1688724878215 1.2270833253860474 0
1688724878265 1.2552083730697632 0
1688724878317 1.3125 0
1688724878368 1.3447916507720947 0
1688724878420 1.3145833015441895 0
1688724878472 1.412500023841858 0
1688724878523 1.4249999523162842 0
1688724878575 1.475000023841858 0
