1688724877108 0.6845456123352051 0
1688724877189 0.6574161529541016 0
1688724877248 0.592343556880951 0
1688724877304 0.4798843165238698 0
1688724877359 0.40710777044296265 0
1688724877413 0.398243123292923 0
1688724877468 0.3935401697953542 0
1688724877521 0.39267040491104127 0
1688724877574 0.39225381016731264 0
1688724877626 0.39201472600301107 0
1688724877679 0.3918255209922791 0
1688724877730 0.3916454474131266 0
1688724877782 0.3914163370927175 0
1688724877834 0.3912306070327759 0
1688724877886 0.39101645946502683 0
1688724877985 0.39084397157033285 0
1688724878043 0.39059493541717527 0
1688724878097 0.3903630057970683 0
1688724878153 0.39009706576665243 0
1688724878211 0.3898255487283071 0
1688724878261 0.38957587083180745 0
1688724878312 0.38933643301328025 0
1688724878364 0.3889951487382253 0
1688724878416 0.3886722366015116 0
1688724878467 0.3883075217405955 0
1688724878519 0.3879927118619283 0
1688724878571 0.3876123607158661 0
