1707473658710 0.7753036618232727 0
1707473658755 0.8016194105148315 0
1707473658799 0.7854251265525818 0
1707473658848 0.7914980053901672 0
1707473658890 0.8006072640419006 0
1707473658933 0.8269230723381042 0
1707473658980 0.8815789222717285 0
1707473659025 0.897773265838623 0
1707473659070 0.9291498064994812 0
1707473659114 0.9433198571205139 0
1707473659228 0.953441321849823 0
1707473659273 0.9706477522850037 0
1707473659316 0.9686234593391418 0
1707473659360 0.97773277759552 0
1707473659403 0.9969635605812073 0
1707473659466 1.0202429294586182 0
1707473659557 1.0394736528396606 0
1707473659598 1.0303643941879272 0
1707473659640 1.0759109258651733 0
1707473659682 1.103238821029663 0
