1725617690360 0.8502463102340698 0
1725617690390 0.8492611050605774 0
1725617690418 0.8482758402824402 0
1725617690448 0.8413792848587036 0
1725617690477 0.8433497548103333 0
1725617690506 0.8492611050605774 0
1725617690536 0.8443349599838257 0
1725617690568 0.8453202247619629 0
1725617690599 0.8443349599838257 0
1725617690630 0.8492611050605774 0
1725617690662 0.8532019853591919 0
1725617690698 0.8413792848587036 0
1725617690728 0.8472906351089478 0
1725617690760 0.8364531993865967 0
1725617690810 0.8374384045600891 0
1725617690907 0.823645293712616 0
1725617690939 0.823645293712616 0
1725617690972 0.8334975242614746 0
1725617691003 0.8275862336158752 0
1725617691034 0.834482729434967 0
1725617691065 0.8246305584907532 0
1725617691097 0.8246305584907532 0
1725617691129 0.8394088745117188 0
1725617691160 0.8334975242614746 0
1725617691193 0.826600968837738 0
1725617691226 0.8334975242614746 0
1725617691256 0.8295566439628601 0
1725617691286 0.8206896781921387 0
1725617691317 0.8206896781921387 0
1725617691347 0.8206896781921387 0
1725617691378 0.8226600885391235 0
1725617691408 0.8197044134140015 0
1725617691439 0.8177340030670166 0
1725617691469 0.8167487978935242 0
1725617691499 0.815763533115387 0
1725617691529 0.8137931227684021 0
1725617691558 0.8128078579902649 0
1725617691587 0.8128078579902649 0
1725617691616 0.81083744764328 0
1725617691645 0.81083744764328 0
1725617691674 0.81083744764328 0
1725617691703 0.8128078579902649 0
1725617691733 0.8147783279418945 0
1725617691762 0.8128078579902649 0
1725617691791 0.8137931227684021 0
1725617691821 0.815763533115387 0
1725617691852 0.8167487978935242 0
1725617691883 0.8167487978935242 0
1725617691914 0.8177340030670166 0
1725617691947 0.818719208240509 0
1725617691979 0.818719208240509 0
1725617692011 0.8177340030670166 0
1725617692048 0.8177340030670166 0
1725617692120 0.8197044134140015 0
1725617692152 0.8177340030670166 0
1725617692184 0.8167487978935242 0
1725617692215 0.818719208240509 0
1725617692247 0.8167487978935242 0
1725617692278 0.8216748833656311 0
1725617692312 0.8226600885391235 0
1725617692347 0.8246305584907532 0
1725617692382 0.8216748833656311 0
1725617692422 0.8256157636642456 0
1725617692454 0.8246305584907532 0
1725617692487 0.8295566439628601 0
1725617692522 0.8325123190879822 0
1725617692554 0.8334975242614746 0
1725617692587 0.8403940796852112 0
1725617692620 0.8403940796852112 0
1725617692654 0.8423645496368408 0
1725617692688 0.8413792848587036 0
1725617692722 0.8472906351089478 0
1725617692756 0.8522167205810547 0
1725617692789 0.8541871905326843 0
1725617692824 0.8551723957061768 0
1725617692857 0.8492611050605774 0
1725617692890 0.8532019853591919 0
