1723803237828 0.6870918720960617 0
1723803237879 0.6826186031103134 0
1723803238022 0.6776305660605431 0
1723803238077 0.671699121594429 0
1723803238133 0.6642940565943718 0
1723803238182 0.6546982452273369 0
1723803238232 0.6420684903860092 0
1723803238282 0.6255057007074356 0
1723803238334 0.6041469424962997 0
1723803238381 0.577562727034092 0
1723803238500 0.5460053384304047 0
1723803238617 0.5112886726856232 0
1723803238673 0.47651369124650955 0
1723803238723 0.44570745900273323 0
1723803238769 0.42222561314702034 0
1723803238814 0.40733354538679123 0
1723803238861 0.39982662349939346 0
1723803238912 0.39671873301267624 0
1723803238958 0.3953847251832485 0
1723803239004 0.3945256844162941 0
1723803239052 0.39383669197559357 0
1723803239105 0.39331264048814774 0
1723803239266 0.3929149881005287 0
1723803239320 0.3926883302628994 0
1723803239376 0.3925297297537327 0
1723803239428 0.39240335673093796 0
1723803239605 0.3923049122095108 0
1723803239773 0.3922152444720268 0
1723803239828 0.3921617530286312 0
1723803239892 0.39209838956594467 0
1723803240080 0.39203017950057983 0
1723803240252 0.39197729527950287 0
1723803240315 0.3919323533773422 0
1723803240366 0.39188169687986374 0
1723803240414 0.39184093847870827 0
1723803240473 0.3917902261018753 0
