1696587204643 0.8106995820999146 0
1696587204687 0.8179012537002563 0
1696587204729 0.797325074672699 0
1696587204771 0.8343621492385864 0
1696587204812 0.8333333134651184 0
1696587204854 0.846707820892334 0
1696587204895 0.8353909254074097 0
1696587204936 0.8672839403152466 0
1696587204978 0.903292179107666 0
1696587205038 0.9197530746459961 0
1696587205078 0.9053497910499573 0
1696587205118 0.9650205969810486 0
1696587205159 0.9639917612075806 0
1696587205211 0.9845678806304932 0
1696587205268 0.9650205969810486 0
1696587205327 1.010288119316101 0
1696587205387 1.0123456716537476 0
1696587205493 1.0411522388458252 0
1696587205553 1.0709877014160156 0
1696587205621 1.0658435821533203 0
1696587205682 1.0895061492919922 0
1696587205747 1.096707820892334 0
1696587205808 1.1296296119689941 0
1696587205870 1.1491769552230835 0
1696587205935 1.176954746246338 0
1696587206018 1.1882716417312622 0
1696587206077 1.1862139701843262 0
