1695982369359 0.6909123212099075 0
1695982369393 0.6883798092603683 0
1695982369435 0.6858095526695251 0
1695982369566 0.6828552484512329 0
1695982369647 0.679622232913971 0
1695982369692 0.6757515668869019 0
1695982369726 0.6709232777357101 0
1695982369782 0.665039949119091 0
1695982369949 0.6575493887066841 0
1695982369995 0.6482378765940666 0
1695982370031 0.636789858341217 0
1695982370073 0.6230539157986641 0
1695982370109 0.6068556755781174 0
1695982370335 0.5884498655796051 0
1695982370459 0.567813828587532 0
1695982370516 0.5461058542132378 0
1695982370586 0.5235634222626686 0
1695982370655 0.5017577223479748 0
1695982370705 0.4810500703752041 0
1695982370749 0.4624048098921776 0
1695982370791 0.44656966999173164 0
1695982370857 0.43382690846920013 0
1695982370900 0.42374396324157715 0
1695982370934 0.41642701253294945 0
1695982370970 0.410899605602026 0
1695982371080 0.4070224240422249 0
1695982371113 0.4041130207479 0
1695982371146 0.40182366222143173 0
1695982371182 0.40021341666579247 0
1695982371217 0.3988126143813133 0
1695982371266 0.39771367609500885 0
1695982371335 0.3967463932931423 0
1695982371369 0.3961432911455631 0
1695982371439 0.39531485363841057 0
1695982371540 0.3949183151125908 0
1695982371642 0.3944694325327873 0
1695982371696 0.39406123012304306 0
1695982371747 0.39382558315992355 0
1695982371799 0.3934542164206505 0
1695982371882 0.3933335207402706 0
1695982371933 0.39303627237677574 0
1695982372028 0.39302459731698036 0
1695982372099 0.3928188979625702 0
1695982372131 0.39266781136393547 0
1695982372163 0.39257119223475456 0
1695982372195 0.39251697435975075 0
1695982372239 0.39244962111115456 0
1695982372357 0.39239485189318657 0
1695982372422 0.3923257812857628 0
1695982372486 0.3923068568110466 0
1695982372585 0.3922232836484909 0
1695982372620 0.3921681232750416 0
1695982372652 0.3920983597636223 0
1695982372684 0.39210329949855804 0
1695982372718 0.3920639082789421 0
1695982372751 0.39207546040415764 0
1695982372784 0.3919977508485317 0
1695982372817 0.39200688898563385 0
1695982372850 0.3919258452951908 0
1695982372882 0.39188849925994873 0
1695982372957 0.39190828427672386 0
1695982373037 0.391843743622303 0
1695982373132 0.39184071123600006 0
1695982373205 0.39178789779543877 0
1695982373343 0.3917866535484791 0
1695982373376 0.3917873986065388 0
1695982373411 0.39171038195490837 0
1695982373445 0.39171938225626945 0
1695982373477 0.3916890099644661 0
1695982373560 0.3916695788502693 0
1695982373603 0.3916241191327572 0
1695982373638 0.3916330225765705 0
