1683886366559 0.6832611486315727 0
1683886366587 0.6764348223805428 0
1683886366614 0.6671413332223892 0
1683886366642 0.6543732658028603 0
1683886366671 0.6371327266097069 0
1683886366700 0.6151990741491318 0
1683886366728 0.5887207612395287 0
1683886366758 0.5591151416301727 0
1683886366789 0.5274656042456627 0
1683886366818 0.49722984060645103 0
1683886366847 0.47104717046022415 0
1683886366877 0.45020342245697975 0
1683886366906 0.43503105267882347 0
1683886366934 0.4239105395972729 0
1683886366962 0.4167054407298565 0
1683886366991 0.41054417565464973 0
1683886367020 0.4059424586594105 0
1683886367049 0.4023742005228996 0
1683886367080 0.3997221440076828 0
1683886367189 0.39753900468349457 0
1683886367218 0.39608098939061165 0
1683886367247 0.39499538391828537 0
1683886367276 0.3941996209323406 0
1683886367305 0.3935738615691662 0
1683886367333 0.39312489330768585 0
1683886367362 0.3926290012896061 0
1683886367391 0.39238618686795235 0
1683886367419 0.3921634331345558 0
1683886367447 0.3919622600078583 0
1683886367475 0.3918563798069954 0
1683886367504 0.3916611969470978 0
1683886367532 0.39153874665498734 0
1683886367561 0.3914889208972454 0
1683886367589 0.39139121398329735 0
1683886367617 0.3912246972322464 0
1683886367646 0.3912424221634865 0
1683886367673 0.3911947049200535 0
1683886367701 0.3909933976829052 0
1683886367730 0.39097926393151283 0
1683886367759 0.39086464419960976 0
1683886367787 0.3907742239534855 0
1683886367815 0.3907824642956257 0
1683886367844 0.3905315585434437 0
1683886367872 0.3904757872223854 0
1683886367901 0.3903581164777279 0
1683886367930 0.39018862694501877 0
1683886367957 0.3901289254426956 0
1683886367986 0.3900029994547367 0
1683886368014 0.3898569718003273 0
1683886368043 0.38967469707131386 0
1683886368073 0.3895472288131714 0
