1683886356498 0.8268625140190125 0
1683886356557 0.7974816560745239 0
1683886356615 0.7964323163032532 0
1683886356672 0.8205666542053223 0
1683886356731 0.8384050130844116 0
1683886356792 0.860440731048584 0
1683886356853 0.9087093472480774 0
1683886356912 0.9832109212875366 0
1683886356969 1.0272822380065918 0
1683886357027 1.0556138753890991 0
1683886357091 1.0545644760131836 0
1683886357157 1.1175235509872437 0
1683886357222 1.1248688697814941 0
1683886357287 1.203567624092102 0
1683886357369 1.1867785453796387 0
1683886357433 1.1962224245071411 0
