1697191988970 0.8086419701576233 0
1697191989018 0.8281893134117126 0
1697191989059 0.8425925970077515 0
1697191989100 0.8312757015228271 0
1697191989144 0.8405349850654602 0
1697191989188 0.8179012537002563 0
1697191989231 0.8230452537536621 0
1697191989273 0.8775720000267029 0
1697191989318 0.9207819104194641 0
1697191989361 0.951646089553833 0
1697191989401 0.9969135522842407 0
1697191989440 0.9866254925727844 0
1697191989482 1.0339505672454834 0
1697191989524 1.0421810150146484 0
1697191989564 1.0740740299224854 0
1697191989633 1.1162551641464233 0
1697191989760 1.1378600597381592 0
1697191989800 1.183127522468567 0
1697191989840 1.1903291940689087 0
