1681553217280 0.6879845783114433 0
1681553217308 0.6828695833683014 0
1681553217336 0.6766841933131218 0
1681553217364 0.6684238538146019 0
1681553217391 0.6578916534781456 0
1681553217418 0.644464448094368 0
1681553217446 0.6277814134955406 0
1681553217475 0.6077808067202568 0
1681553217502 0.5852146223187447 0
1681553217529 0.5599500015377998 0
1681553217555 0.5339022502303123 0
1681553217581 0.5083649158477783 0
1681553217607 0.4836173579096794 0
1681553217633 0.46324586123228073 0
1681553217658 0.44622067362070084 0
1681553217684 0.43365298584103584 0
1681553217711 0.4243045076727867 0
1681553217737 0.41689280048012733 0
1681553217764 0.41125401109457016 0
1681553217790 0.4071408361196518 0
1681553217817 0.4037399962544441 0
1681553217843 0.40140558779239655 0
1681553217869 0.3993636704981327 0
1681553217897 0.39767472445964813 0
1681553217926 0.39645911380648613 0
1681553217954 0.39540499076247215 0
1681553217980 0.39434368908405304 0
1681553218007 0.3939462713897228 0
1681553218034 0.39327022433280945 0
1681553218061 0.39294103905558586 0
1681553218088 0.3928428553044796 0
1681553218115 0.3924168311059475 0
1681553218143 0.39225323870778084 0
1681553218170 0.3921697698533535 0
1681553218198 0.39195140078663826 0
1681553218225 0.3919622339308262 0
1681553218251 0.3917623199522495 0
1681553218278 0.3915659710764885 0
1681553218304 0.39157015830278397 0
1681553218329 0.39145491272211075 0
1681553218355 0.3915031999349594 0
1681553218382 0.39137914404273033 0
1681553218408 0.3913605101406574 0
1681553218434 0.3911748602986336 0
1681553218461 0.3911852054297924 0
1681553218487 0.39115743339061737 0
1681553218513 0.3910011164844036 0
1681553218540 0.39089612662792206 0
1681553218566 0.3909243047237396 0
1681553218591 0.3908318243920803 0
1681553218617 0.390854574739933 0
1681553218644 0.3907267637550831 0
1681553218672 0.3906993307173252 0
1681553218698 0.3906644731760025 0
1681553218724 0.3904493637382984 0
1681553218751 0.39043377712368965 0
1681553218776 0.39039697125554085 0
1681553218802 0.39033927395939827 0
1681553218828 0.39028143510222435 0
1681553218853 0.39018941670656204 0
1681553218878 0.3900345228612423 0
1681553218904 0.3899723142385483 0
