1681553217283 0.7892518639564514 0
1681553217311 0.8187565803527832 0
1681553217340 0.8103266358375549 0
1681553217367 0.8240252733230591 0
1681553217395 0.8113803863525391 0
1681553217422 0.7976817488670349 0
1681553217449 0.8155953884124756 0
1681553217478 0.8071654438972473 0
1681553217506 0.7997892498970032 0
1681553217532 0.792413055896759 0
1681553217558 0.7892518639564514 0
1681553217584 0.7881981134414673 0
1681553217610 0.7871443629264832 0
1681553217636 0.7850368618965149 0
1681553217662 0.786090612411499 0
1681553217687 0.7945205569267273 0
1681553217714 0.7934668064117432 0
1681553217740 0.7934668064117432 0
1681553217767 0.7881981134414673 0
1681553217794 0.786090612411499 0
1681553217820 0.7850368618965149 0
1681553217846 0.7881981134414673 0
1681553217872 0.7881981134414673 0
1681553217901 0.7903056144714355 0
1681553217929 0.7913593053817749 0
1681553217957 0.7955743074417114 0
1681553217984 0.7945205569267273 0
1681553218010 0.8061116933822632 0
1681553218038 0.8134878873825073 0
1681553218064 0.8187565803527832 0
1681553218091 0.8387776613235474 0
1681553218119 0.8767123222351074 0
1681553218146 0.9020020961761475 0
1681553218173 0.9209694266319275 0
1681553218201 0.9399367570877075 0
1681553218228 0.9462592005729675 0
1681553218255 0.9852476119995117 0
1681553218281 0.9820864200592041 0
1681553218307 0.9978924989700317 0
1681553218332 1.0115911960601807 0
1681553218358 1.0115911960601807 0
1681553218385 1.0273972749710083 0
1681553218411 1.0326659679412842 0
1681553218437 1.0410958528518677 0
1681553218464 1.0389883518218994 0
1681553218490 1.05057954788208 0
1681553218517 1.0547945499420166 0
1681553218543 1.055848240852356 0
1681553218569 1.0526870489120483 0
1681553218595 1.0600632429122925 0
1681553218620 1.081138014793396 0
1681553218647 1.0758693218231201 0
1681553218675 1.1001054048538208 0
1681553218702 1.102212905883789 0
1681553218728 1.107481598854065 0
1681553218754 1.111696481704712 0
1681553218779 1.1032665967941284 0
1681553218805 1.1232876777648926 0
1681553218831 1.1296100616455078 0
1681553218856 1.127502679824829 0
1681553218882 1.132771372795105 0
1681553218907 1.144362449645996 0
