1729246594112 0.7892156839370728 0
1729246594152 0.8058823347091675 0
1729246594189 0.7901960611343384 0
1729246594226 0.7921568751335144 0
1729246594265 0.8049019575119019 0
1729246594349 0.7990196347236633 0
1729246594389 0.8039215803146362 0
1729246594434 0.7990196347236633 0
1729246594474 0.8176470398902893 0
1729246594514 0.8470588326454163 0
1729246594554 0.9117646813392639 0
1729246594593 0.908823549747467 0
1729246594634 0.9686274528503418 0
1729246594673 0.9941176176071167 0
1729246594713 1.0235294103622437 0
1729246594780 1.0431373119354248 0
1729246594843 1.074509859085083 0
1729246594885 1.0990196466445923 0
1729246594924 1.127450942993164 0
1729246594961 1.1509803533554077 0
1729246594998 1.1833332777023315 0
1729246595035 1.2117646932601929 0
