1694772776770 0.8390092849731445 0
1694772776811 0.8452012538909912 0
1694772776851 0.8390092849731445 0
1694772776891 0.8255934119224548 0
1694772776930 0.8390092849731445 0
1694772776970 0.8369452953338623 0
1694772777011 0.833849310874939 0
1694772777051 0.8472652435302734 0
1694772777091 0.8555211424827576 0
1694772777134 0.8802889585494995 0
1694772777175 0.8998968005180359 0
1694772777216 0.9071207642555237 0
1694772777255 0.9339525103569031 0
1694772777295 0.9700722098350525 0
1694772777334 0.9731681942939758 0
1694772777375 0.9721361994743347 0
1694772777415 0.9814241528511047 0
1694772777454 0.9958720207214355 0
1694772777493 1.0134159326553345 0
1694772777532 1.0536636114120483 0
1694772777572 1.06398344039917 0
1694772777615 1.08255934715271 0
1694772777655 1.1021671295166016 0
1694772777696 1.1259030103683472 0
