1702635418835 0.690804086625576 0
1702635418949 0.6817460581660271 0
1702635419148 0.6689124405384064 0
1702635419305 0.6486489921808243 0
1702635419450 0.6158751845359802 0
1702635419816 0.566692903637886 0
1702635420065 0.5036170370876789 0
1702635420225 0.4439477138221264 0
1702635420335 0.410191111266613 0
1702635420539 0.40233156085014343 0
1702635420678 0.39960797503590584 0
1702635420878 0.39528144896030426 0
1702635421198 0.3933389224112034 0
1702635421343 0.3928452953696251 0
1702635421581 0.39253007248044014 0
1702635421693 0.39226505532860756 0
1702635421832 0.3921976648271084 0
1702635421980 0.3920956067740917 0
