1685096050774 0.6888707429170609 0
1685096050817 0.6693581566214561 0
1685096050858 0.6307191848754883 0
1685096050898 0.5560125410556793 0
1685096050938 0.45519808679819107 0
1685096051093 0.4038882404565811 0
1685096051133 0.405237790197134 0
1685096051178 0.3951338641345501 0
1685096051229 0.3932402767241001 0
1685096051265 0.3931417055428028 0
1685096051303 0.39218002930283546 0
1685096051341 0.39216891676187515 0
1685096051379 0.39177485927939415 0
1685096051416 0.39167214930057526 0
1685096051455 0.39142632111907005 0
1685096051495 0.3912007622420788 0
1685096051539 0.39105237275362015 0
1685096051613 0.3909125328063965 0
1685096051653 0.39068854972720146 0
1685096051693 0.3904804661870003 0
1685096051733 0.3903423137962818 0
1685096051772 0.3900889568030834 0
1685096051811 0.38974735885858536 0
1685096051853 0.3895484134554863 0
1685096051892 0.3892351984977722 0
1685096051930 0.3889634758234024 0
