1729851338620 0.8158667683601379 0
1729851338664 0.8139079213142395 0
1729851338706 0.8001958727836609 0
1729851338749 0.8090107440948486 0
1729851338792 0.806072473526001 0
1729851338834 0.8521057963371277 0
1729851338878 0.9314397573471069 0
1729851338920 0.9441723823547363 0
1729851338962 0.9657198786735535 0
1729851339003 0.9872673749923706 0
1729851339046 0.9951028227806091 0
1729851339088 1.042115569114685 0
1729851339179 1.0695396661758423 0
1729851339226 1.0666013956069946 0
1729851339271 1.0705190896987915 0
1729851339317 1.1390793323516846 0
1729851339364 1.171400547027588 0
1729851339412 1.15670907497406 0
1729851339459 1.2321254014968872 0
1729851339508 1.2272281646728516 0
1729851339567 1.2605289220809937 0
1729851339688 1.2859941720962524 0
1729851339742 1.3418217897415161 0
1729851339793 1.350636601448059 0
1729851339837 1.4064642190933228 0
1729851339882 1.4240940809249878 0
1729851339925 1.4387855529785156 0
