1697796766787 0.6790135987102985 0
1697796766847 0.6617211028933525 0
1697796766881 0.6254589930176735 0
1697796766914 0.5509066879749298 0
1697796766946 0.4509870018810034 0
1697796767119 0.40172194316983223 0
1697796767210 0.39639325626194477 0
1697796767242 0.39370812103152275 0
1697796767275 0.39299206994473934 0
1697796767306 0.39271093159914017 0
1697796767341 0.39247513748705387 0
1697796767376 0.39224302768707275 0
1697796767413 0.3921435959637165 0
1697796767446 0.3921845369040966 0
1697796767488 0.39212545938789845 0
1697796767540 0.39208139665424824 0
1697796767667 0.39164520241320133 0
1697796767719 0.3917921017855406 0
1697796767752 0.39149597845971584 0
1697796767785 0.3914342988282442 0
1697796767817 0.3912413436919451 0
1697796767850 0.3910512886941433 0
1697796767881 0.39111333154141903 0
