1702030309196 0.8540816307067871 0
1702030309227 0.8469387888908386 0
1702030309263 0.8510203957557678 0
1702030309297 0.8224489688873291 0
1702030309329 0.8214285969734192 0
1702030309360 0.8153061270713806 0
1702030309394 0.8173469305038452 0
1702030309427 0.8285714387893677 0
1702030309457 0.827551007270813 0
1702030309486 0.8204081654548645 0
1702030309515 0.8265306353569031 0
1702030309544 0.8183673620223999 0
1702030309574 0.8295918107032776 0
1702030309602 0.8285714387893677 0
1702030309633 0.831632673740387 0
1702030309663 0.8153061270713806 0
1702030309693 0.8377550840377808 0
1702030309724 0.8469387888908386 0
1702030309756 0.859183669090271 0
1702030309786 0.8642857074737549 0
1702030309815 0.9132652878761292 0
1702030309845 0.922448992729187 0
1702030309874 0.9551020264625549 0
1702030309907 0.9642857313156128 0
1702030309954 0.9734693765640259 0
1702030309988 0.9846938848495483 0
1702030310020 0.9959183931350708 0
1702030310080 1.017346978187561 0
