1702030309190 0.683977521955967 0
1702030309221 0.6780855283141136 0
1702030309256 0.6706361174583435 0
1702030309290 0.6599918305873871 0
1702030309322 0.6445688977837563 0
1702030309354 0.6227127015590668 0
1702030309388 0.5928979814052582 0
1702030309421 0.5560616850852966 0
1702030309451 0.5143027752637863 0
1702030309481 0.4733862616121769 0
1702030309509 0.43985262140631676 0
1702030309539 0.41806598007678986 0
1702030309568 0.4073624536395073 0
1702030309597 0.4021196737885475 0
1702030309626 0.39881883934140205 0
1702030309657 0.39601149037480354 0
1702030309687 0.394328024238348 0
1702030309718 0.39347274601459503 0
1702030309750 0.39284732192754745 0
1702030309780 0.3924524076282978 0
1702030309809 0.3921837881207466 0
1702030309839 0.3920065686106682 0
1702030309869 0.39189888164401054 0
1702030309900 0.39178935810923576 0
1702030309946 0.39169783145189285 0
1702030309982 0.3916195221245289 0
1702030310014 0.39150385186076164 0
1702030310048 0.39144719764590263 0
