1717755222552 0.6760828495025635 0
1717755222598 0.6154600605368614 0
1717755222641 0.4797755591571331 0
1717755222685 0.4014138262718916 0
1717755222729 0.3947816826403141 0
1717755222775 0.39308678545057774 0
1717755222819 0.3923946600407362 0
1717755222862 0.39220748469233513 0
1717755222905 0.39190705865621567 0
1717755222947 0.3916871529072523 0
1717755223039 0.39143845066428185 0
1717755223211 0.39117862470448017 0
1717755223256 0.39087650179862976 0
1717755223300 0.39064631424844265 0
1717755223343 0.3903610687702894 0
1717755223387 0.39006368443369865 0
1717755223431 0.38966910168528557 0
