1717755222560 0.8125622868537903 0
1717755222606 0.8055832386016846 0
1717755222648 0.8025922179222107 0
1717755222693 0.8155533671379089 0
1717755222738 0.8923230171203613 0
1717755222783 0.8923230171203613 0
1717755222827 0.9541375637054443 0
1717755222870 0.9740777611732483 0
1717755222913 1.0089731216430664 0
1717755222957 0.9950149655342102 0
1717755223171 1.0608175992965698 0
1717755223219 1.082751750946045 0
1717755223264 1.1435693502426147 0
1717755223308 1.1625124216079712 0
1717755223351 1.2263209819793701 0
1717755223395 1.2333000898361206 0
1717755223439 1.2532402276992798 0
