1705659144680 0.6753603181531352 0
1705659144725 0.5728440928843713 0
1705659144771 0.4137889617873776 0
1705659144816 0.39468207090131696 0
1705659144862 0.3928552193026389 0
1705659144907 0.3924771047407581 0
1705659144955 0.39228655061414164 0
1705659145000 0.39203490749482184 0
1705659145045 0.3918981888601857 0
1705659145093 0.39151189308012685 0
1705659145141 0.39126351667988685 0
1705659145186 0.39100083612626596 0
1705659145231 0.3907747037949101 0
1705659145276 0.390503341151822 0
1705659145327 0.3902455154926546 0
1705659145373 0.38981912789806245 0
1705659145418 0.38943943092899935 0
1705659145464 0.38907022533878205 0
1705659145510 0.38866784687965145 0
1705659145555 0.3882331636644179 0
