1705659144685 0.796954333782196 0
1705659144731 0.8131979703903198 0
1705659144776 0.8263959288597107 0
1705659144822 0.8700507879257202 0
1705659144867 0.9065989851951599 0
1705659144913 0.9329949021339417 0
1705659144960 0.9543147087097168 0
1705659145005 0.9949238300323486 0
1705659145050 0.9837563633918762 0
1705659145099 1.0365482568740845 0
1705659145146 1.0730963945388794 0
1705659145192 1.0873095989227295 0
1705659145236 1.1258883476257324 0
1705659145282 1.15837562084198 0
1705659145333 1.1482234001159668 0
1705659145378 1.196954369544983 0
1705659145424 1.2913705110549927 0
1705659145469 1.2426395416259766 0
1705659145515 1.3228425979614258 0
1705659145561 1.3675127029418945 0
