1682072107599 0.7016123309731483 0
1682072107627 0.7003005519509315 0
1682072107653 0.6989199742674828 0
1682072107678 0.6976826041936874 0
1682072107704 0.6963546350598335 0
1682072107728 0.6949677988886833 0
1682072107754 0.6935765668749809 0
1682072107780 0.6917559877038002 0
1682072107805 0.6899443790316582 0
1682072107831 0.6881126463413239 0
1682072107857 0.6859404370188713 0
1682072107882 0.6832350566983223 0
1682072107908 0.6803872808814049 0
1682072107933 0.6772311329841614 0
1682072107958 0.6733146756887436 0
1682072107984 0.6693752557039261 0
1682072108010 0.6645498871803284 0
1682072108036 0.6593003049492836 0
1682072108065 0.6534743532538414 0
1682072108184 0.6470697447657585 0
1682072108209 0.6397044956684113 0
1682072108235 0.6319302916526794 0
1682072108262 0.6235506758093834 0
1682072108288 0.61392842233181 0
1682072108314 0.6035792157053947 0
1682072108339 0.592270590364933 0
1682072108445 0.580650769174099 0
1682072108471 0.5682142004370689 0
1682072108497 0.5548105910420418 0
1682072108523 0.5412785708904266 0
1682072108574 0.5283826440572739 0
1682072108600 0.5155700817704201 0
1682072108626 0.5022627711296082 0
1682072108652 0.4896499738097191 0
1682072108678 0.4780183508992195 0
1682072108704 0.46717357262969017 0
1682072108731 0.4575192481279373 0
1682072108759 0.44927505031228065 0
1682072108799 0.4412406012415886 0
1682072108833 0.434137437492609 0
1682072108863 0.42790819704532623 0
1682072108899 0.4234226159751415 0
1682072108925 0.4190783016383648 0
1682072108950 0.4156779460608959 0
1682072108975 0.4122936353087425 0
1682072109001 0.410038985311985 0
1682072109027 0.407949335873127 0
1682072109052 0.40617016330361366 0
1682072109077 0.4048204906284809 0
1682072109102 0.4031432308256626 0
1682072109127 0.4020772837102413 0
1682072109153 0.4011286422610283 0
1682072109178 0.4002089872956276 0
1682072109203 0.3993757739663124 0
1682072109229 0.398583609610796 0
1682072109253 0.39796246588230133 0
1682072109278 0.39727164059877396 0
1682072109304 0.39695627987384796 0
1682072109329 0.39637522399425507 0
1682072109355 0.39617324993014336 0
1682072109380 0.39591916650533676 0
1682072109406 0.3954142853617668 0
1682072109431 0.3950568363070488 0
1682072109456 0.39468444138765335 0
1682072109481 0.394629530608654 0
1682072109506 0.39438383281230927 0
1682072109531 0.39432016387581825 0
1682072109557 0.39404338225722313 0
1682072109583 0.3938565328717232 0
1682072109609 0.39373481273651123 0
1682072109634 0.3935820534825325 0
1682072109659 0.3933335617184639 0
1682072109685 0.393457368016243 0
1682072109710 0.3930940292775631 0
1682072109735 0.3931625857949257 0
1682072109760 0.39298803731799126 0
1682072109785 0.3929211236536503 0
