1682072107603 0.8189473748207092 0
1682072107631 0.8305262923240662 0
1682072107656 0.827368438243866 0
1682072107682 0.8199999928474426 0
1682072107707 0.8136842250823975 0
1682072107732 0.8199999928474426 0
1682072107758 0.8126316070556641 0
1682072107783 0.800000011920929 0
1682072107808 0.8084210753440857 0
1682072107834 0.8136842250823975 0
1682072107860 0.8136842250823975 0
1682072107886 0.821052610874176 0
1682072107912 0.8199999928474426 0
1682072107937 0.8199999928474426 0
1682072107962 0.8326315879821777 0
1682072107988 0.8294736742973328 0
1682072108014 0.8368421196937561 0
1682072108039 0.8368421196937561 0
1682072108069 0.8421052694320679 0
1682072108187 0.8442105054855347 0
1682072108213 0.8336842060089111 0
1682072108239 0.8221052885055542 0
1682072108265 0.8178947567939758 0
1682072108292 0.8126316070556641 0
1682072108317 0.8178947567939758 0
1682072108345 0.8084210753440857 0
1682072108449 0.8010526299476624 0
1682072108475 0.8084210753440857 0
1682072108501 0.8052631616592407 0
1682072108530 0.8221052885055542 0
1682072108577 0.8221052885055542 0
1682072108603 0.8168420791625977 0
1682072108629 0.8168420791625977 0
1682072108656 0.8326315879821777 0
1682072108681 0.8357895016670227 0
1682072108707 0.8357895016670227 0
1682072108734 0.8368421196937561 0
1682072108763 0.8421052694320679 0
1682072108806 0.8357895016670227 0
1682072108838 0.8336842060089111 0
1682072108867 0.8294736742973328 0
1682072108902 0.8284210562705994 0
1682072108928 0.8315789699554443 0
1682072108953 0.827368438243866 0
1682072108979 0.8305262923240662 0
1682072109005 0.824210524559021 0
1682072109031 0.8263157606124878 0
1682072109056 0.8284210562705994 0
1682072109081 0.8305262923240662 0
1682072109106 0.8252631425857544 0
1682072109131 0.8305262923240662 0
1682072109156 0.827368438243866 0
1682072109182 0.8294736742973328 0
1682072109207 0.8336842060089111 0
1682072109232 0.8368421196937561 0
1682072109256 0.8305262923240662 0
1682072109282 0.821052610874176 0
1682072109308 0.8252631425857544 0
1682072109333 0.8336842060089111 0
1682072109358 0.8357895016670227 0
1682072109384 0.8442105054855347 0
1682072109409 0.8368421196937561 0
1682072109435 0.8305262923240662 0
1682072109460 0.8336842060089111 0
1682072109485 0.8336842060089111 0
1682072109510 0.8347368240356445 0
1682072109535 0.8421052694320679 0
1682072109561 0.8442105054855347 0
1682072109587 0.8452631831169128 0
1682072109612 0.8494736552238464 0
1682072109637 0.8505263328552246 0
1682072109662 0.8494736552238464 0
1682072109688 0.8494736552238464 0
1682072109714 0.8568421006202698 0
1682072109738 0.8578947186470032 0
1682072109763 0.8673684000968933 0
1682072109788 0.8631578683853149 0
