1689329652530 0.807492196559906 0
1689329652576 0.8459937572479248 0
1689329652620 0.8491154909133911 0
1689329652666 0.8210197687149048 0
1689329652709 0.7877210974693298 0
1689329652752 0.8116545081138611 0
1689329652795 0.8231009244918823 0
1689329652840 0.8314256072044373 0
1689329652883 0.8553590178489685 0
1689329652926 0.8855358958244324 0
1689329652970 0.9032257795333862 0
1689329653013 0.9209157228469849 0
1689329653056 0.9614984393119812 0
1689329653098 0.9583767056465149 0
1689329653141 0.95005202293396 0
1689329653186 0.9583767056465149 0
1689329653230 1.0031217336654663 0
1689329653273 0.9656607508659363 0
