1689329652525 0.6961599215865135 0
1689329652571 0.6758384183049202 0
1689329652615 0.6348844766616821 0
1689329652661 0.5617456324398518 0
1689329652704 0.4756975993514061 0
1689329652747 0.4187457896769047 0
1689329652790 0.40464222617447376 0
1689329652835 0.3968085367232561 0
1689329652878 0.393817076459527 0
1689329652922 0.3930655214935541 0
1689329652965 0.39184522442519665 0
1689329653008 0.3922657482326031 0
1689329653051 0.39213554933667183 0
1689329653093 0.39160975627601147 0
1689329653136 0.3912487421184778 0
1689329653181 0.3919988349080086 0
1689329653225 0.3901303168386221 0
1689329653268 0.39120365492999554 0
