1697192001841 0.688485037535429 0
1697192001873 0.6819729320704937 0
1697192001901 0.6723671369254589 0
1697192001942 0.6566230617463589 0
1697192001977 0.6325911022722721 0
1697192002018 0.5972015410661697 0
1697192002046 0.5529181659221649 0
1697192002077 0.5057096891105175 0
1697192002105 0.46459370478987694 0
1697192002133 0.4357750955969095 0
1697192002161 0.4196518063545227 0
1697192002188 0.40968859381973743 0
1697192002216 0.4046557042747736 0
1697192002244 0.4007627721875906 0
1697192002272 0.3980719018727541 0
1697192002300 0.3961882349103689 0
1697192002332 0.39514321461319923 0
1697192002362 0.3942517973482609 0
1697192002391 0.39376656152307987 0
1697192002420 0.39322843588888645 0
1697192002448 0.39300739392638206 0
1697192002477 0.39260181598365307 0
1697192002505 0.3925115969032049 0
1697192002537 0.39222943782806396 0
1697192002570 0.39216677099466324 0
1697192002600 0.39208737201988697 0
1697192002632 0.39190520718693733 0
1697192002662 0.39199876971542835 0
1697192002693 0.39189730770885944 0
1697192002728 0.39185260981321335 0
1697192002758 0.3916497379541397 0
1697192002794 0.3916085660457611 0
1697192002825 0.39157887175679207 0
1697192002857 0.3913660366088152 0
1697192002891 0.39135382510721684 0
1697192002922 0.39121339842677116 0
1697192002951 0.39114814810454845 0
1697192002977 0.39115726947784424 0
1697192003004 0.3910666052252054 0
