1697192001846 0.7746913433074951 0
1697192001878 0.7736625671386719 0
1697192001907 0.7479423880577087 0
1697192001947 0.7458847761154175 0
1697192001984 0.7602880597114563 0
1697192002022 0.7716049551963806 0
1697192002051 0.7839506268501282 0
1697192002082 0.8168724179267883 0
1697192002110 0.8312757015228271 0
1697192002137 0.8312757015228271 0
1697192002166 0.838477373123169 0
1697192002193 0.8374485373497009 0
1697192002221 0.8395061492919922 0
1697192002249 0.8364197611808777 0
1697192002276 0.8518518805503845 0
1697192002304 0.854938268661499 0
1697192002337 0.855967104434967 0
1697192002367 0.8621399402618408 0
1697192002396 0.8816872239112854 0
1697192002425 0.8930041193962097 0
1697192002453 0.9135802388191223 0
1697192002482 0.9310699701309204 0
1697192002510 0.9290123581886292 0
1697192002542 0.9320987462997437 0
1697192002577 0.9423868060112 0
1697192002605 0.9413580298423767 0
1697192002637 0.9485596418380737 0
1697192002666 0.9639917612075806 0
1697192002699 0.9814814925193787 0
1697192002733 0.9753086566925049 0
1697192002763 1.0308642387390137 0
1697192002799 1.0041152238845825 0
1697192002830 1.0267490148544312 0
1697192002862 1.0257201194763184 0
1697192002896 1.0524691343307495 0
1697192002927 1.0493826866149902 0
1697192002955 1.0637860298156738 0
1697192002982 1.056584358215332 0
1697192003009 1.0390946865081787 0
