1700820839326 0.7934560179710388 0
1700820839372 0.7903885245323181 0
1700820839487 0.7781186103820801 0
1700820839547 0.7955009937286377 0
1700820839599 0.7944785356521606 0
1700820839754 0.7975460290908813 0
1700820839832 0.7975460290908813 0
1700820839877 0.7975460290908813 0
1700820839921 0.7975460290908813 0
1700820839967 0.7975460290908813 0
1700820840035 0.7975460290908813 0
1700820840098 0.7975460290908813 0
1700820840154 0.7975460290908813 0
1700820840198 0.7975460290908813 0
1700820840243 0.7985684871673584 0
1700820840289 0.7955009937286377 0
1700820840333 0.7944785356521606 0
1700820840438 0.8077709674835205 0
1700820840495 0.8118609189987183 0
1700820840546 0.8210633993148804 0
1700820840596 0.8333333134651184 0
1700820840649 0.8404908180236816 0
1700820840702 0.8752556443214417 0
1700820840995 0.884458065032959 0
1700820841055 0.8926380276679993 0
1700820841249 0.906952977180481 0
1700820841306 0.9263803958892822 0
1700820841364 0.9458077549934387 0
1700820841430 0.9498977661132812 0
1700820841485 0.9458077549934387 0
1700820841636 0.9509202241897583 0
