1700820839320 0.69824626176588 0
1700820839367 0.6916120013883037 0
1700820839482 0.6828690959561255 0
1700820839541 0.669438942786186 0
1700820839593 0.6487050652503967 0
1700820839746 0.6183386329681643 0
1700820839827 0.5794998003590491 0
1700820839871 0.5366715346613238 0
1700820839915 0.4963365014522306 0
1700820839961 0.4640840272749624 0
1700820840027 0.44140241415269915 0
1700820840092 0.4262885239816481 0
1700820840148 0.4163524893022353 0
1700820840192 0.40966748806738085 0
1700820840237 0.4050101887795233 0
1700820840283 0.40151691821313673 0
1700820840328 0.3990635083567712 0
1700820840430 0.39723254115350787 0
1700820840487 0.39607674940939874 0
1700820840537 0.3950169346024913 0
1700820840591 0.39427939441896254 0
1700820840642 0.39375441593508564 0
1700820840696 0.39329795106764764 0
1700820840988 0.39300274464391893 0
1700820841048 0.3927135381006425 0
1700820841243 0.3925305787594088 0
1700820841301 0.39236446061441976 0
1700820841356 0.39222577406514075 0
1700820841421 0.39210513618684584 0
1700820841479 0.3920250919557387 0
1700820841627 0.39191728157381855 0
