1693563392415 0.8066183924674988 0
1693563392689 0.8024818897247314 0
1693563392966 0.8024818897247314 0
1693563393159 0.8004136681556702 0
1693563393435 0.8190279006958008 0
1693563393709 0.8221303224563599 0
1693563393982 0.8273009061813354 0
1693563394258 0.8283350467681885 0
1693563394577 0.8397104740142822 0
1693563394852 0.8355739116668701 0
1693563395129 0.8231644034385681 0
1693563395407 0.8179938197135925 0
1693563395560 0.8148913979530334 0
1693563395837 0.8210961818695068 0
1693563396113 0.8241985440254211 0
1693563396430 0.8169596791267395 0
1693563396704 0.8210961818695068 0
1693563396984 0.8231644034385681 0
1693563397258 0.8293691873550415 0
1693563397535 0.8304033279418945 0
1693563397771 0.8231644034385681 0
1693563398049 0.8190279006958008 0
1693563398330 0.8200620412826538 0
1693563398632 0.8407445549964905 0
1693563398679 0.8469493389129639 0
1693563398836 0.8386763334274292 0
1693563399076 0.8376421928405762 0
1693563399277 0.8397104740142822 0
1693563399348 0.8417786955833435 0
1693563399662 0.8376421928405762 0
1693563399888 0.8397104740142822 0
1693563400045 0.8438469767570496 0
1693563400234 0.8479834794998169 0
1693563400510 0.8386763334274292 0
1693563400705 0.8469493389129639 0
1693563401021 0.8541882038116455 0
1693563401279 0.8572905659675598 0
1693563401553 0.8531540632247925 0
1693563401856 0.8510858416557312 0
1693563402130 0.8521199822425842 0
1693563402316 0.8521199822425842 0
1693563402434 0.8552223443984985 0
1693563402709 0.8541882038116455 0
1693563402984 0.8562564849853516 0
1693563403257 0.8541882038116455 0
1693563403517 0.8552223443984985 0
1693563403668 0.8541882038116455 0
1693563403857 0.8541882038116455 0
1693563404132 0.8593588471412659 0
1693563404545 0.8665977120399475 0
1693563404820 0.8665977120399475 0
1693563404889 0.8634953498840332 0
1693563405163 0.8541882038116455 0
1693563405438 0.8593588471412659 0
1693563405711 0.8655635714530945 0
1693563405984 0.8603929877281189 0
1693563406265 0.8593588471412659 0
1693563406538 0.8562564849853516 0
1693563406688 0.8583247065544128 0
1693563406840 0.8572905659675598 0
1693563407155 0.8531540632247925 0
1693563407429 0.8572905659675598 0
1693563407701 0.8552223443984985 0
1693563407900 0.8552223443984985 0
1693563408176 0.8562564849853516 0
1693563408450 0.8541882038116455 0
1693563408764 0.8531540632247925 0
1693563409132 0.8603929877281189 0
1693563409405 0.8655635714530945 0
1693563409574 0.8593588471412659 0
1693563409644 0.8655635714530945 0
1693563409917 0.8603929877281189 0
1693563410194 0.8603929877281189 0
1693563410468 0.8738366365432739 0
1693563410743 0.8697000741958618 0
1693563411019 0.8738366365432739 0
1693563411296 0.8769389986991882 0
