1692353715571 0.7772020697593689 0
1692353715610 0.795854926109314 0
1692353715668 0.776165783405304 0
1692353715709 0.7937824130058289 0
1692353715793 0.783419668674469 0
1692353715832 0.7813471555709839 0
1692353715901 0.780310869216919 0
1692353715959 0.790673553943634 0
1692353715999 0.783419668674469 0
1692353716041 0.7927461266517639 0
1692353716078 0.7979274392127991 0
1692353716117 0.7979274392127991 0
1692353716155 0.804145097732544 0
1692353716193 0.800000011920929 0
1692353716233 0.7968912124633789 0
1692353716286 0.7937824130058289 0
1692353716334 0.806217610836029 0
1692353716381 0.8051813244819641 0
1692353716701 0.8134714961051941 0
1692353716787 0.814507782459259 0
1692353716848 0.8238341808319092 0
1692353716901 0.8435233235359192 0
1692353717055 0.8549222946166992 0
1692353717109 0.8487046360969543 0
1692353717199 0.8673574924468994 0
1692353717273 0.8787564635276794 0
1692353717339 0.8829015493392944 0
1692353717402 0.9015544056892395 0
1692353717483 0.9077720046043396 0
1692353717627 0.9316062331199646 0
1692353717722 0.9233160614967346 0
1692353717870 0.9170984625816345 0
1692353717955 0.9378238320350647 0
1692353717992 0.9471502304077148 0
