1700820847566 0.664474606513977 0
1700820847621 0.4786375155372004 0
1700820847675 0.39765614655710035 0
1700820847728 0.3927810384381202 0
1700820847782 0.3922295310804921 0
1700820847837 0.39195907404345853 0
1700820847892 0.39156598814072147 0
1700820847967 0.39120428889028486 0
1700820848042 0.3907846510410309 0
1700820848121 0.3902859312872733 0
1700820848306 0.3896067805828587 0
1700820848491 0.3889755375923649 0
1700820848722 0.3882538243647545 0
1700820848796 0.3872561598977735 0
1700820848860 0.3862342267267166 0
1700820849063 0.38511337868628964 0
