1700820847572 0.814928412437439 0
1700820847626 0.8251533508300781 0
1700820847681 0.9059304594993591 0
1700820847734 0.9386503100395203 0
1700820847788 0.9989774823188782 0
1700820847843 1.0408997535705566 0
1700820847898 1.092024564743042 0
1700820847974 1.1216769218444824 0
1700820848049 1.1523517370224 0
1700820848128 1.2484662532806396 0
1700820848311 1.2586911916732788 0
1700820848500 1.3711656332015991 0
1700820848731 1.4182003736495972 0
1700820848803 1.547034740447998 0
1700820849001 1.5807770490646362 0
1700820849071 1.6175869703292847 0
