1721384012618 0.6825916990637779 0
1721384012675 0.6527310498058796 0
1721384012730 0.5832035094499588 0
1721384012779 0.4688578564673662 0
1721384012828 0.402529276907444 0
1721384012879 0.3962614331394434 0
1721384012930 0.39297012984752655 0
1721384012983 0.3924927841871977 0
1721384013140 0.3922100458294153 0
1721384013194 0.3920243624597788 0
1721384013270 0.3918942343443632 0
1721384013375 0.39173815958201885 0
1721384013432 0.391571206972003 0
1721384013488 0.3913961499929428 0
1721384013543 0.3912223279476166 0
1721384013598 0.3910390343517065 0
1721384013658 0.3908170498907566 0
1721384013726 0.39061250537633896 0
1721384013781 0.3904426395893097 0
1721384013842 0.3901865091174841 0
