1724408108066 0.6842028945684433 0
1724408108129 0.6757072061300278 0
1724408108184 0.6645179092884064 0
1724408108245 0.6476781666278839 0
1724408108349 0.6213620603084564 0
1724408108416 0.5817739889025688 0
1724408108461 0.5283605232834816 0
1724408108509 0.4694494344294071 0
1724408108554 0.422916729003191 0
1724408108649 0.402497585862875 0
1724408108736 0.3988886848092079 0
1724408108798 0.3965012803673744 0
1724408108851 0.39371663704514503 0
1724408108898 0.39259716123342514 0
1724408108953 0.39240797609090805 0
1724408109007 0.3922017365694046 0
1724408109066 0.39203672856092453 0
1724408109118 0.39196862652897835 0
1724408109180 0.39188016578555107 0
1724408109235 0.39179087057709694 0
1724408109339 0.39169830456376076 0
1724408109387 0.3916049934923649 0
1724408109432 0.39151841774582863 0
1724408109474 0.39144759997725487 0
1724408109518 0.3913353532552719 0
1724408109563 0.391237061470747 0
1724408109606 0.3911324702203274 0
1724408109650 0.39104844629764557 0
1724408109696 0.39095011726021767 0
1724408109743 0.39084792509675026 0
1724408109788 0.3907473646104336 0
1724408109833 0.3906210996210575 0
