1731665738663 0.8359375 0
1731665738715 0.818359375 0
1731665738762 0.8291015625 0
1731665738811 0.8125 0
1731665738858 0.802734375 0
1731665738900 0.828125 0
1731665738944 0.853515625 0
1731665738993 0.8837890625 0
1731665739044 0.9033203125 0
1731665739095 0.9072265625 0
1731665739146 0.892578125 0
1731665739196 0.931640625 0
1731665739244 0.9287109375 0
1731665739285 0.95703125 0
1731665739326 0.9775390625 0
1731665739368 0.95703125 0
1731665739409 0.9765625 0
1731665739450 1.017578125 0
1731665739491 1.0107421875 0
1731665739533 1.0263671875 0
1731665739580 1.08984375 0
1731665739624 1.0634765625 0
1731665739665 1.091796875 0
1731665739706 1.1298828125 0
1731665739748 1.1279296875 0
