1688120054416 0.8112617135047913 0
1688120054446 0.8060479760169983 0
1688120054476 0.7997914552688599 0
1688120054505 0.801876962184906 0
1688120054534 0.7841501832008362 0
1688120054564 0.7945776581764221 0
1688120054604 0.8039624691009521 0
1688120054633 0.8081334829330444 0
1688120054663 0.8331595659255981 0
1688120054692 0.8175182342529297 0
1688120054721 0.8206465244293213 0
1688120054750 0.8206465244293213 0
1688120054780 0.816475510597229 0
1688120054811 0.831074059009552 0
1688120054842 0.8237747550010681 0
1688120054874 0.8352450728416443 0
1688120054904 0.8373305797576904 0
1688120054935 0.8404588103294373 0
1688120054970 0.8602710962295532 0
1688120055004 0.8790406584739685 0
1688120055038 0.9009384512901306 0
1688120055070 0.9395203590393066 0
1688120055099 0.9384775757789612 0
1688120055134 0.9666318893432617 0
1688120055167 0.980187714099884 0
1688120055197 0.9843587279319763 0
1688120055229 0.9906152486801147 0
1688120055257 1.023983359336853 0
1688120055310 1.0229405164718628 0
1688120055349 1.0573513507843018 0
1688120055378 1.0552659034729004 0
1688120055406 1.0782064199447632 0
