1706868815365 0.700335182249546 0
1706868815397 0.6961259841918945 0
1706868815428 0.6908376067876816 0
1706868815459 0.683390237390995 0
1706868815492 0.6724247708916664 0
1706868815530 0.6572279781103134 0
1706868815563 0.636933907866478 0
1706868815594 0.6112054511904716 0
1706868815625 0.5810920298099518 0
1706868815658 0.5479952692985535 0
1706868815693 0.5153065919876099 0
1706868815729 0.4855114817619324 0
1706868815764 0.46095431223511696 0
1706868815805 0.4417985528707504 0
1706868815850 0.42743660137057304 0
1706868815892 0.41710079461336136 0
1706868815936 0.4101371020078659 0
1706868815980 0.40498313307762146 0
1706868816021 0.4011381044983864 0
1706868816120 0.39868832007050514 0
1706868816177 0.39679569751024246 0
1706868816214 0.395405400544405 0
1706868816246 0.39442600682377815 0
1706868816278 0.3935978077352047 0
1706868816407 0.39309965819120407 0
1706868816452 0.3927507884800434 0
1706868816487 0.39245735853910446 0
1706868816524 0.3921227790415287 0
1706868816563 0.39194831252098083 0
1706868816593 0.39179491996765137 0
1706868816623 0.3916737921535969 0
1706868816652 0.391534261405468 0
1706868816682 0.3913867548108101 0
1706868816714 0.3913463316857815 0
1706868816747 0.39120233431458473 0
1706868816777 0.39110373705625534 0
1706868816806 0.3910224884748459 0
1706868816843 0.3909004181623459 0
1706868816875 0.3908286839723587 0
1706868816905 0.39065079391002655 0
1706868816936 0.3905683308839798 0
1706868816973 0.3904138505458832 0
1706868817015 0.3903072774410248 0
1706868817051 0.39018236473202705 0
1706868817224 0.39003702998161316 0
1706868817260 0.3898985683917999 0
