1706868815373 0.8145896792411804 0
1706868815404 0.8156028389930725 0
1706868815435 0.8226950168609619 0
1706868815467 0.8105369806289673 0
1706868815500 0.8135765194892883 0
1706868815537 0.8115501403808594 0
1706868815570 0.8226950168609619 0
1706868815601 0.8277608752250671 0
1706868815633 0.8318135738372803 0
1706868815667 0.826747715473175 0
1706868815702 0.8277608752250671 0
1706868815737 0.8277608752250671 0
1706868815775 0.8277608752250671 0
1706868815816 0.8277608752250671 0
1706868815859 0.8277608752250671 0
1706868815902 0.8277608752250671 0
1706868815944 0.8277608752250671 0
1706868815988 0.8328267335891724 0
1706868816035 0.8368794322013855 0
1706868816132 0.850050687789917 0
1706868816185 0.850050687789917 0
1706868816221 0.848024308681488 0
1706868816253 0.8581560254096985 0
1706868816286 0.87132728099823 0
1706868816419 0.8885511755943298 0
1706868816461 0.8885511755943298 0
1706868816497 0.9017223715782166 0
1706868816533 0.9098277688026428 0
1706868816570 0.9169199466705322 0
1706868816601 0.936170220375061 0
1706868816630 0.9533941149711609 0
1706868816659 0.9696048498153687 0
1706868816689 0.9766970872879028 0
1706868816722 0.9959473013877869 0
1706868816754 1.0030394792556763 0
1706868816784 1.027355670928955 0
1706868816815 1.0344477891921997 0
1706868816851 1.0526849031448364 0
1706868816882 1.0668692588806152 0
1706868816912 1.0871326923370361 0
1706868816944 1.1205673217773438 0
1706868816981 1.1195541620254517 0
1706868817023 1.1306990385055542 0
1706868817060 1.1479229927062988 0
1706868817232 1.149949312210083 0
1706868817267 1.171225905418396 0
