1705659149250 0.6870276965200901 0
1705659149293 0.6795812025666237 0
1705659149329 0.6696597449481487 0
1705659149366 0.6540388725697994 0
1705659149403 0.6291192770004272 0
1705659149439 0.5908161327242851 0
1705659149476 0.5385792851448059 0
1705659149513 0.48013033904135227 0
1705659149550 0.43208041600883007 0
1705659149587 0.40637233294546604 0
1705659149624 0.39804720878601074 0
1705659149660 0.3955907467752695 0
1705659149696 0.394392604008317 0
1705659149732 0.3936063051223755 0
1705659149769 0.39311670139431953 0
1705659149818 0.3928727526217699 0
1705659149855 0.392608392983675 0
1705659149894 0.39259603433310986 0
1705659149931 0.3924816232174635 0
