1700820852048 0.6930966079235077 0
1700820852082 0.687102921307087 0
1700820852113 0.6792454645037651 0
1700820852143 0.6681640446186066 0
1700820852292 0.6520863994956017 0
1700820852321 0.629822202026844 0
1700820852350 0.6010927557945251 0
1700820852382 0.5665971785783768 0
1700820852410 0.52870824187994 0
1700820852440 0.4916672818362713 0
1700820852476 0.46072909608483315 0
1700820852505 0.43790753185749054 0
1700820852532 0.42328233271837234 0
1700820852561 0.4137902669608593 0
1700820852593 0.40747561678290367 0
1700820852637 0.4027755707502365 0
1700820852674 0.39898812398314476 0
1700820852712 0.39676206931471825 0
1700820852748 0.3950003832578659 0
1700820852782 0.3940891809761524 0
1700820852817 0.3932217173278332 0
1700820852859 0.39279668405652046 0
1700820852902 0.3923836685717106 0
1700820852930 0.39216572791337967 0
1700820852960 0.39200564101338387 0
1700820852990 0.39187223836779594 0
1700820853018 0.3917318917810917 0
1700820853045 0.39160334318876266 0
1700820853071 0.3915139213204384 0
1700820853098 0.39142367988824844 0
1700820853124 0.3913723975419998 0
1700820853149 0.39126351475715637 0
1700820853175 0.391124214977026 0
1700820853201 0.39105310663580894 0
1700820853226 0.39101969078183174 0
