1694772775423 0.8121774792671204 0
1694772775481 0.8080495595932007 0
1694772775537 0.792569637298584 0
1694772775624 0.7884417176246643 0
1694772775710 0.818369448184967 0
1694772775762 0.9040247797966003 0
1694772775817 0.9184726476669312 0
1694772775872 0.9556243419647217 0
1694772775925 0.968008279800415 0
1694772775977 1.0051599740982056 0
1694772776029 0.9938080310821533 0
1694772776082 0.9896801114082336 0
1694772776133 1.0402476787567139 0
1694772776183 1.059855580329895 0
1694772776233 1.0485036373138428 0
1694772776282 1.0557276010513306 0
1694772776331 1.1517027616500854 0
1694772776378 1.1578947305679321 0
1694772776428 1.1506707668304443 0
1694772776479 1.1496387720108032 0
1694772776529 1.220846176147461 0
1694772776577 1.2383900880813599 0
1694772776627 1.2270381450653076 0
1694772776681 1.3147574663162231 0
