1694772775416 0.6842981465160847 0
1694772775475 0.6486988700926304 0
1694772775531 0.5637390986084938 0
1694772775587 0.43776251561939716 0
1694772775704 0.3977518957108259 0
1694772775756 0.3941869456321001 0
1694772775811 0.3928515426814556 0
1694772775867 0.3923197519034147 0
1694772775920 0.39207557775080204 0
1694772775971 0.391978008672595 0
1694772776024 0.39173851534724236 0
1694772776076 0.39163460209965706 0
1694772776128 0.3914655074477196 0
1694772776178 0.39115066826343536 0
1694772776227 0.3909886032342911 0
1694772776277 0.39084286987781525 0
1694772776325 0.39042238891124725 0
1694772776373 0.3903561010956764 0
1694772776423 0.3900762777775526 0
1694772776474 0.3897484466433525 0
1694772776523 0.38961546681821346 0
1694772776571 0.3892248496413231 0
1694772776622 0.3893217295408249 0
1694772776675 0.3888371102511883 0
