1717755214597 0.794616162776947 0
1717755214632 0.756729781627655 0
1717755214665 0.7776669859886169 0
1717755214698 0.7706879377365112 0
1717755214860 0.7577268481254578 0
1717755215012 0.756729781627655 0
1717755215092 0.7537387609481812 0
1717755215128 0.7537387609481812 0
1717755215164 0.7547357678413391 0
1717755215199 0.7557327747344971 0
1717755215315 0.7587238550186157 0
1717755215350 0.7836490273475647 0
1717755215383 0.8484546542167664 0
1717755215414 0.8693917989730835 0
1717755215447 0.8893319964408875 0
1717755215594 0.899302065372467 0
1717755215628 0.9222332835197449 0
1717755215661 0.9302093982696533 0
1717755215694 0.9561315774917603 0
1717755215727 0.9591226577758789 0
1717755215759 0.958125650882721 0
1717755215792 0.9930209517478943 0
1717755215828 1.0009970664978027 0
1717755215982 1.0009970664978027 0
1717755216138 1.001994013786316 0
1717755216215 1.021934151649475 0
1717755216250 1.0199401378631592 0
1717755216283 1.059820532798767 0
