1731665764168 0.791015625 0
1731665764219 0.796875 0
1731665764269 0.79296875 0
1731665764318 0.802734375 0
1731665764372 0.806640625 0
1731665764422 0.8154296875 0
1731665764472 0.8173828125 0
1731665764521 0.8134765625 0
1731665764572 0.837890625 0
1731665764621 0.849609375 0
1731665764671 0.9013671875 0
1731665764720 0.9208984375 0
1731665764770 0.9638671875 0
1731665764820 0.986328125 0
1731665764870 0.986328125 0
1731665764919 1.0087890625 0
1731665764969 1.0068359375 0
1731665765019 1.0439453125 0
1731665765069 1.056640625 0
1731665765119 1.0634765625 0
1731665765169 1.08203125 0
1731665765218 1.1064453125 0
1731665765269 1.1484375 0
1731665765319 1.1611328125 0
1731665765370 1.16015625 0
1731665765423 1.1953125 0
1731665765476 1.2275390625 0
1731665765527 1.232421875 0
1731665765577 1.23828125 0
1731665765627 1.2802734375 0
