1731665764158 0.6881827544420958 0
1731665764209 0.6671545263379812 0
1731665764259 0.6158207934349775 0
1731665764308 0.532145693898201 0
1731665764362 0.44757927022874355 0
1731665764412 0.4087129086256027 0
1731665764462 0.398973043076694 0
1731665764512 0.3953760415315628 0
1731665764562 0.3937456924468279 0
1731665764612 0.3929287539795041 0
1731665764661 0.39247614424675703 0
1731665764711 0.3922278890386224 0
1731665764761 0.3920546220615506 0
1731665764811 0.3919151499867439 0
1731665764860 0.3917823573574424 0
1731665764909 0.3916332311928272 0
1731665764959 0.39153542649000883 0
1731665765009 0.39140270836651325 0
1731665765059 0.3912336714565754 0
1731665765109 0.3911060281097889 0
1731665765159 0.3909543715417385 0
1731665765208 0.39078391157090664 0
1731665765259 0.39062165562063456 0
1731665765310 0.39048176165670156 0
1731665765360 0.39030716195702553 0
1731665765413 0.3901355993002653 0
1731665765466 0.38992111943662167 0
1731665765517 0.38972800783813 0
1731665765567 0.3895126022398472 0
1731665765617 0.3892746865749359 0
