1716545631461 0.7712287902832031 0
1716545631523 0.777222752571106 0
1716545631579 0.9180819392204285 0
1716545631631 0.957042932510376 0
1716545631682 1.024975061416626 0
1716545631734 1.093906044960022 0
1716545631788 1.1598401069641113 0
1716545631844 1.1698302030563354 0
1716545631897 1.256743311882019 0
1716545631953 1.3176822662353516 0
1716545632041 1.4485514163970947 0
1716545632095 1.451548457145691 0
1716545632148 1.624375581741333 0
1716545632203 1.6433566808700562 0
1716545632256 1.7332667112350464 0
1716545632310 1.7332667112350464 0
1716545632369 1.8371628522872925 0
1716545632421 1.8981019258499146 0
