1699611124661 0.7776639461517334 0
1699611124687 0.8084016442298889 0
1699611124712 0.8012295365333557 0
1699611124737 0.8206967115402222 0
1699611124763 0.8206967115402222 0
1699611124788 0.8165983557701111 0
1699611124813 0.8258196711540222 0
1699611124837 0.8237704634666443 0
1699611124862 0.8237704634666443 0
1699611124886 0.8165983557701111 0
1699611124910 0.8299180269241333 0
1699611124935 0.8227459192276001 0
1699611124960 0.8309426307678223 0
1699611124985 0.8278688788414001 0
1699611125010 0.8278688788414001 0
1699611125034 0.8329917788505554 0
1699611125060 0.8227459192276001 0
1699611125085 0.8217213153839111 0
1699611125110 0.8319672346115112 0
1699611125138 0.8381147384643555 0
1699611125163 0.8340163826942444 0
1699611125187 0.8299180269241333 0
1699611125211 0.8370901346206665 0
1699611125237 0.8350409865379333 0
1699611125263 0.8350409865379333 0
1699611125288 0.8360655903816223 0
1699611125312 0.8442623019218445 0
1699611125336 0.8586065769195557 0
1699611125360 0.8565573692321777 0
1699611125384 0.8575819730758667 0
1699611125407 0.8555327653884888 0
1699611125432 0.8545082211494446 0
1699611125456 0.8586065769195557 0
1699611125481 0.8575819730758667 0
1699611125507 0.8586065769195557 0
1699611125531 0.8606557250022888 0
1699611125556 0.8606557250022888 0
1699611125580 0.8616803288459778 0
1699611125605 0.8657786846160889 0
1699611125628 0.8586065769195557 0
1699611125654 0.8627049326896667 0
1699611125681 0.8668032884597778 0
1699611125707 0.8709016442298889 0
1699611125733 0.873975396156311 0
1699611125762 0.8770492076873779 0
1699611125787 0.876024603843689 0
1699611125812 0.8719262480735779 0
1699611125835 0.873975396156311 0
1699611125860 0.8729507923126221 0
1699611125886 0.875 0
1699611125913 0.8924180269241333 0
1699611125940 0.8944672346115112 0
1699611125965 0.9057376980781555 0
1699611125989 0.9170082211494446 0
1699611126016 0.9334016442298889 0
1699611126043 0.9282786846160889 0
1699611126068 0.9282786846160889 0
1699611126093 0.9334016442298889 0
1699611126118 0.931352436542511 0
1699611126143 0.9395492076873779 0
1699611126167 0.9375 0
1699611126193 0.936475396156311 0
1699611126218 0.9446721076965332 0
1699611126243 0.9467213153839111 0
1699611126268 0.9508196711540222 0
1699611126293 0.9600409865379333 0
1699611126318 0.9641393423080444 0
1699611126344 0.9661885499954224 0
1699611126368 0.9836065769195557 0
1699611126393 0.9754098653793335 0
1699611126418 0.9856557250022888 0
1699611126444 0.9846311211585999 0
1699611126470 0.9907786846160889 0
1699611126495 0.9979507923126221 0
1699611126520 1.0040984153747559 0
1699611126546 1.0051229000091553 0
1699611126570 1.0051229000091553 0
