1712312027644 0.8050251007080078 0
1712312027717 0.8020100593566895 0
1712312027775 0.791959822177887 0
1712312027828 0.7979899644851685 0
1712312027879 0.8020100593566895 0
1712312027927 0.7969849109649658 0
1712312027979 0.8010050058364868 0
1712312028030 0.7748743891716003 0
1712312028079 0.7829145789146423 0
1712312028131 0.7778894305229187 0
1712312028185 0.7899497747421265 0
1712312028233 0.8010050058364868 0
1712312028272 0.8170854449272156 0
1712312028314 0.8170854449272156 0
1712312028354 0.8422110676765442 0
1712312028394 0.8693467378616333 0
1712312028434 0.9266331791877747 0
1712312028473 0.9115577936172485 0
1712312028530 0.9356783628463745 0
1712312028583 0.9326633214950562 0
1712312028635 0.9537688493728638 0
1712312028687 0.9557788968086243 0
1712312028739 0.9437186121940613 0
1712312028792 0.9618090391159058 0
1712312028955 0.9577889442443848 0
1712312029008 0.9778894186019897 0
1712312029174 1.0090452432632446 0
1712312029304 0.9889447093009949 0
1712312029361 1.0060302019119263 0
1712312029413 1.0221105813980103 0
1712312029466 1.0341708660125732 0
1712312029521 1.0351759195327759 0
