1729246582998 0.8166666626930237 0
1729246583038 0.8068627715110779 0
1729246583074 0.795098066329956 0
1729246583111 0.7892156839370728 0
1729246583153 0.779411792755127 0
1729246583189 0.7754902243614197 0
1729246583224 0.7715686559677124 0
1729246583259 0.7754902243614197 0
1729246583292 0.7813725471496582 0
1729246583324 0.7901960611343384 0
1729246583358 0.7823529243469238 0
1729246583391 0.779411792755127 0
1729246583425 0.7803921699523926 0
1729246583458 0.7882353067398071 0
1729246583491 0.7813725471496582 0
1729246583523 0.7774509787559509 0
1729246583557 0.7813725471496582 0
1729246583590 0.7882353067398071 0
1729246583625 0.7941176295280457 0
1729246583660 0.7970588207244873 0
1729246583694 0.8127450942993164 0
1729246583738 0.8215686082839966 0
1729246583819 0.8254901766777039 0
1729246583909 0.8460784554481506 0
1729246583981 0.8754901885986328 0
1729246584015 0.9186274409294128 0
1729246584049 0.9352940917015076 0
1729246584082 0.9735293984413147 0
1729246584115 0.9872549176216125 0
1729246584150 1.025490164756775 0
1729246584186 1.0196079015731812 0
1729246584225 1.0313725471496582 0
1729246584304 1.0441176891326904 0
1729246584378 1.051960825920105 0
1729246584441 1.063725471496582 0
1729246584485 1.0764706134796143 0
1729246584519 1.0813724994659424 0
1729246584552 1.0852941274642944 0
1729246584586 1.093137264251709 0
