1693563414972 0.6929513737559319 0
1693563415041 0.6806421615183353 0
1693563415326 0.6631580591201782 0
1693563415614 0.6320536099374294 0
1693563415899 0.5788484811782837 0
1693563416225 0.5089954007416964 0
1693563416467 0.44540597684681416 0
1693563416536 0.41469851695001125 0
1693563416820 0.4018542692065239 0
1693563417108 0.3974112644791603 0
1693563417395 0.39440037682652473 0
1693563417456 0.39314313419163227 0
1693563417617 0.39310657046735287 0
1693563417656 0.3925503343343735 0
1693563417942 0.3923846557736397 0
1693563418229 0.3920416086912155 0
1693563418517 0.39234583266079426 0
1693563418851 0.3920907471328974 0
1693563418972 0.3918743096292019 0
1693563419135 0.3918841853737831 0
1693563419420 0.3917201030999422 0
1693563419705 0.39188824221491814 0
1693563420097 0.3917791470885277 0
1693563420322 0.391551673412323 0
1693563420605 0.39139777421951294 0
1693563420892 0.3914998024702072 0
1693563421177 0.391277477145195 0
1693563421591 0.3911580238491297 0
1693563421865 0.39135482907295227 0
1693563422150 0.3910838458687067 0
1693563422438 0.39116958901286125 0
1693563422724 0.39066508412361145 0
1693563422907 0.3906559385359287 0
1693563422944 0.3907147143036127 0
1693563422982 0.39055328629910946 0
1693563423267 0.3902533147484064 0
1693563423554 0.39022007025778294 0
1693563424072 0.39022750221192837 0
