1693563415006 0.7704240083694458 0
1693563415167 0.7673215866088867 0
1693563415454 0.7911065220832825 0
1693563415742 0.8045501708984375 0
1693563416069 0.8138573169708252 0
1693563416353 0.8097208142280579 0
1693563416501 0.8179938197135925 0
1693563416663 0.8055842518806458 0
1693563416948 0.8107548952102661 0
1693563417236 0.8128231763839722 0
1693563417423 0.8386763334274292 0
1693563417585 0.8645294904708862 0
1693563417622 0.8893485069274902 0
1693563417783 0.9286453127861023 0
1693563418070 0.9793174862861633 0
1693563418358 0.9472595453262329 0
1693563418695 0.9565666913986206 0
1693563418939 0.9648396968841553 0
1693563419064 0.9720786213874817 0
1693563419262 0.9937952160835266 0
1693563419546 0.9793174862861633 0
1693563419833 0.974146842956543 0
1693563420236 1.0 0
1693563420449 0.9968976378440857 0
1693563420732 0.9968976378440857 0
1693563421020 0.9824198484420776 0
1693563421304 1.002068281173706 0
1693563421667 1.0103412866592407 0
1693563421993 1.0351603031158447 0
1693563422279 1.050672173500061 0
1693563422565 1.022750735282898 0
1693563422837 1.0568768978118896 0
1693563422912 1.0661840438842773 0
1693563422949 1.1116856336593628 0
1693563423109 1.1137539148330688 0
1693563423395 1.101344347000122 0
1693563423682 1.1354705095291138 0
1693563424244 1.1633919477462769 0
