1724408120847 0.7956564426422119 0
1724408120914 0.8084896206855774 0
1724408120981 0.8104639649391174 0
1724408121065 0.899308979511261 0
1724408121138 0.9536031484603882 0
1724408121215 0.9891411662101746 0
1724408121355 1.0414609909057617 0
1724408121544 1.025666356086731 0
1724408121620 1.0799604654312134 0
1724408121880 1.1204344034194946 0
1724408121950 1.1658440828323364 0
1724408122024 1.2655478715896606 0
1724408122099 1.2734452486038208 0
1724408122178 1.349457025527954 0
1724408122315 1.376110553741455 0
