1680948414353 0.6726533313592274 0
1680948414441 0.5587489942709605 0
1680948414572 0.4101717551549276 0
1680948414762 0.39386360148588817 0
1680948414843 0.3924112687508265 0
1680948414922 0.3920443634192149 0
1680948415000 0.39183600842952726 0
1680948415076 0.39134725332260134 0
1680948415154 0.3910934130350749 0
1680948415233 0.3905654559532801 0
1680948415311 0.3901564031839371 0
1680948415391 0.38972926139831543 0
1680948415472 0.38920934200286866 0
1680948415552 0.3887760291496913 0
1680948415634 0.38813658356666564 0
1680948415711 0.3873973409334818 0
1680948415787 0.38674507041772205 0
1680948415864 0.3860317200422287 0
1680948415940 0.38518270254135134 0
1680948416017 0.3841951777537664 0
