1712916802974 0.6874450817704201 0
1712916803008 0.6678493097424507 0
1712916803041 0.6351082399487495 0
1712916803075 0.5769035890698433 0
1712916803107 0.4918267987668514 0
1712916803139 0.4172551780939102 0
1712916803170 0.3998837061226368 0
1712916803201 0.4005828984081745 0
1712916803233 0.3938210941851139 0
1712916803265 0.3930029347538948 0
1712916803297 0.3929133489727974 0
1712916803328 0.39229508861899376 0
1712916803360 0.39223461225628853 0
1712916803391 0.3920905366539955 0
1712916803423 0.39194759726524353 0
1712916803454 0.39184438809752464 0
1712916803487 0.3917350508272648 0
1712916803519 0.3916253410279751 0
1712916803551 0.3914906978607178 0
