1690539280901 0.8151609301567078 0
1690539280949 0.7985461950302124 0
1690539280996 0.7933540940284729 0
1690539281044 0.7902388572692871 0
1690539281091 0.7871235609054565 0
1690539281139 0.8151609301567078 0
1690539281186 0.8245067596435547 0
1690539281238 0.8348909616470337 0
1690539281286 0.8868120312690735 0
1690539281333 0.9127725958824158 0
1690539281381 0.9418483972549438 0
1690539281429 0.9460020661354065 0
1690539281477 0.9802699685096741 0
1690539281524 0.9449636340141296 0
1690539281572 0.9460020661354065 0
1690539281619 0.9854620695114136 0
1690539281666 1.0124610662460327 0
1690539281713 1.0363447666168213 0
1690539281759 1.0238837003707886 0
1690539281806 1.0560747385025024 0
1690539281854 1.0404984951019287 0
1690539281901 1.0664589405059814 0
1690539281948 1.0249221324920654 0
1690539281995 1.0664589405059814 0
1690539282042 1.0944963693618774 0
1690539282089 1.09034264087677 0
1690539282135 1.1090342998504639 0
