1720779271597 0.6864843890070915 0
1720779271653 0.6705630049109459 0
1720779271700 0.6447174549102783 0
1720779271752 0.6001518741250038 0
1720779271797 0.5317806042730808 0
1720779271843 0.45430276170372963 0
1720779271895 0.40739576518535614 0
1720779272003 0.4016042649745941 0
1720779272063 0.39800161495804787 0
1720779272135 0.3931465372443199 0
1720779272182 0.39270246028900146 0
1720779272226 0.39245497435331345 0
1720779272269 0.3920882046222687 0
1720779272313 0.39194604381918907 0
1720779272356 0.39182760566473007 0
1720779272399 0.39167778193950653 0
1720779272442 0.39156483113765717 0
1720779272484 0.39141475036740303 0
1720779272526 0.3912894129753113 0
1720779272569 0.39112669974565506 0
1720779272615 0.390980526804924 0
1720779272661 0.39084846526384354 0
1720779272705 0.39067498594522476 0
1720779272747 0.39052944257855415 0
1720779272790 0.39034344628453255 0
1720779272835 0.39012692868709564 0
1720779272877 0.3899509198963642 0
1720779272920 0.3897832818329334 0
1720779272960 0.3895554058253765 0
1720779273003 0.38929666206240654 0
1720779273045 0.38904523849487305 0
1720779273089 0.3887890912592411 0
1720779273142 0.3885255828499794 0
1720779273228 0.3882390819489956 0
