1707473651839 0.6924373134970665 0
1707473651884 0.6819131523370743 0
1707473651925 0.668446809053421 0
1707473651965 0.6489602029323578 0
1707473652075 0.619721420109272 0
1707473652114 0.5776919946074486 0
1707473652161 0.5234550796449184 0
1707473652203 0.46620799601078033 0
1707473652246 0.4232286512851715 0
1707473652364 0.40453772246837616 0
1707473652404 0.39992327988147736 0
1707473652448 0.3968195989727974 0
1707473652490 0.39392389729619026 0
1707473652531 0.39280935004353523 0
1707473652588 0.3925262466073036 0
1707473652743 0.39222660660743713 0
1707473652787 0.3920558877289295 0
1707473652830 0.39198993891477585 0
1707473652873 0.3918820507824421 0
1707473652915 0.39177387207746506 0
