1718964902319 0.6869180202484131 0
1718964902394 0.6766169741749763 0
1718964902460 0.6626627743244171 0
1718964902531 0.6416834369301796 0
1718964902593 0.6095666065812111 0
1718964902665 0.5632029846310616 0
1718964902905 0.504810556769371 0
1718964903081 0.44724105298519135 0
1718964903144 0.4098716713488102 0
1718964903205 0.3985593430697918 0
1718964903262 0.3974045664072037 0
1718964903478 0.39498935267329216 0
1718964903599 0.39298978075385094 0
1718964903663 0.39256275817751884 0
1718964903724 0.3924165293574333 0
1718964903785 0.3922373652458191 0
1718964903841 0.39210833981633186 0
1718964903896 0.39200732111930847 0
1718964904019 0.39192141965031624 0
1718964904194 0.39181460440158844 0
1718964904249 0.39172782748937607 0
1718964904311 0.39163683727383614 0
1718964904420 0.3915563188493252 0
1718964904635 0.3914477229118347 0
1718964904753 0.3913342095911503 0
1718964904958 0.39125845581293106 0
1718964905023 0.3911338709294796 0
1718964905173 0.39104364439845085 0
1718964905327 0.39093470573425293 0
1718964905449 0.3908086344599724 0
1718964905536 0.3906781077384949 0
1718964905686 0.39058202877640724 0
1718964905829 0.3904414512217045 0
1718964905899 0.39032817259430885 0
1718964905965 0.39022284373641014 0
1718964906036 0.39007651433348656 0
1718964906239 0.38995474204421043 0
1718964906342 0.38981693983078003 0
1718964906415 0.38967113569378853 0
1718964906487 0.38952837511897087 0
1718964906557 0.38935378938913345 0
1718964906625 0.3892023377120495 0
