1718964902336 0.8009950518608093 0
1718964902405 0.7920398116111755 0
1718964902476 0.7930348515510559 0
1718964902543 0.7940298318862915 0
1718964902608 0.7820895314216614 0
1718964902676 0.7830845713615417 0
1718964902918 0.8039801120758057 0
1718964903092 0.7850746512413025 0
1718964903158 0.7820895314216614 0
1718964903219 0.7830845713615417 0
1718964903275 0.7930348515510559 0
1718964903541 0.8378109335899353 0
1718964903610 0.8965173959732056 0
1718964903678 0.9184079766273499 0
1718964903738 0.9184079766273499 0
1718964903797 0.9223880767822266 0
1718964903851 0.9383084774017334 0
1718964903912 0.9452736377716064 0
1718964904039 0.9631840586662292 0
1718964904207 0.972139298915863 0
1718964904262 0.9850746393203735 0
1718964904328 0.9920397996902466 0
1718964904434 0.9920397996902466 0
1718964904653 1.0208954811096191 0
1718964904815 1.0238806009292603 0
1718964904971 1.0388059616088867 0
1718964905038 1.0378109216690063 0
1718964905188 1.0338308811187744 0
1718964905354 1.0567164421081543 0
1718964905473 1.06965172290802 0
1718964905551 1.0985074043273926 0
1718964905702 1.0945273637771606 0
1718964905844 1.109452724456787 0
1718964905914 1.1203980445861816 0
1718964905981 1.1303482055664062 0
1718964906051 1.1492537260055542 0
1718964906256 1.1761194467544556 0
1718964906358 1.1870646476745605 0
1718964906428 1.191044807434082 0
1718964906499 1.201990008354187 0
1718964906570 1.2218905687332153 0
1718964906644 1.2487561702728271 0
