1721384027125 0.6652448177337646 0
1721384027180 0.5006139818578959 0
1721384027233 0.4045537058264017 0
1721384027286 0.3937314413487911 0
1721384027339 0.39240235835313797 0
1721384027393 0.3917605634778738 0
1721384027446 0.3912333846092224 0
1721384027499 0.39092292822897434 0
1721384027552 0.39025832526385784 0
1721384027605 0.3898197617381811 0
1721384027658 0.38897978514432907 0
1721384027712 0.38831663876771927 0
1721384027765 0.38728838600218296 0
1721384027817 0.3863813318312168 0
1721384027870 0.3851688429713249 0
1721384027924 0.38373985700309277 0
1721384027977 0.3822232950478792 0
1721384028030 0.38035212457180023 0
1721384028085 0.37838649563491344 0
