1721384027135 0.8025793433189392 0
1721384027188 0.7976190447807312 0
1721384027241 0.8938491940498352 0
1721384027293 0.954365074634552 0
1721384027347 0.9632936716079712 0
1721384027400 0.9920634627342224 0
1721384027454 1.096230149269104 0
1721384027507 1.1289682388305664 0
1721384027560 1.2321428060531616 0
1721384027613 1.2609126567840576 0
1721384027666 1.3531745672225952 0
1721384027719 1.4335317611694336 0
1721384027772 1.4831348657608032 0
1721384027825 1.629960298538208 0
1721384027877 1.7222222089767456 0
1721384027932 1.8253967761993408 0
1721384027985 1.9246032238006592 0
1721384028038 1.947420597076416 0
1721384028093 2.085317373275757 0
