1725617683073 0.8354679942131042 0
1725617683111 0.8216748833656311 0
1725617683148 0.834482729434967 0
1725617683183 0.8216748833656311 0
1725617683218 0.8128078579902649 0
1725617683253 0.8088669776916504 0
1725617683289 0.8147783279418945 0
1725617683324 0.8206896781921387 0
1725617683360 0.8275862336158752 0
1725617683396 0.8512315154075623 0
1725617683432 0.8699507117271423 0
1725617683467 0.8955665230751038 0
1725617683503 0.898522138595581 0
1725617683539 0.9339901208877563 0
1725617683575 0.9605911374092102 0
1725617683610 0.9990147948265076 0
1725617683646 1.031527042388916 0
1725617683683 1.0413793325424194 0
1725617683719 1.0433497428894043 0
1725617683767 1.0807881355285645 0
1725617683805 1.0837438106536865 0
1725617683843 1.117241382598877 0
