1705659155492 0.6895204856991768 0
1705659155519 0.6792399287223816 0
1705659155546 0.6621855422854424 0
1705659155573 0.6297614872455597 0
1705659155599 0.5736806392669678 0
1705659155625 0.49731993675231934 0
1705659155651 0.4287545010447502 0
1705659155678 0.4048500247299671 0
1705659155705 0.40241972729563713 0
1705659155731 0.3956797793507576 0
1705659155758 0.39307262003421783 0
1705659155785 0.39283955097198486 0
1705659155812 0.3923007398843765 0
1705659155839 0.3920820727944374 0
1705659155865 0.39198393002152443 0
1705659155892 0.39184870943427086 0
1705659155918 0.3917453698813915 0
1705659155944 0.3916159123182297 0
