1705659155497 0.8040609359741211 0
1705659155524 0.7989847660064697 0
1705659155552 0.7878172397613525 0
1705659155578 0.7878172397613525 0
1705659155605 0.7685279250144958 0
1705659155630 0.7786802053451538 0
1705659155657 0.7786802053451538 0
1705659155683 0.7695431709289551 0
1705659155711 0.7857868075370789 0
1705659155737 0.8030456900596619 0
1705659155764 0.8710659742355347 0
1705659155790 0.9126903414726257 0
1705659155817 0.896446704864502 0
1705659155844 0.9289340376853943 0
1705659155871 0.9411167502403259 0
1705659155898 0.9644669890403748 0
1705659155924 0.9918781518936157 0
1705659155949 1.0010151863098145 0
