1709287971568 0.7929292917251587 0
1709287971601 0.7969697117805481 0
1709287971632 0.7919191718101501 0
1709287971665 0.7838383913040161 0
1709287971704 0.7787878513336182 0
1709287971738 0.7828282713890076 0
1709287971773 0.786868691444397 0
1709287971807 0.7919191718101501 0
1709287971839 0.7818182110786438 0
1709287971873 0.8060606122016907 0
1709287971906 0.8303030133247375 0
1709287971939 0.8898990154266357 0
1709287971973 0.8818181753158569 0
1709287972007 0.9303030371665955 0
1709287972039 0.9505050778388977 0
1709287972070 0.978787899017334 0
1709287972101 0.9545454382896423 0
1709287972132 0.9717171788215637 0
1709287972164 0.9838383793830872 0
1709287972197 0.9949495196342468 0
