1686305764113 0.823221743106842 0
1686305764163 0.831589937210083 0
1686305764212 0.8263598084449768 0
1686305764261 0.8525104522705078 0
1686305764307 0.8441422581672668 0
1686305764354 0.9121338725090027 0
1686305764400 0.9382845163345337 0
1686305764644 0.9612970948219299 0
1686305764715 0.9801255464553833 0
1686305764832 0.9895397424697876 0
1686305764986 1.0135983228683472 0
1686305765061 1.0156903266906738 0
1686305765166 1.0585774183273315 0
1686305765265 1.0794979333877563 0
1686305765349 1.064853549003601 0
