1718964918756 0.8119403123855591 0
1718964918827 0.8109452724456787 0
1718964918900 0.8189054727554321 0
1718964918966 0.8149253726005554 0
1718964919121 0.7950248718261719 0
1718964919188 0.7830845713615417 0
1718964919348 0.7820895314216614 0
1718964919411 0.7920398116111755 0
1718964919477 0.7980099320411682 0
1718964919545 0.8099502325057983 0
1718964919626 0.804975152015686 0
1718964919697 0.7970149517059326 0
1718964919864 0.8029850721359253 0
1718964919931 0.8119403123855591 0
1718964920024 0.8099502325057983 0
1718964920251 0.7900497317314148 0
1718964920321 0.804975152015686 0
1718964920394 0.8149253726005554 0
1718964920465 0.8199005126953125 0
1718964920627 0.8208954930305481 0
1718964920689 0.8597015142440796 0
1718964920750 0.9004974961280823 0
1718964920812 0.9263681769371033 0
1718964920892 0.9502487778663635 0
1718964920973 0.9492537379264832 0
1718964921130 0.9472636580467224 0
