1697192003680 0.8518518805503845 0
1697192003705 0.8199588656425476 0
1697192003731 0.8137860298156738 0
1697192003756 0.8446502089500427 0
1697192003781 0.8405349850654602 0
1697192003807 0.8343621492385864 0
1697192003831 0.8261317014694214 0
1697192003856 0.8261317014694214 0
1697192003881 0.8209876418113708 0
1697192003906 0.8312757015228271 0
1697192003934 0.8292180895805359 0
1697192003960 0.8415637612342834 0
1697192003987 0.8713991641998291 0
1697192004012 0.9248971343040466 0
1697192004037 0.9629629850387573 0
1697192004065 0.9876543283462524 0
1697192004094 0.9907407164573669 0
1697192004121 0.9979423880577087 0
1697192004149 1.01646089553833 0
1697192004174 1.0226337909698486 0
1697192004202 1.038065791130066 0
1697192004233 1.046296238899231 0
1697192004261 1.058642029762268 0
1697192004288 1.0812757015228271 0
1697192004314 1.0905349254608154 0
1697192004344 1.1265431642532349 0
1697192004412 1.153292179107666 0
1697192004439 1.1399177312850952 0
1697192004464 1.1625514030456543 0
1697192004492 1.1656378507614136 0
1697192004520 1.1810699701309204 0
