1731060887429 0.6871778890490532 0
1731060887466 0.6828277222812176 0
1731060887503 0.6778331398963928 0
1731060887541 0.6699005253612995 0
1731060887580 0.6558655314147472 0
1731060887617 0.6316577345132828 0
1731060887653 0.5939641147851944 0
1731060887690 0.5443865843117237 0
1731060887727 0.4921151399612427 0
1731060887764 0.4488822501152754 0
1731060887801 0.4217825587838888 0
1731060887838 0.40821484103798866 0
1731060887877 0.40176005847752094 0
1731060887929 0.3980501741170883 0
1731060887967 0.3957978803664446 0
1731060888006 0.39432992972433567 0
1731060888045 0.39347901195287704 0
1731060888082 0.39293158426880836 0
1731060888119 0.3925923556089401 0
1731060888156 0.39236018992960453 0
1731060888193 0.39218571595847607 0
1731060888231 0.39205102249979973 0
1731060888267 0.39196376129984856 0
1731060888305 0.39188226498663425 0
1731060888342 0.39178562350571156 0
