1720174487029 0.7884806394577026 0
1720174487072 0.8013902902603149 0
1720174487114 0.8272095322608948 0
1720174487154 0.8272095322608948 0
1720174487196 0.8272095322608948 0
1720174487237 0.8202582001686096 0
1720174487345 0.8083416223526001 0
1720174487391 0.8043693900108337 0
1720174487437 0.793445885181427 0
1720174487511 0.7924528121948242 0
1720174487573 0.8103277087211609 0
1720174487622 0.8142998814582825 0
1720174487669 0.8242303729057312 0
1720174487718 0.8212512135505676 0
1720174487762 0.8282026052474976 0
1720174487808 0.8470705151557922 0
1720174487857 0.8411121964454651 0
1720174487962 0.8699105978012085 0
1720174488052 0.8828202486038208 0
1720174488128 0.9235352277755737 0
1720174488187 0.9255213737487793 0
1720174488244 0.9543197751045227 0
1720174488316 0.9493545293807983 0
1720174488390 0.976166844367981 0
1720174488514 0.9860973358154297 0
1720174488560 1.0139026641845703 0
1720174488608 1.0208539962768555 0
