1727432155161 0.8515241146087646 0
1727432155198 0.8298918604850769 0
1727432155235 0.8298918604850769 0
1727432155272 0.8171091675758362 0
1727432155309 0.8220255374908447 0
1727432155346 0.8210422992706299 0
1727432155383 0.8289085626602173 0
1727432155420 0.8466076850891113 0
1727432155458 0.8161258697509766 0
1727432155496 0.8230088353157043 0
1727432155533 0.826941967010498 0
1727432155572 0.832841694355011 0
1727432155619 0.8279252648353577 0
1727432155661 0.8249754309654236 0
1727432155699 0.8249754309654236 0
1727432155736 0.8289085626602173 0
1727432155783 0.8338249921798706 0
1727432155827 0.8249754309654236 0
1727432155865 0.8357915282249451 0
1727432155903 0.8377581238746643 0
1727432155943 0.8357915282249451 0
1727432155981 0.8279252648353577 0
1727432156020 0.8259587287902832 0
1727432156058 0.8279252648353577 0
1727432156098 0.832841694355011 0
1727432156135 0.8348082304000854 0
1727432156173 0.8387414216995239 0
1727432156210 0.841691255569458 0
1727432156254 0.8515241146087646 0
1727432156310 0.8515241146087646 0
1727432156360 0.8466076850891113 0
1727432156410 0.8466076850891113 0
1727432156456 0.847590982913971 0
1727432156503 0.8515241146087646 0
1727432156625 0.8554572463035583 0
1727432156816 0.8584070801734924 0
1727432156865 0.8721730709075928 0
1727432156919 0.8790560364723206 0
1727432156956 0.895771861076355 0
1727432156995 0.9154375791549683 0
1727432157039 0.9252703785896301 0
1727432157082 0.9439527988433838 0
1727432157122 0.9587020874023438 0
1727432157161 0.9793510437011719 0
1727432157200 0.9941002726554871 0
1727432157237 1.002949833869934 0
1727432157276 1.0235987901687622 0
1727432157317 1.0275319814682007 0
1727432157352 1.0422812700271606 0
1727432157386 1.0462143421173096 0
1727432157424 1.0383480787277222 0
1727432157539 1.0589970350265503 0
1727432157607 1.051130771636963 0
1727432157659 1.0639134645462036 0
1727432157702 1.0757129192352295 0
1727432157753 1.0943952798843384 0
1727432157789 1.1061947345733643 0
1727432157825 1.1307767629623413 0
