1723803248498 0.8221343755722046 0
1723803248547 0.8399209380149841 0
1723803248594 0.7944663763046265 0
1723803248637 0.823122501373291 0
1723803248684 0.8349802494049072 0
1723803248734 0.8181818127632141 0
1723803248832 0.8310276865959167 0
1723803248966 0.8330039381980896 0
1723803249040 0.8853754997253418 0
1723803249092 0.8873517513275146 0
1723803249142 0.9031620621681213 0
1723803249189 0.9189723134040833 0
1723803249235 0.9416996240615845 0
1723803249302 0.9575098752975464 0
1723803249433 0.9584980010986328 0
1723803249531 0.9693675637245178 0
1723803249577 0.9960474371910095 0
1723803249626 1.0207509994506836 0
1723803249675 1.0563241243362427 0
1723803249724 1.0691699981689453 0
1723803249777 1.0938735008239746 0
1723803249901 1.0790513753890991 0
1723803250032 1.1077075004577637 0
1723803250100 1.1343873739242554 0
1723803250162 1.1541502475738525 0
1723803250219 1.168972373008728 0
1723803250268 1.2005928754806519 0
1723803250385 1.234189748764038 0
1723803250440 1.263833999633789 0
1723803250493 1.2845849990844727 0
1723803250597 1.2816205024719238 0
