1695982347704 0.6882310621440411 0
1695982347794 0.6722767166793346 0
1695982347872 0.6401456668972969 0
1695982347964 0.5743743032217026 0
1695982348059 0.47928584180772305 0
1695982348141 0.41518718749284744 0
1695982348232 0.39987799897789955 0
1695982348313 0.39535611495375633 0
1695982348399 0.3934940695762634 0
1695982348474 0.3928774297237396 0
1695982348561 0.3925994224846363 0
1695982348613 0.3924380522221327 0
1695982348660 0.39234839007258415 0
1695982348706 0.3922578599303961 0
1695982348752 0.3922461327165365 0
1695982348798 0.3920593857765198 0
1695982348863 0.3918754253536463 0
1695982349110 0.3918134681880474 0
1695982349162 0.39183138497173786 0
1695982349208 0.3916296008974314 0
1695982349254 0.3916382696479559 0
1695982349299 0.3913171887397766 0
1695982349342 0.39123477414250374 0
1695982349383 0.3910352233797312 0
1695982349423 0.39100266620516777 0
1695982349464 0.39090827479958534 0
1695982349505 0.39063834585249424 0
