1708078367856 0.7927199006080627 0
1708078367906 0.7977755069732666 0
1708078367952 0.7937310338020325 0
1708078367995 0.7937310338020325 0
1708078368042 0.8038422465324402 0
1708078368086 0.8058645129203796 0
1708078368142 0.8078867793083191 0
1708078368197 0.8210313320159912 0
1708078368242 0.8099089860916138 0
1708078368281 0.8119312524795532 0
1708078368320 0.830131471157074 0
1708078368360 0.8281092047691345 0
1708078368419 0.8311425447463989 0
1708078368472 0.8291203379631042 0
1708078368520 0.8250758051872253 0
1708078368571 0.8109201192855835 0
1708078368620 0.8139534592628479 0
1708078368830 0.8200201988220215 0
1708078368971 0.8200201988220215 0
1708078369016 0.8149645924568176 0
1708078369061 0.8250758051872253 0
1708078369113 0.8159757256507874 0
1708078369160 0.812942385673523 0
1708078369202 0.8149645924568176 0
1708078369251 0.8139534592628479 0
1708078369300 0.8119312524795532 0
1708078369350 0.812942385673523 0
1708078369393 0.8220424652099609 0
1708078369446 0.8361981511116028 0
1708078369489 0.8523761630058289 0
1708078369568 0.8816986680030823 0
1708078369625 0.8928210139274597 0
1708078369711 0.9160768389701843 0
1708078369780 0.9180991053581238 0
1708078369832 0.9312436580657959 0
1708078369962 0.9191102385520935 0
1708078370015 0.926188051700592 0
1708078370058 0.9312436580657959 0
1708078370098 0.9433771371841431 0
1708078370139 0.9474216103553772 0
1708078370178 0.9575328826904297 0
1708078370221 0.9838220477104187 0
1708078370263 0.9939332604408264 0
1708078370304 0.9929221272468567 0
1708078370347 0.9949443936347961 0
1708078370394 1.004044532775879 0
1708078370442 1.0273003578186035 0
1708078370502 1.0323559045791626 0
1708078370581 1.0232558250427246 0
1708078370696 1.052578330039978 0
1708078370751 1.0535894632339478 0
1708078370798 1.0667340755462646 0
1708078370845 1.0626895427703857 0
1708078370889 1.0738118886947632 0
1708078370934 1.074823021888733 0
1708078370978 1.083923101425171 0
1708078371173 1.0899899005889893 0
1708078371217 1.083923101425171 0
1708078371258 1.0808898210525513 0
1708078371303 1.1051567792892456 0
1708078371345 1.0980788469314575 0
1708078371430 1.1051567792892456 0
