1703844754763 0.6881609112024307 0
1703844754801 0.6724540181457996 0
1703844754838 0.640025082975626 0
1703844754874 0.5804113037884235 0
1703844754908 0.49971734546124935 0
1703844754942 0.4348574411123991 0
1703844754976 0.40772874280810356 0
1703844755009 0.39922785572707653 0
1703844755043 0.3950824588537216 0
1703844755077 0.3933518696576357 0
1703844755110 0.3926091343164444 0
1703844755143 0.39221047051250935 0
1703844755177 0.3920077960938215 0
1703844755211 0.3918016739189625 0
1703844755245 0.39165128767490387 0
1703844755279 0.39159008115530014 0
1703844755313 0.3914817124605179 0
1703844755346 0.3913872856646776 0
1703844755379 0.3911249302327633 0
1703844755413 0.39098335802555084 0
1703844755448 0.39088958874344826 0
1703844755489 0.39066905342042446 0
1703844755537 0.3905483465641737 0
1703844755575 0.3904145024716854 0
1703844755611 0.39016663283109665 0
1703844755648 0.3900095336139202 0
1703844755686 0.38979386165738106 0
1703844755722 0.38965047150850296 0
1703844755756 0.3894952926784754 0
1703844755791 0.3892645426094532 0
1703844755830 0.3891077972948551 0
1703844755873 0.38874564319849014 0
1703844755911 0.3886891286820173 0
1703844756019 0.3883544150739908 0
