1703844754769 0.7922607064247131 0
1703844754807 0.8075356483459473 0
1703844754844 0.8126273155212402 0
1703844754880 0.8350305557250977 0
1703844754914 0.8248472213745117 0
1703844754947 0.8065173029899597 0
1703844754981 0.795315682888031 0
1703844755014 0.8105906248092651 0
1703844755048 0.8462321758270264 0
1703844755082 0.8757637739181519 0
1703844755115 0.9002036452293396 0
1703844755149 0.9195519089698792 0
1703844755183 0.9694501161575317 0
1703844755216 0.9725050926208496 0
1703844755251 1.0010182857513428 0
1703844755285 1.0346232652664185 0
1703844755318 1.015275001525879 0
1703844755351 1.0427699089050293 0
1703844755384 1.0661914348602295 0
1703844755418 1.0763747692108154 0
1703844755454 1.0824847221374512 0
1703844755495 1.105906367301941 0
1703844755543 1.1130346059799194 0
1703844755581 1.1415479183197021 0
1703844755618 1.1720978021621704 0
1703844755655 1.1802444458007812 0
1703844755691 1.235234260559082 0
1703844755727 1.228105902671814 0
1703844755762 1.2464358806610107 0
1703844755797 1.2637474536895752 0
1703844755839 1.2739307880401611 0
1703844755879 1.3146640062332153 0
1703844755916 1.3268839120864868 0
1703844756029 1.3340122699737549 0
