1688724856486 0.815625011920929 0
1688724856558 0.8197916746139526 0
1688724856656 0.8104166388511658 0
1688724856769 0.8333333134651184 0
1688724856853 0.824999988079071 0
1688724856938 0.8489583134651184 0
1688724857036 0.890625 0
1688724857122 0.940625011920929 0
1688724857216 0.981249988079071 0
1688724857306 1.0010416507720947 0
1688724857384 1.0104166269302368 0
1688724857470 1.0343749523162842 0
1688724857566 1.0645833015441895 0
1688724857708 1.0968749523162842 0
1688724857787 1.1302083730697632 0
1688724857879 1.1333333253860474 0
