1731665742600 0.7919921875 0
1731665742656 0.796875 0
1731665742713 0.8046875 0
1731665742771 0.7802734375 0
1731665742831 0.798828125 0
1731665742894 0.8486328125 0
1731665742959 0.888671875 0
1731665743025 0.9287109375 0
1731665743080 0.9052734375 0
1731665743135 0.9140625 0
1731665743191 0.93359375 0
1731665743292 0.919921875 0
1731665743357 0.947265625 0
1731665743415 0.966796875 0
1731665743476 1.0068359375 0
1731665743755 1.0166015625 0
1731665743822 1.0107421875 0
1731665743965 0.9912109375 0
1731665744072 1.025390625 0
1731665744143 1.0576171875 0
1731665744213 1.0869140625 0
