1705659152395 0.8152284026145935 0
1705659152441 0.8040609359741211 0
1705659152487 0.8253806829452515 0
1705659152532 0.817258894443512 0
1705659152579 0.8182741403579712 0
1705659152625 0.8406091332435608 0
1705659152672 0.8751268982887268 0
1705659152718 0.9045685529708862 0
1705659152764 0.8984771370887756 0
1705659152810 0.9411167502403259 0
1705659152856 0.9522842764854431 0
1705659152904 0.9502537846565247 0
1705659152950 0.9756345152854919 0
1705659152996 0.9756345152854919 0
1705659153042 0.9878172874450684 0
1705659153090 1.0213197469711304 0
1705659153150 1.0406091213226318 0
1705659153206 1.020304560661316 0
1705659153254 1.0355329513549805 0
1705659153308 1.069035530090332 0
1705659153365 1.0761420726776123 0
1705659153416 1.1055837869644165 0
1705659153464 1.120812177658081 0
1705659153515 1.1055837869644165 0
1705659153562 1.1360405683517456 0
1705659153608 1.1664974689483643 0
1705659153655 1.1421319246292114 0
1705659153702 1.17258882522583 0
1705659153750 1.196954369544983 0
1705659153806 1.2091370820999146 0
1705659153852 1.2609137296676636 0
1705659153899 1.2527918815612793 0
1705659153944 1.300507664680481 0
1705659153990 1.2497462034225464 0
1705659154037 1.3269035816192627 0
1705659154084 1.317766547203064 0
1705659154130 1.3624365329742432 0
1705659154177 1.365482211112976 0
1705659154223 1.4142131805419922 0
1705659154269 1.423350214958191 0
1705659154316 1.4020304679870605 0
1705659154363 1.4598984718322754 0
1705659154409 1.4568527936935425 0
1705659154455 1.4680203199386597 0
1705659154501 1.4629441499710083 0
