1684491161345 0.6967827007174492 0
1684491161398 0.6801651641726494 0
1684491161454 0.6485908403992653 0
1684491161504 0.5910321474075317 0
1684491161553 0.5107552856206894 0
1684491161598 0.440983559936285 0
1684491161635 0.4140205346047878 0
1684491161682 0.40478190779685974 0
1684491161730 0.3957633264362812 0
1684491161765 0.393467977643013 0
1684491161795 0.39275259524583817 0
1684491161826 0.3919547572731972 0
1684491161856 0.3918033428490162 0
1684491161898 0.391654621809721 0
1684491161946 0.3915517292916775 0
1684491162012 0.3912331499159336 0
1684491162060 0.3911541886627674 0
1684491162113 0.39096489176154137 0
1684491162161 0.3907833695411682 0
1684491162215 0.390635184943676 0
1684491162274 0.3904237449169159 0
1684491162328 0.3902403153479099 0
1684491162379 0.3899408131837845 0
1684491162427 0.3896920084953308 0
1684491162474 0.3894461467862129 0
1684491162521 0.3891538269817829 0
1684491162570 0.3890087828040123 0
1684491162624 0.3887198977172375 0
1684491162675 0.38827306032180786 0
1684491162718 0.38800904154777527 0
1684491162757 0.387607429176569 0
1684491162791 0.38716311380267143 0
1684491162822 0.38675111159682274 0
1684491162854 0.3863561227917671 0
1684491162886 0.3859616480767727 0
