1709892865228 0.847628653049469 0
1709892865289 0.8365287780761719 0
1709892865344 0.788092851638794 0
1709892865514 0.8688193559646606 0
1709892865573 0.931382417678833 0
1709892865630 0.9919273257255554 0
1709892865689 1.0191725492477417 0
1709892865807 1.0292633771896362 0
1709892865909 1.064581274986267 0
1709892865968 1.0898082256317139 0
1709892866144 1.1422805786132812 0
1709892866198 1.191725492477417 0
1709892866252 1.2502522468566895 0
1709892866306 1.2966700792312622 0
1709892866360 1.3501514196395874 0
1709892866418 1.397578239440918 0
1709892866477 1.4268416166305542 0
