1697191996380 0.7788065671920776 0
1697191996423 0.7911522388458252 0
1697191996465 0.806584358215332 0
1697191996496 0.8055555820465088 0
1697191996527 0.8004115223884583 0
1697191996558 0.8158436417579651 0
1697191996588 0.8230452537536621 0
1697191996619 0.806584358215332 0
1697191996652 0.790123462677002 0
1697191996683 0.8045267462730408 0
1697191996714 0.7911522388458252 0
1697191996744 0.798353910446167 0
1697191996772 0.8024691343307495 0
1697191996799 0.8004115223884583 0
1697191996827 0.8055555820465088 0
1697191996856 0.8230452537536621 0
1697191996884 0.8395061492919922 0
1697191996913 0.8672839403152466 0
1697191996941 0.8652263283729553 0
1697191996970 0.8652263283729553 0
1697191997001 0.8837448358535767 0
1697191997029 0.8930041193962097 0
1697191997059 0.9022634029388428 0
1697191997089 0.9218106865882874 0
1697191997116 0.9166666865348816 0
1697191997147 0.951646089553833 0
1697191997177 0.9495884776115417 0
1697191997207 0.9495884776115417 0
1697191997236 0.9711934328079224 0
1697191997266 0.959876537322998 0
