1684491152640 0.8207547068595886 0
1684491152686 0.8438155055046082 0
1684491152731 0.850104808807373 0
1684491152777 0.8584905862808228 0
1684491152823 0.8878406882286072 0
1684491152875 0.9402515888214111 0
1684491152979 0.9758909940719604 0
1684491153061 0.99895179271698 0
1684491153137 1.0188679695129395 0
1684491153209 1.0262054204940796 0
1684491153270 1.089098572731018 0
1684491153337 1.0870020389556885 0
1684491153412 1.0828092098236084 0
1684491153484 1.1624737977981567 0
1684491153550 1.1761006116867065 0
1684491153625 1.2075471878051758 0
1684491153690 1.2526205778121948 0
1684491153756 1.2452830076217651 0
