1714731257684 0.7897897958755493 0
1714731257726 0.7857857942581177 0
1714731257765 0.793793797492981 0
1714731257804 0.7867867946624756 0
1714731257843 0.781781792640686 0
1714731257881 0.7777777910232544 0
1714731257926 0.7807807922363281 0
1714731257969 0.770770788192749 0
1714731258008 0.770770788192749 0
1714731258047 0.7787787914276123 0
1714731258084 0.7767767906188965 0
1714731258120 0.7917917966842651 0
1714731258157 0.8008008003234863 0
1714731258194 0.8008008003234863 0
1714731258234 0.8028028011322021 0
1714731258277 0.815815806388855 0
1714731258322 0.8068068027496338 0
1714731258360 0.7957957983016968 0
1714731258403 0.8008008003234863 0
1714731258444 0.7987987995147705 0
1714731258485 0.8028028011322021 0
1714731258524 0.804804801940918 0
1714731258563 0.8178178071975708 0
1714731258600 0.8108108043670654 0
1714731258642 0.8168168067932129 0
1714731258682 0.8128128051757812 0
1714731258728 0.8178178071975708 0
1714731258771 0.804804801940918 0
1714731258810 0.7987987995147705 0
1714731258847 0.793793797492981 0
1714731258884 0.7897897958755493 0
1714731258920 0.7837837934494019 0
1714731258957 0.782782793045044 0
1714731258995 0.7797797918319702 0
1714731259034 0.7727727890014648 0
1714731259071 0.7677677869796753 0
1714731259106 0.7677677869796753 0
1714731259142 0.7687687873840332 0
1714731259180 0.7697697877883911 0
1714731259218 0.7727727890014648 0
1714731259255 0.7737737894058228 0
1714731259291 0.7757757902145386 0
1714731259330 0.7797797918319702 0
1714731259368 0.782782793045044 0
1714731259406 0.7847847938537598 0
1714731259443 0.7887887954711914 0
1714731259482 0.7807807922363281 0
1714731259518 0.7777777910232544 0
1714731259555 0.7837837934494019 0
1714731259593 0.7777777910232544 0
1714731259631 0.7767767906188965 0
1714731259668 0.782782793045044 0
1714731259706 0.7957957983016968 0
1714731259743 0.804804801940918 0
1714731259781 0.804804801940918 0
1714731259819 0.7977977991104126 0
1714731259856 0.8018018007278442 0
1714731259893 0.8088088035583496 0
1714731259932 0.8178178071975708 0
1714731259970 0.8178178071975708 0
1714731260006 0.8218218088150024 0
1714731260042 0.8448448181152344 0
1714731260079 0.8568568825721741 0
1714731260121 0.8708708882331848 0
1714731260161 0.879879891872406 0
1714731260199 0.8838838934898376 0
1714731260237 0.8828828930854797 0
1714731260277 0.8978978991508484 0
1714731260318 0.8928928971290588 0
1714731260358 0.9069069027900696 0
1714731260396 0.9169169068336487 0
