1720779273354 0.6870934125036001 0
1720779273407 0.6142581328749657 0
1720779273462 0.45932967122644186 0
1720779273523 0.40158977918326855 0
1720779273578 0.39429858420044184 0
1720779273644 0.3928421186283231 0
1720779273705 0.3924424918368459 0
1720779273758 0.39228759426623583 0
1720779273810 0.3920055665075779 0
1720779273863 0.39186433143913746 0
1720779273920 0.39164961222559214 0
1720779273982 0.3913705060258508 0
1720779274054 0.391145640052855 0
1720779274111 0.3909506304189563 0
1720779274165 0.3906594729050994 0
1720779274320 0.3904120437800884 0
1720779274395 0.3901635194197297 0
