1709287962278 0.6903523989021778 0
1709287962311 0.6828426532447338 0
1709287962343 0.6714263632893562 0
1709287962374 0.6496833935379982 0
1709287962406 0.6087766662240028 0
1709287962439 0.5435213819146156 0
1709287962474 0.46748791076242924 0
1709287962507 0.4167404770851135 0
1709287962540 0.40051984041929245 0
1709287962574 0.39671462774276733 0
1709287962606 0.39466735906898975 0
1709287962641 0.39360879734158516 0
1709287962674 0.3931420110166073 0
1709287962706 0.3928170818835497 0
1709287962738 0.3927537817507982 0
1709287962772 0.39255667477846146 0
1709287962803 0.3924384880810976 0
1709287962838 0.39241267554461956 0
1709287962873 0.39230496622622013 0
1709287962908 0.3922153413295746 0
1709287962946 0.392244391143322 0
1709287962982 0.39213556982576847 0
1709287963015 0.39208271354436874 0
1709287963047 0.39201818592846394 0
1709287963079 0.3919142261147499 0
1709287963109 0.3918510191142559 0
1709287963141 0.39179072342813015 0
1709287963175 0.3917414750903845 0
1709287963205 0.39159045927226543 0
1709287963236 0.3915328849107027 0
1709287963273 0.3914143890142441 0
1709287963312 0.3913645278662443 0
