1709287962284 0.8030303120613098 0
1709287962318 0.7818182110786438 0
1709287962349 0.7909091114997864 0
1709287962381 0.7959595918655396 0
1709287962412 0.8101010322570801 0
1709287962446 0.8282828330993652 0
1709287962481 0.8323232531547546 0
1709287962514 0.8191919326782227 0
1709287962547 0.8171716928482056 0
1709287962581 0.8121212124824524 0
1709287962613 0.8252525329589844 0
1709287962648 0.8393939137458801 0
1709287962681 0.8636363744735718 0
1709287962712 0.8909090757369995 0
1709287962744 0.9232323169708252 0
1709287962778 0.926262617111206 0
1709287962810 0.9323232173919678 0
1709287962844 0.9333333373069763 0
1709287962881 0.9515151381492615 0
1709287962916 0.9434343576431274 0
1709287962954 0.9636363387107849 0
1709287962990 0.9757575988769531 0
1709287963021 0.9808080792427063 0
1709287963055 0.978787899017334 0
1709287963086 0.991919219493866 0
1709287963116 0.9767676591873169 0
1709287963149 1.0121212005615234 0
1709287963181 1.016161561012268 0
1709287963212 1.0141414403915405 0
1709287963243 1.019191861152649 0
1709287963280 1.019191861152649 0
1709287963320 1.0272727012634277 0
