1689934432876 0.795218288898468 0
1689934432913 0.8243243098258972 0
1689934432948 0.8149688243865967 0
1689934432983 0.8118503093719482 0
1689934433019 0.8212057948112488 0
1689934433055 0.812889814376831 0
1689934433103 0.8295218348503113 0
1689934433137 0.8950104117393494 0
1689934433172 0.957380473613739 0
1689934433216 0.9490644335746765 0
1689934433253 0.9459459185600281 0
1689934433299 0.9594594836235046 0
1689934433346 0.9625779390335083 0
1689934433386 1.0083160400390625 0
1689934433433 1.0010395050048828 0
1689934433470 1.0062370300292969 0
1689934433544 1.0561330318450928 0
1689934433599 1.0613305568695068 0
1689934433687 1.1029106378555298 0
1689934433724 1.1403326988220215 0
1689934433758 1.180873155593872 0
1689934433794 1.217255711555481 0
1689934433828 1.2016632556915283 0
1689934433863 1.2733887434005737 0
1689934433898 1.3461538553237915 0
1689934433932 1.3856549263000488 0
