1708683288257 0.6867778599262238 0
1708683288321 0.6334790401160717 0
1708683288381 0.49209288880228996 0
1708683288441 0.40170055255293846 0
1708683288507 0.3949231915175915 0
1708683288576 0.39251947589218616 0
1708683288645 0.391803614795208 0
1708683288707 0.39156475476920605 0
1708683288768 0.391357259824872 0
1708683288829 0.3910115137696266 0
1708683288887 0.39086028188467026 0
1708683288946 0.3905356992036104 0
1708683289007 0.39011935889720917 0
1708683289065 0.3898436948657036 0
1708683289130 0.38944883830845356 0
1708683289198 0.3890777677297592 0
1708683289261 0.388657134026289 0
1708683289322 0.3880907166749239 0
1708683289381 0.3875926975160837 0
