1686305759630 0.6962966546416283 0
1686305759680 0.6947325095534325 0
1686305759726 0.692932166159153 0
1686305759772 0.6911331191658974 0
1686305759818 0.6892178803682327 0
1686305759862 0.6870119348168373 0
1686305759903 0.6848385334014893 0
1686305759943 0.6822965070605278 0
1686305759994 0.6792850121855736 0
1686305760036 0.6760424673557281 0
1686305760115 0.672495111823082 0
1686305760155 0.6683899387717247 0
1686305760371 0.6638562232255936 0
1686305760403 0.6585126295685768 0
1686305760450 0.6527182012796402 0
1686305760530 0.6460650339722633 0
1686305760584 0.6386821120977402 0
1686305760635 0.630845382809639 0
1686305760730 0.6220005005598068 0
1686305760779 0.612407311797142 0
1686305760847 0.6027657091617584 0
1686305760903 0.5924811661243439 0
1686305760949 0.5810905396938324 0
1686305761113 0.5696766301989555 0
1686305761163 0.5573008880019188 0
1686305761237 0.5446577817201614 0
1686305761318 0.5323424115777016 0
1686305761374 0.5198342800140381 0
1686305761429 0.5076183155179024 0
1686305761501 0.49601374939084053 0
1686305761610 0.4849003963172436 0
1686305761668 0.4743431955575943 0
1686305761720 0.46429483219981194 0
1686305761826 0.4557590149343014 0
1686305761854 0.44789430126547813 0
1686305761882 0.44089556857943535 0
1686305761910 0.43473242968320847 0
1686305761937 0.4296725317835808 0
1686305761965 0.42463841661810875 0
1686305761993 0.42110515758395195 0
1686305762020 0.41797810792922974 0
1686305762048 0.4144636318087578 0
1686305762077 0.4118098057806492 0
1686305762105 0.4097231514751911 0
1686305762134 0.40751950815320015 0
1686305762163 0.4058806449174881 0
1686305762191 0.40401842817664146 0
1686305762219 0.40302036330103874 0
1686305762248 0.40175166353583336 0
1686305762279 0.4006938077509403 0
1686305762307 0.3998592346906662 0
1686305762398 0.3988230489194393 0
1686305762508 0.39828330278396606 0
1686305762570 0.3978005573153496 0
1686305762622 0.3970741033554077 0
1686305762699 0.39640306681394577 0
1686305762792 0.3957391753792763 0
1686305762863 0.39561401307582855 0
1686305762918 0.3951534517109394 0
1686305762980 0.39466825500130653 0
1686305763043 0.3944837413728237 0
1686305763106 0.39438558742403984 0
1686305763164 0.3940703012049198 0
1686305763222 0.3936762325465679 0
1686305763278 0.3936130031943321 0
1686305763442 0.3934328071773052 0
1686305763488 0.393166147172451 0
1686305763522 0.3930302560329437 0
1686305763550 0.3928956314921379 0
1686305763578 0.39280178770422935 0
1686305763629 0.39269034937024117 0
1686305763680 0.39256930723786354 0
1686305763733 0.3925535976886749 0
1686305763795 0.3923429101705551 0
1686305763852 0.3922857716679573 0
1686305763898 0.39226794242858887 0
1686305763939 0.392253078520298 0
