1705054439517 0.7611788511276245 0
1705054439561 0.767276406288147 0
1705054439605 0.7906504273414612 0
1705054439664 0.7825203537940979 0
1705054439734 0.7754064798355103 0
1705054439796 0.7835366129875183 0
1705054439837 0.7876016497612 0
1705054439880 0.809959352016449 0
1705054439924 0.8221544623374939 0
1705054439967 0.8394308686256409 0
1705054440009 0.8434959053993225 0
1705054440053 0.869918704032898 0
1705054440100 0.8932926654815674 0
1705054440144 0.9024389982223511 0
1705054440188 0.952235758304596 0
1705054440232 0.9258130192756653 0
1705054440276 0.9532520174980164 0
1705054440318 0.9634146094322205 0
1705054440361 0.9623983502388 0
1705054440403 0.9644308686256409 0
1705054440446 1.0030487775802612 0
1705054440488 0.9939024448394775 0
1705054440529 0.9979674816131592 0
1705054440571 0.9939024448394775 0
1705054440613 1.0284552574157715 0
1705054440656 1.0406503677368164 0
1705054440708 1.0548779964447021 0
1705054440769 1.051829218864441 0
1705054440815 1.0823171138763428 0
1705054440884 1.0843496322631836 0
1705054440992 1.0660569667816162 0
1705054441034 1.0894309282302856 0
1705054441076 1.1036585569381714 0
1705054441182 1.1260162591934204 0
1705054441272 1.1453251838684082 0
1705054441331 1.169715404510498 0
1705054441376 1.169715404510498 0
1705054441552 1.1859755516052246 0
1705054441640 1.1941057443618774 0
1705054441715 1.1920732259750366 0
1705054441769 1.2093496322631836 0
1705054441826 1.2184959650039673 0
1705054441893 1.2113821506500244 0
1705054441948 1.239837408065796 0
1705054441993 1.255081295967102 0
