1729851334637 0.8080313205718994 0
1729851334674 0.8001958727836609 0
1729851334712 0.7864838242530823 0
1729851334748 0.8070518970489502 0
1729851334784 0.796278178691864 0
1729851334821 0.7874632477760315 0
1729851334857 0.7874632477760315 0
1729851334893 0.7776689529418945 0
1729851334929 0.8050930500030518 0
1729851334965 0.8041136264801025 0
1729851335000 0.8099902272224426 0
1729851335037 0.8099902272224426 0
1729851335075 0.8109696507453918 0
1729851335111 0.8090107440948486 0
1729851335148 0.8129284977912903 0
1729851335233 0.8099902272224426 0
1729851335276 0.8188050985336304 0
1729851335318 0.832517147064209 0
1729851335363 0.8628795146942139 0
1729851335405 0.8775709867477417 0
1729851335445 0.9118511080741882 0
1729851335486 0.9353575110435486 0
1729851335530 0.9578844308853149 0
1729851335573 0.9627816081047058 0
1729851335611 0.973555326461792 0
1729851335647 0.990205705165863 0
1729851335684 0.9941233992576599 0
1729851335720 1.0176297426223755 0
1729851335757 1.0381978750228882 0
1729851335794 1.0342800617218018 0
1729851335830 1.0509305000305176 0
1729851335867 1.0499510765075684 0
1729851335904 1.0333006381988525 0
1729851335939 1.063663125038147 0
1729851335977 1.0675808191299438 0
1729851336013 1.0803134441375732 0
1729851336049 1.1047992706298828 0
1729851336098 1.121449589729309 0
1729851336140 1.1429970264434814 0
1729851336180 1.1332027912139893 0
1729851336218 1.1449558734893799 0
