1711102405981 0.766364574432373 0
1711102406029 0.7975831031799316 0
1711102406075 0.790533721446991 0
1711102406118 0.808660626411438 0
1711102406161 0.8126888275146484 0
1711102406207 0.7945619225502014 0
1711102406351 0.790533721446991 0
1711102406392 0.8056395053863525 0
1711102406431 0.7925478219985962 0
1711102406488 0.7935549020767212 0
1711102406641 0.7875126004219055 0
1711102406759 0.7895267009735107 0
1711102406854 0.7975831031799316 0
1711102406892 0.8066465258598328 0
1711102406931 0.8096676468849182 0
1711102406971 0.8207452297210693 0
1711102407010 0.862034261226654 0
1711102407050 0.8892245888710022 0
1711102407088 0.9103726148605347 0
1711102407128 0.9154078364372253 0
1711102407166 0.9063444137573242 0
1711102407206 0.9113796353340149 0
1711102407332 0.9184290170669556 0
1711102407374 0.9184290170669556 0
1711102407411 0.9345418214797974 0
1711102407448 0.9234642386436462 0
1711102407485 0.9355488419532776 0
1711102407526 0.9516616463661194 0
1711102407568 0.9425981640815735 0
1711102407656 0.9587109684944153 0
1711102407738 0.9788519740104675 0
1711102407780 0.9587109684944153 0
1711102407823 0.9597180485725403 0
1711102407927 0.965760350227356 0
1711102408056 0.9889224767684937 0
1711102408118 0.9848942756652832 0
1711102408156 1.0 0
1711102408198 1.0020140409469604 0
1711102408237 1.0161128044128418 0
1711102408276 1.0292044878005981 0
1711102408313 1.0191339254379272 0
1711102408352 1.044310212135315 0
1711102408493 1.0493453741073608 0
1711102408538 1.0493453741073608 0
1711102408575 1.0513595342636108 0
1711102408612 1.0634441375732422 0
1711102408652 1.0815709829330444 0
1711102408691 1.0835851430892944 0
