1711707201452 0.6953872218728065 0
1711707201495 0.6912778876721859 0
1711707201535 0.6860694997012615 0
1711707201574 0.6782312355935574 0
1711707201613 0.6660935431718826 0
1711707201653 0.6471759676933289 0
1711707201694 0.6201606690883636 0
1711707201732 0.584668729454279 0
1711707201774 0.5425936430692673 0
1711707201819 0.49871532805263996 0
1711707201870 0.4599296562373638 0
1711707201913 0.4316454101353884 0
1711707201950 0.41458604484796524 0
1711707201987 0.4055861830711365 0
1711707202025 0.4008406475186348 0
1711707202063 0.39807200990617275 0
1711707202110 0.396239185705781 0
1711707202154 0.39500932954251766 0
1711707202196 0.3941667973995209 0
1711707202237 0.39367495104670525 0
1711707202275 0.3931920602917671 0
1711707202317 0.39290276169776917 0
1711707202358 0.39272979460656643 0
1711707202397 0.39253562316298485 0
1711707202437 0.3924733716994524 0
