1732875405273 0.6797642006593592 0
1732875405338 0.6673108128940358 0
1732875405395 0.6457404669593362 0
1732875405448 0.6039283626219806 0
1732875405495 0.5333535478395575 0
1732875405538 0.4563397817751941 0
1732875405582 0.41022136281518373 0
1732875405626 0.40009233355522156 0
1732875405677 0.39513104978729696 0
1732875405721 0.3937843249124639 0
1732875405767 0.393321016255547 0
1732875405814 0.3928660750389099 0
1732875405864 0.3922789605224834 0
1732875405920 0.3919514610486872 0
1732875405976 0.3922487883006825 0
1732875406018 0.39227718114852905 0
1732875406060 0.39212120631161856 0
