1729246596248 0.689188489690423 0
1729246596298 0.6439448166638613 0
1729246596348 0.539370184764266 0
1729246596395 0.43578630313277245 0
1729246596444 0.40332764107733965 0
1729246596497 0.39545890409499407 0
1729246596548 0.3931117560714483 0
1729246596598 0.39233501721173525 0
1729246596647 0.392071139998734 0
1729246596699 0.39185300562530756 0
1729246596747 0.3916807007044554 0
1729246596794 0.3914822181686759 0
1729246596842 0.3913372987881303 0
1729246596889 0.3911761725321412 0
1729246596937 0.3910122560337186 0
1729246596996 0.3907259125262499 0
1729246597046 0.3905544448643923 0
