1729851331113 0.7894221544265747 0
1729851331148 0.7894221544265747 0
1729851331183 0.7992164492607117 0
1729851331218 0.7904015779495239 0
1729851331253 0.7884427309036255 0
1729851331289 0.7855044007301331 0
1729851331377 0.7972576022148132 0
1729851331419 0.8050930500030518 0
1729851331456 0.7864838242530823 0
1729851331492 0.7894221544265747 0
1729851331527 0.7943192720413208 0
1729851331562 0.7972576022148132 0
1729851331601 0.7982370257377625 0
1729851331638 0.8001958727836609 0
1729851331673 0.7972576022148132 0
1729851331708 0.8041136264801025 0
1729851331742 0.8011752963066101 0
1729851331777 0.7992164492607117 0
1729851331812 0.8099902272224426 0
1729851331848 0.8197845220565796 0
1729851331882 0.8305583000183105 0
1729851331917 0.8707149624824524 0
1729851331951 0.8863859176635742 0
1729851331987 0.8893241882324219 0
1729851332021 0.9020568132400513 0
1729851332100 0.895200788974762 0
1729851332139 0.9098922610282898 0
1729851332176 0.9294809103012085 0
1729851332216 0.9294809103012085 0
1729851332255 0.9392752051353455 0
1729851332293 0.9461312294006348 0
1729851332333 0.937316358089447 0
1729851332373 0.9441723823547363 0
1729851332414 0.9441723823547363 0
1729851332451 0.9578844308853149 0
1729851332486 0.9588638544082642 0
1729851332521 0.9618021249771118 0
1729851332555 0.947110652923584 0
1729851332590 0.9657198786735535 0
1729851332624 0.973555326461792 0
1729851332659 0.9755141735076904 0
1729851332693 0.9833496809005737 0
1729851332728 0.9813907742500305 0
1729851332762 0.9882467985153198 0
1729851332797 0.9882467985153198 0
1729851332833 0.9980411529541016 0
1729851332868 1.0009794235229492 0
1729851332904 0.9970617294311523 0
1729851332939 1.0186091661453247 0
1729851332972 1.0097943544387817 0
1729851333007 1.0029382705688477 0
1729851333042 1.010773777961731 0
1729851333077 1.0117532014846802 0
1729851333117 1.0225269794464111 0
1729851333157 1.0293829441070557 0
1729851333200 1.0509305000305176 0
1729851333240 1.057786464691162 0
1729851333280 1.056807041168213 0
1729851333316 1.0607247352600098 0
1729851333351 1.0773751735687256 0
