1718359991380 0.788844645023346 0
1718359991411 0.8147410154342651 0
1718359991446 0.8207171559333801 0
1718359991478 0.8227091431617737 0
1718359991510 0.8217131495475769 0
1718359991543 0.8057768940925598 0
1718359991574 0.7958167195320129 0
1718359991605 0.798804759979248 0
1718359991636 0.8127490282058716 0
1718359991667 0.8446215391159058 0
1718359991698 0.9173306822776794 0
1718359991729 0.9810757040977478 0
1718359991761 1.0039840936660767 0
1718359991792 1.025896430015564 0
1718359991826 1.048804759979248 0
1718359991858 1.0756971836090088 0
1718359991891 1.0737051963806152 0
1718359991924 1.1025896072387695 0
1718359991957 1.1025896072387695 0
1718359991992 1.140438199043274 0
