1680343634654 0.8035902976989746 0
1680343634694 0.8152059316635132 0
1680343634732 0.8225976824760437 0
1680343634770 0.8067581653594971 0
1680343634807 0.8099260926246643 0
1680343634845 0.7898627519607544 0
1680343634883 0.7993664145469666 0
1680343634922 0.8173178434371948 0
1680343634962 0.8035902976989746 0
1680343635002 0.7972545027732849 0
1680343635039 0.7961985468864441 0
1680343635077 0.8057022094726562 0
1680343635114 0.8109820485115051 0
1680343635152 0.8067581653594971 0
1680343635190 0.8152059316635132 0
1680343635227 0.8257655501365662 0
1680343635265 0.8278775215148926 0
1680343635303 0.8511087894439697 0
1680343635342 0.8743399977684021 0
1680343635381 0.8848996758460999 0
1680343635420 0.8996832370758057 0
1680343635460 0.893347442150116 0
1680343635497 0.9334741234779358 0
1680343635538 0.9355860352516174 0
1680343635576 0.9355860352516174 0
1680343635613 0.9429778456687927 0
1680343635649 0.9419218301773071 0
1680343635687 0.9493136405944824 0
1680343635723 0.9693769812583923 0
