1710497566853 0.6863337904214859 0
1710497566889 0.6835879161953926 0
1710497567110 0.6805899143218994 0
1710497567163 0.6770220249891281 0
1710497567209 0.6726117208600044 0
1710497567298 0.6667727679014206 0
1710497567406 0.6590447649359703 0
1710497567472 0.6488337814807892 0
1710497567507 0.6357651278376579 0
1710497567543 0.6196800395846367 0
1710497567578 0.6006868556141853 0
1710497567629 0.5787625089287758 0
1710497567675 0.5549600794911385 0
1710497567727 0.5303516387939453 0
1710497567776 0.5059941932559013 0
1710497567958 0.4837450757622719 0
1710497568090 0.46434247121214867 0
1710497568135 0.4481997601687908 0
1710497568172 0.43571414798498154 0
1710497568209 0.42630092427134514 0
1710497568320 0.4191193990409374 0
1710497568361 0.4135597534477711 0
1710497568406 0.4092043898999691 0
1710497568442 0.4057394005358219 0
1710497568477 0.4028412662446499 0
1710497568520 0.4006686732172966 0
1710497568556 0.3988914377987385 0
1710497568597 0.39745743945240974 0
1710497568697 0.3962666280567646 0
1710497568749 0.3953682444989681 0
1710497568797 0.3946685269474983 0
1710497568860 0.39406223595142365 0
1710497568944 0.3936396725475788 0
1710497569233 0.3932483233511448 0
1710497569401 0.3929516188800335 0
1710497569500 0.39268893375992775 0
1710497569564 0.3925110995769501 0
1710497569646 0.3923687972128391 0
1710497569718 0.3922341950237751 0
1710497569756 0.39209141582250595 0
1710497569796 0.39197927340865135 0
1710497569835 0.3919243551790714 0
1710497569895 0.39181479066610336 0
1710497569956 0.39174988120794296 0
1710497569996 0.3916551284492016 0
1710497570035 0.3916105851531029 0
1710497570077 0.39155086874961853 0
1710497570128 0.3914686515927315 0
1710497570174 0.3914162293076515 0
1710497570213 0.3913990668952465 0
1710497570247 0.39131399616599083 0
1710497570284 0.3912419192492962 0
1710497570318 0.39120157808065414 0
1710497570355 0.39115846529603004 0
1710497570405 0.3911055363714695 0
1710497570452 0.3910435661673546 0
1710497570640 0.39099685102701187 0
1710497570723 0.390934843569994 0
1710497570811 0.39088815450668335 0
1710497570913 0.39085493981838226 0
1710497570975 0.39078814908862114 0
1710497571022 0.39072247967123985 0
