1707473641239 0.6722239294359761 0
1707473641373 0.5322522184541149 0
1707473641458 0.399633627745413 0
1707473641549 0.3929303317300735 0
1707473641644 0.39250463920254863 0
1707473641714 0.39207687397156993 0
1707473641782 0.3917823770353871 0
1707473641854 0.39141391169640327 0
1707473641922 0.39119797175930393 0
1707473641992 0.3907258318316552 0
1707473642058 0.39032291212389547 0
1707473642132 0.3899556427232681 0
1707473642217 0.3895420028317359 0
1707473642292 0.3890074760683121 0
1707473642395 0.38852188760234463 0
1707473642465 0.3879133222564574 0
1707473642539 0.3873305541853751 0
1707473642609 0.3866629562070293 0
