1719569682939 0.8061630129814148 0
1719569683012 0.820079505443573 0
1719569683110 0.8061630129814148 0
1719569683179 0.8061630129814148 0
1719569683240 0.8190854787826538 0
1719569683302 0.8409543037414551 0
1719569683358 0.9005964398384094 0
1719569683415 0.9095427393913269 0
1719569683469 0.9463220834732056 0
1719569683522 0.9791252613067627 0
1719569683576 0.987077534198761 0
1719569683638 0.9801192879676819 0
1719569683710 1.0228627920150757 0
1719569683781 1.0089462995529175 0
1719569683857 1.0467196702957153 0
1719569683933 1.0576540231704712 0
1719569684010 1.0904572010040283 0
1719569684078 1.104373812675476 0
1719569684146 1.1272366046905518 0
1719569684218 1.1451292037963867 0
1719569684464 1.1759443283081055 0
1719569684644 1.1769384145736694 0
1719569684712 1.211729645729065 0
