1697796774041 0.7759506702423096 0
1697796774064 0.7687564492225647 0
1697796774087 0.761562168598175 0
1697796774111 0.761562168598175 0
1697796774137 0.7636176943778992 0
1697796774164 0.7677286863327026 0
1697796774189 0.7636176943778992 0
1697796774213 0.7749229073524475 0
1697796774238 0.7841726541519165 0
1697796774262 0.8006166219711304 0
1697796774284 0.7862281799316406 0
1697796774308 0.7831448912620544 0
1697796774329 0.7821171879768372 0
1697796774351 0.7903391718864441 0
1697796774373 0.7923946380615234 0
1697796774398 0.8036999106407166 0
1697796774422 0.8119218945503235 0
1697796774445 0.8119218945503235 0
1697796774468 0.8006166219711304 0
1697796774490 0.8016443848609924 0
1697796774514 0.798561155796051 0
1697796774536 0.798561155796051 0
1697796774559 0.7913669347763062 0
1697796774582 0.7954779267311096 0
1697796774604 0.797533392906189 0
1697796774626 0.8036999106407166 0
1697796774651 0.8098663687705994 0
1697796774674 0.816032886505127 0
1697796774696 0.8283658623695374 0
1697796774717 0.8191161155700684 0
1697796774739 0.8314491510391235 0
1697796774760 0.8273381590843201 0
1697796774780 0.8396711349487305 0
1697796774801 0.8437821269035339 0
1697796774822 0.8489208817481995 0
1697796774844 0.854059636592865 0
1697796774865 0.8571428656578064 0
1697796774885 0.8602260947227478 0
1697796774906 0.8684480786323547 0
1697796774927 0.8735868334770203 0
1697796774948 0.8828365802764893 0
1697796774969 0.8890030980110168 0
1697796774990 0.8879753351211548 0
1697796775011 0.9064748287200928 0
1697796775034 0.9116135835647583 0
1697796775060 0.9095580577850342 0
1697796775081 0.9280575513839722 0
