1720174503613 0.6892308667302132 0
1720174503717 0.6804639622569084 0
1720174503771 0.6676732674241066 0
1720174503815 0.6475680619478226 0
1720174503858 0.6168553456664085 0
1720174503900 0.5742090865969658 0
1720174503941 0.5228259116411209 0
1720174503979 0.47390051558613777 0
1720174504018 0.43977971747517586 0
1720174504063 0.4219903387129307 0
1720174504109 0.4115213342010975 0
1720174504159 0.40364837646484375 0
1720174504210 0.39856625348329544 0
1720174504260 0.3958735652267933 0
1720174504311 0.3941751904785633 0
1720174504358 0.3932148441672325 0
1720174504410 0.39254995435476303 0
1720174504459 0.3921418711543083 0
1720174504514 0.39185138791799545 0
1720174504569 0.391651913523674 0
1720174504612 0.3914845883846283 0
1720174504657 0.39131784439086914 0
1720174504699 0.39119163155555725 0
1720174504746 0.3910601735115051 0
1720174504790 0.3909088782966137 0
1720174504834 0.39078307896852493 0
1720174504876 0.3906523995101452 0
1720174504928 0.3904946483671665 0
1720174504976 0.3903706893324852 0
1720174505032 0.39021313562989235 0
1720174505088 0.39007459953427315 0
1720174505132 0.38988812640309334 0
1720174505175 0.3897596523165703 0
1720174505216 0.38956162706017494 0
1720174505271 0.38939393684268 0
1720174505321 0.38919245079159737 0
1720174505372 0.3889838866889477 0
1720174505428 0.38880226761102676 0
1720174505489 0.38859112188220024 0
1720174505549 0.38835569098591805 0
1720174505598 0.388125691562891 0
1720174505657 0.3878840245306492 0
1720174505714 0.38763390854001045 0
1720174505786 0.38736772909760475 0
