1720174503623 0.7884806394577026 0
1720174503731 0.7994041442871094 0
1720174503781 0.7924528121948242 0
1720174503825 0.8202582001686096 0
1720174503868 0.825223445892334 0
1720174503910 0.8212512135505676 0
1720174503950 0.826216459274292 0
1720174503988 0.817279040813446 0
1720174504030 0.8113207817077637 0
1720174504073 0.8133068680763245 0
1720174504122 0.8133068680763245 0
1720174504169 0.8202582001686096 0
1720174504220 0.8301886916160583 0
1720174504271 0.8351539373397827 0
1720174504322 0.8520357608795166 0
1720174504370 0.8788480758666992 0
1720174504420 0.8848063349723816 0
1720174504471 0.9205561280250549 0
1720174504527 0.9304866194725037 0
1720174504579 0.9672293663024902 0
1720174504622 0.968222439289093 0
1720174504666 0.9721946120262146 0
1720174504710 1.0039721727371216 0
1720174504756 1.021847128868103 0
1720174504801 1.04667329788208 0
1720174504844 1.0695134401321411 0
1720174504889 1.0923535823822021 0
1720174504940 1.11221444606781 0
1720174504990 1.129096269607544 0
1720174505047 1.1320754289627075 0
1720174505101 1.1549155712127686 0
1720174505143 1.173783540725708 0
1720174505184 1.1946375370025635 0
1720174505226 1.215491533279419 0
1720174505283 1.2423038482666016 0
1720174505331 1.278053641319275 0
1720174505384 1.3038729429244995 0
1720174505441 1.3237338066101074 0
1720174505503 1.3227407932281494 0
1720174505560 1.3316782712936401 0
1720174505612 1.366434931755066 0
1720174505668 1.388282060623169 0
1720174505728 1.4200595617294312 0
1720174505801 1.4448858499526978 0
