1710497588214 0.7691532373428345 0
1710497588317 0.8135080933570862 0
1710497588531 0.7802419066429138 0
1710497588587 0.8245967626571655 0
1710497588726 0.9243951439857483 0
1710497588791 0.9294354915618896 0
1710497588866 0.961693525314331 0
1710497589036 0.9667338728904724 0
1710497589179 0.9838709831237793 0
1710497589244 1.0161290168762207 0
1710497589420 1.0685484409332275 0
1710497589479 1.0655242204666138 0
1710497589595 1.110887050628662 0
1710497589695 1.1522177457809448 0
1710497589755 1.200604796409607 0
1710497589819 1.2389112710952759 0
1710497589882 1.2197580337524414 0
1710497589978 1.2772177457809448 0
1710497590028 1.326612949371338 0
1710497590093 1.3528225421905518 0
1710497590156 1.3830645084381104 0
1710497590210 1.4465725421905518 0
1710497590260 1.4586693048477173 0
1710497590338 1.4989919662475586 0
1710497590384 1.5897177457809448 0
