1710497588204 0.6822257339954376 0
1710497588280 0.6126986481249332 0
1710497588523 0.46220348589122295 0
1710497588578 0.4010573849081993 0
1710497588714 0.39388492703437805 0
1710497588783 0.39282243698835373 0
1710497588853 0.3922770842909813 0
1710497588930 0.39190974831581116 0
1710497589170 0.39173760637640953 0
1710497589232 0.39148869924247265 0
1710497589411 0.39123392663896084 0
1710497589469 0.39102137833833694 0
1710497589583 0.3908034898340702 0
1710497589684 0.3904608879238367 0
1710497589746 0.3901637401431799 0
1710497589808 0.38986311107873917 0
1710497589870 0.38942478224635124 0
1710497589971 0.38919228687882423 0
1710497590018 0.38877756521105766 0
1710497590082 0.38832884281873703 0
1710497590145 0.38798128068447113 0
1710497590202 0.38747030310332775 0
1710497590252 0.3870886694639921 0
1710497590331 0.3865187130868435 0
1710497590377 0.3859026487916708 0
