1695982355690 0.8290421962738037 0
1695982355725 0.8280123472213745 0
1695982355882 0.8238928914070129 0
1695982355922 0.8115345239639282 0
1695982355992 0.8084449172019958 0
1695982356051 0.8156539797782898 0
1695982356095 0.8197734355926514 0
1695982356157 0.8269824981689453 0
1695982356215 0.8311019539833069 0
1695982356263 0.8383110165596008 0
1695982356308 0.8218331336975098 0
1695982356346 0.8650875091552734 0
1695982356382 0.9021627306938171 0
1695982356415 0.9680741429328918 0
1695982356468 0.970133900642395 0
1695982356550 0.9618949294090271 0
1695982356680 0.9969103932380676 0
1695982356774 1.0061792135238647 0
1695982356866 1.0329557657241821 0
1695982356982 1.0319257974624634 0
1695982357032 1.0504634380340576 0
1695982357079 1.054582953453064 0
