1689329661903 0.6739259622991085 0
1689329661969 0.5685210041701794 0
1689329662032 0.4178009908646345 0
1689329662093 0.4002740792930126 0
1689329662156 0.39258733950555325 0
1689329662216 0.3927002437412739 0
1689329662277 0.3911125063896179 0
1689329662336 0.39196744561195374 0
1689329662397 0.39200535975396633 0
1689329662459 0.3915821202099323 0
1689329662522 0.39081537909805775 0
1689329662583 0.3900539558380842 0
1689329662645 0.3905501663684845 0
1689329662706 0.3899039551615715 0
1689329662768 0.38971418887376785 0
1689329662831 0.38896114006638527 0
1689329662895 0.3878380563110113 0
1689329662956 0.38730583526194096 0
1689329663019 0.38722772523760796 0
1689329663079 0.38562886230647564 0
1689329663140 0.38582247123122215 0
1689329663203 0.385031022131443 0
1689329663268 0.38470637798309326 0
