1704449585725 0.8382502794265747 0
1704449585755 0.8280773162841797 0
1704449585785 0.8067141175270081 0
1704449585819 0.7894201278686523 0
1704449585846 0.7995930910110474 0
1704449585873 0.7894201278686523 0
1704449585900 0.7639877796173096 0
1704449585927 0.7538148760795593 0
1704449585957 0.7538148760795593 0
1704449585987 0.7558494210243225 0
1704449586017 0.7660223841667175 0
1704449586046 0.7751780152320862 0
1704449586072 0.8036622405052185 0
1704449586100 0.8362156748771667 0
1704449586126 0.8555442690849304 0
1704449586158 0.8606307506561279 0
1704449586185 0.8779247403144836 0
1704449586214 0.8870803713798523 0
