1704449585719 0.6837433576583862 0
1704449585749 0.6749572604894638 0
1704449585779 0.6635217592120171 0
1704449585813 0.6476749554276466 0
1704449585840 0.6255067512392998 0
1704449585867 0.5944508761167526 0
1704449585894 0.553355798125267 0
1704449585921 0.5048642754554749 0
1704449585952 0.4569929800927639 0
1704449585981 0.4217693619430065 0
1704449586010 0.40450723841786385 0
1704449586040 0.3996390514075756 0
1704449586067 0.3973916210234165 0
1704449586094 0.39513885974884033 0
1704449586121 0.39357809349894524 0
1704449586151 0.3929392956197262 0
1704449586179 0.39265426620841026 0
1704449586208 0.39243778586387634 0
