1682072111573 0.6904728611310323 0
1682072111622 0.6752569516499837 0
1682072111661 0.649058465162913 0
1682072111701 0.6003609736760457 0
1682072111741 0.5233489414056142 0
1682072111779 0.442139607667923 0
1682072111821 0.40395617485046387 0
1682072111913 0.39732606410980226 0
1682072111983 0.39407296975453693 0
1682072112060 0.3930313646793365 0
1682072112129 0.3927007973194122 0
1682072112208 0.39247389833132423 0
1682072112274 0.3923776686191559 0
1682072112324 0.3922589103380839 0
1682072112365 0.3921528180440267 0
1682072112403 0.3920342008272807 0
1682072112441 0.39195206960042317 0
1682072112488 0.3918446183204651 0
1682072112565 0.3917377849419912 0
1682072112637 0.3916873633861542 0
1682072112719 0.39153383374214173 0
1682072112818 0.39141539931297303 0
1682072112923 0.39130754470825196 0
1682072113007 0.3912023941675822 0
1682072113165 0.3911070307095846 0
1682072113209 0.3909447292486827 0
1682072113247 0.3908132016658783 0
1682072113285 0.3907287657260895 0
1682072113345 0.3905609885851542 0
1682072113382 0.39040145874023435 0
1682072113421 0.39022671381632484 0
1682072113457 0.39009066224098204 0
1682072113493 0.38988251288731895 0
1682072113530 0.38971285820007323 0
1682072113566 0.3894822438557943 0
1682072113603 0.3892725606759389 0
