1725012932096 0.8126232624053955 0
1725012932139 0.8057199120521545 0
1725012932183 0.8086785078048706 0
1725012932224 0.8205128312110901 0
1725012932265 0.8126232624053955 0
1725012932330 0.8136094808578491 0
1725012932383 0.841222882270813 0
1725012932444 0.8293885588645935 0
1725012932490 0.827416181564331 0
1725012932532 0.8254438042640686 0
1725012932572 0.8382642865180969 0
1725012932617 0.8500986099243164 0
1725012932661 0.8530572056770325 0
1725012932704 0.8658776879310608 0
1725012932852 0.874753475189209 0
1725012932893 0.9063116312026978 0
1725012932935 0.9289940595626831 0
1725012932977 0.9566075205802917 0
1725012933019 0.9437869787216187 0
1725012933136 0.9516765475273132 0
1725012933183 0.9536489248275757 0
1725012933231 0.9654832482337952 0
1725012933311 0.9694280028343201 0
1725012933355 0.9842209219932556 0
