1692353722848 0.806217610836029 0
1692353722890 0.8321243524551392 0
1692353722941 0.8279792666435242 0
1692353722978 0.8487046360969543 0
1692353723011 0.8383419513702393 0
1692353723044 0.8435233235359192 0
1692353723076 0.8414507508277893 0
1692353723109 0.8341968655586243 0
1692353723141 0.8321243524551392 0
1692353723178 0.8341968655586243 0
1692353723222 0.8362694382667542 0
1692353723254 0.8393782377243042 0
1692353723317 0.8518134951591492 0
1692353723353 0.8466321229934692 0
1692353723385 0.9036269187927246 0
1692353723419 0.9170984625816345 0
1692353723451 0.9098445773124695 0
1692353723529 0.9233160614967346 0
1692353723561 0.9295336604118347 0
1692353723615 0.9336787462234497 0
1692353723684 0.9533678889274597 0
1692353723749 0.9616580605506897 0
1692353723807 0.9678756594657898 0
1692353723876 0.9699481725692749 0
1692353723933 0.99170982837677 0
1692353723988 0.995854914188385 0
1692353724056 0.9948186278343201 0
1692353724105 1.0062175989151 0
1692353724169 0.992746114730835 0
1692353724228 1.0103627443313599 0
1692353724291 1.017616629600525 0
1692353724349 1.05388605594635 0
1692353724402 1.0497409105300903 0
1692353724468 1.0497409105300903 0
