1692353722843 0.6947602853178978 0
1692353722876 0.6877610757946968 0
1692353722936 0.6781349033117294 0
1692353722973 0.662963442504406 0
1692353723006 0.6385157257318497 0
1692353723039 0.6017164662480354 0
1692353723071 0.550993524491787 0
1692353723104 0.49292338266968727 0
1692353723136 0.4421238712966442 0
1692353723169 0.4131314381957054 0
1692353723217 0.40282006561756134 0
1692353723249 0.39916542544960976 0
1692353723307 0.39593131840229034 0
1692353723348 0.39363596215844154 0
1692353723380 0.3929816745221615 0
1692353723414 0.39254337176680565 0
1692353723446 0.39236266911029816 0
1692353723482 0.39220165461301804 0
1692353723556 0.39213962852954865 0
1692353723599 0.3920860067009926 0
1692353723679 0.39198099076747894 0
1692353723737 0.39190685749053955 0
1692353723801 0.39181267470121384 0
1692353723862 0.3917730636894703 0
1692353723920 0.39172637462615967 0
1692353723983 0.3915645517408848 0
1692353724044 0.3914727419614792 0
1692353724099 0.3914289213716984 0
1692353724157 0.39131057262420654 0
1692353724222 0.39123711735010147 0
1692353724280 0.39118868485093117 0
1692353724337 0.391042098402977 0
1692353724397 0.39098142832517624 0
1692353724455 0.3908364325761795 0
