1702030293435 0.6811461038887501 0
1702030293509 0.6461596265435219 0
1702030293579 0.568084467202425 0
1702030293680 0.45461379550397396 0
1702030293756 0.40173011273145676 0
1702030293904 0.395449873059988 0
1702030293980 0.392588434740901 0
1702030294078 0.3920816220343113 0
1702030294183 0.39188849925994873 0
1702030294261 0.3916813638061285 0
1702030294398 0.39141890592873096 0
1702030294494 0.3912967909127474 0
1702030294577 0.3909981157630682 0
1702030294753 0.39078074134886265 0
1702030294829 0.3905226793140173 0
1702030295002 0.39026510529220104 0
1702030295071 0.38998282328248024 0
1702030295131 0.3897929061204195 0
1702030295198 0.3895855061709881 0
1702030295293 0.3891776576638222 0
1702030295394 0.38887947611510754 0
1702030295491 0.3886514939367771 0
1702030295666 0.3882602136582136 0
1702030295735 0.3878760039806366 0
1702030295846 0.38750375248491764 0
1702030295943 0.3870008923113346 0
1702030296020 0.3865836560726166 0
1702030296096 0.38623130694031715 0
1702030296178 0.38571872748434544 0
1702030296254 0.3851848915219307 0
1702030296329 0.3847105856984854 0
1702030296398 0.38401431031525135 0
1702030296467 0.38341492787003517 0
