1710497575271 0.6690704995586026 0
1710497575349 0.5264740307484904 0
1710497575438 0.39860834998469197 0
1710497575618 0.393048575808925 0
1710497575708 0.39253211117559866 0
1710497575797 0.3922051114420737 0
1710497575875 0.3919310454399355 0
1710497575964 0.39159863225875363 0
1710497576041 0.39124919137647074 0
1710497576217 0.39086761974519296 0
1710497576385 0.39046797925426113 0
1710497576471 0.39009664904686714 0
1710497576567 0.3895467865851618 0
1710497576914 0.38925787229691783 0
1710497577034 0.3886965090228665 0
