1710497575280 0.7752016186714172 0
1710497575361 0.7419354915618896 0
1710497575449 0.8689516186714172 0
1710497575630 0.9052419066429138 0
1710497575721 0.96875 0
1710497575805 0.975806474685669 0
1710497575887 1.018145203590393 0
1710497575973 1.0322580337524414 0
1710497576050 1.0745967626571655 0
1710497576305 1.142137050628662 0
1710497576395 1.173387050628662 0
1710497576484 1.1965725421905518 0
1710497576581 1.2752015590667725 0
1710497576930 1.319556474685669 0
1710497577043 1.3699597120285034 0
