1697191993932 0.7860082387924194 0
1697191993959 0.8045267462730408 0
1697191993985 0.8076131939888 0
1697191994011 0.8374485373497009 0
1697191994037 0.8415637612342834 0
1697191994066 0.8333333134651184 0
1697191994097 0.8220164775848389 0
1697191994127 0.838477373123169 0
1697191994156 0.8487654328346252 0
1697191994183 0.8425925970077515 0
1697191994210 0.8374485373497009 0
1697191994236 0.8333333134651184 0
1697191994261 0.838477373123169 0
1697191994287 0.8487654328346252 0
1697191994312 0.8641975522041321 0
1697191994338 0.8724279999732971 0
1697191994369 0.8899176716804504 0
1697191994400 0.903292179107666 0
1697191994427 0.911522626876831 0
1697191994455 0.9218106865882874 0
1697191994482 0.9063786268234253 0
1697191994510 0.9228395223617554 0
1697191994535 0.9382715821266174 0
1697191994560 0.9248971343040466 0
1697191994584 0.9279835224151611 0
1697191994608 0.9300411343574524 0
1697191994633 0.9351851940155029 0
1697191994658 0.9300411343574524 0
1697191994682 0.9557613134384155 0
1697191994706 0.9629629850387573 0
1697191994730 0.9742798209190369 0
1697191994757 0.9835391044616699 0
1697191994782 1.0 0
1697191994806 0.9938271641731262 0
1697191994832 0.9907407164573669 0
1697191994857 0.9958847761154175 0
1697191994882 0.9958847761154175 0
1697191994913 1.0041152238845825 0
1697191994943 1.0195473432540894 0
1697191994971 1.0288065671920776 0
1697191994999 1.038065791130066 0
1697191995025 1.038065791130066 0
