1697191993927 0.7017682865262032 0
1697191993954 0.6958037093281746 0
1697191993980 0.6892162784934044 0
1697191994006 0.6807531863451004 0
1697191994032 0.6684697419404984 0
1697191994061 0.6499994546175003 0
1697191994092 0.6223059296607971 0
1697191994122 0.5838684737682343 0
1697191994151 0.5352551639080048 0
1697191994178 0.4827207550406456 0
1697191994205 0.4379354678094387 0
1697191994231 0.4113515093922615 0
1697191994256 0.40179937332868576 0
1697191994282 0.39913349971175194 0
1697191994307 0.3966483771800995 0
1697191994333 0.3946722149848938 0
1697191994364 0.3935142755508423 0
1697191994394 0.3930685669183731 0
1697191994422 0.3927965313196182 0
1697191994450 0.39256735146045685 0
1697191994477 0.39243514835834503 0
1697191994505 0.39236633479595184 0
1697191994530 0.3922492079436779 0
1697191994556 0.39212074130773544 0
1697191994580 0.39210305735468864 0
1697191994603 0.39204398170113564 0
1697191994629 0.39201905205845833 0
1697191994654 0.3919636532664299 0
1697191994678 0.3918125815689564 0
1697191994701 0.39178016036748886 0
1697191994726 0.391706183552742 0
1697191994752 0.39167338609695435 0
1697191994777 0.39162440225481987 0
1697191994801 0.3915519639849663 0
1697191994827 0.39141957461833954 0
1697191994853 0.39141329377889633 0
1697191994877 0.3912794068455696 0
1697191994908 0.3912470377981663 0
1697191994938 0.3911139890551567 0
1697191994966 0.39110712707042694 0
1697191994994 0.3910084441304207 0
1697191995021 0.3909596912562847 0
