1685700750076 0.6897923827171326 0
1685700750118 0.6795044978459676 0
1685700750160 0.6630781610806783 0
1685700750201 0.6329339742660522 0
1685700750241 0.5803260207176208 0
1685700750282 0.5081178327401479 0
1685700750323 0.44187050660451255 0
1685700750364 0.40979199210802714 0
1685700750405 0.40057944059371947 0
1685700750445 0.3961944063504537 0
1685700750485 0.3938855151335398 0
1685700750527 0.3929182926813761 0
1685700750568 0.39242939750353495 0
1685700750608 0.39219354192415873 0
1685700750648 0.39201677838961285 0
1685700750688 0.39190286993980405 0
1685700750729 0.3917679488658905 0
1685700750769 0.39168118238449096 0
1685700750809 0.39155795574188235 0
1685700750849 0.391466494401296 0
1685700750890 0.3913330376148224 0
1685700750931 0.39122917254765827 0
1685700750970 0.3911104003588359 0
1685700751012 0.39097164074579877 0
1685700751054 0.390813281138738 0
1685700751096 0.39070939222971596 0
1685700751138 0.3905613680680593 0
1685700751181 0.3904200593630473 0
1685700751221 0.3902650793393453 0
1685700751262 0.3901095946629842 0
1685700751303 0.389955081542333 0
1685700751345 0.3897963841756185 0
1685700751385 0.3896289805571238 0
1685700751427 0.3894712964693705 0
