1720779279429 0.8283730149269104 0
1720779279464 0.83432537317276 0
1720779279501 0.8333333134651184 0
1720779279535 0.836309552192688 0
1720779279574 0.8422619104385376 0
1720779279614 0.8283730149269104 0
1720779279654 0.8353174328804016 0
1720779279690 0.8263888955116272 0
1720779279724 0.8353174328804016 0
1720779279759 0.8214285969734192 0
1720779279796 0.817460298538208 0
1720779279832 0.8194444179534912 0
1720779279874 0.8144841194152832 0
1720779279921 0.8224206566810608 0
1720779279971 0.8253968358039856 0
1720779280015 0.8283730149269104 0
1720779280060 0.8501983880996704 0
1720779280318 0.8650793433189392 0
1720779280355 0.870039701461792 0
1720779280392 0.8740079402923584 0
1720779280427 0.8819444179534912 0
1720779280539 0.886904776096344 0
1720779280673 0.9246031641960144 0
1720779280757 0.9246031641960144 0
1720779280824 0.9295634627342224 0
1720779280857 0.949404776096344 0
1720779280893 0.9632936716079712 0
1720779280928 0.9791666865348816 0
1720779281069 0.9851190447807312 0
1720779281153 0.9871031641960144 0
1720779281241 1.0079364776611328 0
1720779281320 0.995039701461792 0
1720779281356 1.0069444179534912 0
1720779281390 1.0327380895614624 0
1720779281423 1.0565476417541504 0
1720779281459 1.0605158805847168 0
1720779281493 1.0684523582458496 0
1720779281532 1.0595238208770752 0
1720779281567 1.0734126567840576 0
1720779281639 1.0783730745315552 0
1720779281695 1.0833333730697632 0
