1704449568849 0.8179043531417847 0
1704449568910 0.7945066094398499 0
1704449568969 0.7965412139892578 0
1704449569131 0.7975584864616394 0
1704449569191 0.8077314496040344 0
1704449569251 0.8280773162841797 0
1704449569310 0.8575788140296936 0
1704449569370 0.8931841254234314 0
1704449569434 0.9257375597953796 0
1704449569593 0.9460834264755249 0
1704449569653 0.9796541333198547 0
1704449569712 0.9674465656280518 0
1704449569773 0.9745676517486572 0
1704449569841 0.9918616414070129 0
1704449569901 1.006103754043579 0
1704449569965 1.0152593851089478 0
1704449570130 1.0396745204925537 0
1704449570192 1.0295015573501587 0
1704449570252 1.0488301515579224 0
1704449570311 1.0590029954910278 0
1704449570369 1.081383466720581 0
1704449570429 1.0864700078964233 0
1704449570488 1.0935910940170288 0
1704449570547 1.099694848060608 0
1704449570625 1.115971565246582 0
1704449570765 1.133265495300293 0
1704449570824 1.1241098642349243 0
1704449570887 1.1790437698364258 0
1704449570949 1.159715175628662 0
1704449571014 1.1800609827041626 0
