1683886362630 0.6949226632714272 0
1683886362659 0.6902565285563469 0
1683886362686 0.6853736042976379 0
1683886362717 0.6796740815043449 0
1683886362745 0.6730919256806374 0
1683886362773 0.6648217812180519 0
1683886362801 0.6544904559850693 0
1683886362829 0.6413950622081757 0
1683886362856 0.625250056385994 0
1683886362884 0.6056528240442276 0
1683886362913 0.5829009264707565 0
1683886362940 0.5569670647382736 0
1683886362971 0.5295980051159859 0
1683886363002 0.5018917620182037 0
1683886363033 0.4765831418335438 0
1683886363066 0.4541771225631237 0
1683886363094 0.43696512281894684 0
1683886363122 0.42408033460378647 0
1683886363150 0.415989775210619 0
1683886363179 0.41017521172761917 0
1683886363209 0.4060564376413822 0
1683886363239 0.4028506316244602 0
1683886363270 0.40003306418657303 0
1683886363301 0.3986090086400509 0
1683886363332 0.39687754958868027 0
1683886363360 0.39575521647930145 0
1683886363389 0.3948584236204624 0
1683886363417 0.3943437933921814 0
1683886363446 0.3937469646334648 0
1683886363475 0.39348727464675903 0
1683886363503 0.3930598273873329 0
1683886363532 0.3928973041474819 0
1683886363561 0.39263974502682686 0
1683886363591 0.3926289230585098 0
1683886363617 0.39249590411782265 0
1683886363644 0.39238550141453743 0
1683886363670 0.39231979474425316 0
1683886363696 0.3922518566250801 0
1683886363722 0.3921685107052326 0
1683886363749 0.3921712376177311 0
1683886363777 0.39209849387407303 0
1683886363804 0.39209843426942825 0
1683886363830 0.39213261380791664 0
1683886363855 0.39199312776327133 0
1683886363882 0.3920411393046379 0
1683886363907 0.3918863758444786 0
1683886363934 0.39188696816563606 0
1683886363960 0.39182671532034874 0
1683886363987 0.3918585404753685 0
1683886364013 0.3917906619608402 0
1683886364039 0.3918088339269161 0
1683886364066 0.3916185460984707 0
1683886364092 0.3917482942342758 0
1683886364119 0.39158836379647255 0
1683886364144 0.3915414661169052 0
1683886364170 0.39152609556913376 0
1683886364197 0.3915553502738476 0
1683886364224 0.3914841040968895 0
1683886364252 0.3914460651576519 0
1683886364279 0.3912797346711159 0
1683886364305 0.39131860435009 0
1683886364334 0.3912808485329151 0
1683886364361 0.3912808448076248 0
