1714126404297 0.682811614125967 0
1714126404334 0.6489792242646217 0
1714126404370 0.5660538226366043 0
1714126404406 0.4489616882055998 0
1714126404450 0.4034457039088011 0
1714126404488 0.39593360014259815 0
1714126404528 0.39298384822905064 0
1714126404567 0.3923866655677557 0
1714126404607 0.3922106344252825 0
1714126404650 0.391986720263958 0
1714126404692 0.3918277956545353 0
1714126404730 0.3917429205030203 0
1714126404864 0.3915286287665367 0
1714126404901 0.39141565188765526 0
1714126404941 0.39121103659272194 0
1714126404981 0.39105514995753765 0
1714126405023 0.39083539322018623 0
1714126405068 0.3906828612089157 0
1714126405108 0.39041257090866566 0
1714126405146 0.39020252227783203 0
1714126405181 0.3898834027349949 0
1714126405218 0.38967526890337467 0
