1714126404304 0.8416833877563477 0
1714126404340 0.8446893692016602 0
1714126404377 0.8406813740730286 0
1714126404414 0.8176352977752686 0
1714126404458 0.8106212615966797 0
1714126404496 0.8577154278755188 0
1714126404535 0.913827657699585 0
1714126404574 0.9398797750473022 0
1714126404615 0.9488977789878845 0
1714126404658 0.9679358601570129 0
1714126404699 0.9899799823760986 0
1714126404738 0.9779559373855591 0
1714126404871 1.0200400352478027 0
1714126404908 1.0140280723571777 0
1714126404948 1.0320640802383423 0
1714126404989 1.0581161975860596 0
1714126405031 1.0831663608551025 0
1714126405077 1.1402806043624878 0
1714126405115 1.1472946405410767 0
1714126405153 1.164328694343567 0
1714126405188 1.185370683670044 0
1714126405224 1.1923847198486328 0
