1701425838872 0.6850418224930763 0
1701425838909 0.6758481301367283 0
1701425838946 0.6612910740077496 0
1701425838979 0.6358117572963238 0
1701425839011 0.5929293744266033 0
1701425839044 0.5333550088107586 0
1701425839077 0.4697428345680237 0
1701425839110 0.4260800648480654 0
1701425839144 0.4076856877654791 0
1701425839177 0.40092786960303783 0
1701425839209 0.39727254770696163 0
1701425839247 0.3951311968266964 0
1701425839281 0.39402489364147186 0
1701425839321 0.39309571869671345 0
1701425839359 0.39278952218592167 0
1701425839399 0.3926005344837904 0
1701425839435 0.3924990650266409 0
1701425839475 0.3922692947089672 0
1701425839519 0.39219275303184986 0
1701425839559 0.3920852057635784 0
1701425839601 0.39199008233845234 0
1701425839635 0.39188535511493683 0
1701425839673 0.3918769359588623 0
1701425839706 0.3916480001062155 0
1701425839739 0.3916385602205992 0
1701425839772 0.3915465548634529 0
1701425839816 0.3914381954818964 0
1701425839869 0.39141976833343506 0
1701425839912 0.39130079559981823 0
1701425839953 0.3912116400897503 0
1701425839988 0.39115825667977333 0
1701425840024 0.3910549897700548 0
