1701425838879 0.7967313528060913 0
1701425838915 0.7997956871986389 0
1701425838952 0.804902970790863 0
1701425838985 0.8181818127632141 0
1701425839017 0.8375893831253052 0
1701425839050 0.8212461471557617 0
1701425839083 0.8294177651405334 0
1701425839116 0.8161389231681824 0
1701425839150 0.8008171319961548 0
1701425839183 0.8038815259933472 0
1701425839216 0.8110316395759583 0
1701425839253 0.8345250487327576 0
1701425839288 0.8600612878799438 0
1701425839328 0.8702757954597473 0
1701425839366 0.8835546374320984 0
1701425839405 0.878447413444519 0
1701425839442 0.8794688582420349 0
1701425839484 0.9111338257789612 0
1701425839526 0.9336057305335999 0
1701425839568 0.9448416829109192 0
1701425839607 0.9550561904907227 0
1701425839642 0.9642492532730103 0
1701425839679 0.9642492532730103 0
1701425839712 0.9846782684326172 0
1701425839745 0.9765066504478455 0
1701425839778 0.9785495400428772 0
1701425839826 0.9785495400428772 0
1701425839877 0.9989785552024841 0
1701425839920 1.0275791883468628 0
1701425839960 1.0316649675369263 0
1701425839995 1.0306434631347656 0
1701425840030 1.0388151407241821 0
