1719569697469 0.8121272325515747 0
1719569697543 0.7912524938583374 0
1719569697611 0.8290258646011353 0
1719569697668 0.794234573841095 0
1719569697718 0.7982107400894165 0
1719569697765 0.789264440536499 0
1719569697817 0.7922465205192566 0
1719569697872 0.8190854787826538 0
1719569697926 0.8518886566162109 0
1719569697982 0.9433399438858032 0
1719569698031 0.955268383026123 0
1719569698076 0.9840954542160034 0
1719569698127 1.0029821395874023 0
1719569698187 1.0119284391403198 0
1719569698237 1.0487077236175537 0
1719569698283 1.0576540231704712 0
1719569698327 1.0646122694015503 0
1719569698372 1.096421480178833 0
1719569698424 1.1172962188720703 0
