1710497597005 0.8004032373428345 0
1710497597053 0.8084677457809448 0
1710497597105 0.8104838728904724 0
1710497597161 0.8114919066429138 0
1710497597234 0.8175403475761414 0
1710497597291 0.8276209831237793 0
1710497597341 0.8245967626571655 0
1710497597388 0.819556474685669 0
1710497597455 0.8326612710952759 0
1710497597519 0.8538306355476379 0
1710497597576 0.9012096524238586 0
1710497597632 0.9254032373428345 0
1710497597685 0.9314516186714172 0
1710497597737 0.9677419066429138 0
1710497597791 0.96875 0
1710497597843 1.0090725421905518 0
1710497597892 1.0272177457809448 0
1710497597973 1.0322580337524414 0
1710497598033 1.03125 0
1710497598081 1.0614919662475586 0
1710497598134 1.0947580337524414 0
1710497598198 1.100806474685669 0
1710497598259 1.0957661867141724 0
1710497598311 1.174395203590393 0
