1710497596998 0.7058499647725013 0
1710497597046 0.6823704108115165 0
1710497597098 0.6314371247445384 0
1710497597153 0.5500372282920345 0
1710497597222 0.4713696885493494 0
1710497597283 0.4262691342061566 0
1710497597334 0.4077730688356584 0
1710497597381 0.3999039117367037 0
1710497597442 0.3959944402017901 0
1710497597511 0.3940826317956371 0
1710497597568 0.3930629309146635 0
1710497597624 0.3925073963980521 0
1710497597677 0.3921659771473177 0
1710497597730 0.3919584318514793 0
1710497597783 0.3917690976973503 0
1710497597836 0.39162232510505185 0
1710497597885 0.39148053526878357 0
1710497597962 0.39134677090952474 0
1710497598025 0.3911770120743782 0
1710497598074 0.39101096987724304 0
1710497598127 0.3908733821684314 0
1710497598187 0.3907065478063399 0
1710497598252 0.3905529072207789 0
1710497598304 0.39035357679090193 0
