1724408135987 0.8124383091926575 0
1724408136362 0.8489634990692139 0
1724408137028 0.827245831489563 0
1724408137230 0.826258659362793 0
1724408137911 0.8311944603919983 0
1724408138331 0.8311944603919983 0
1724408138499 0.8509377837181091 0
1724408138624 0.8746297955513 0
1724408138736 0.9101678133010864 0
1724408139005 0.9081934690475464 0
1724408139082 0.9062191247940063 0
1724408139221 0.9081934690475464 0
1724408139462 0.9180651307106018 0
1724408139539 0.9496545195579529 0
1724408139603 0.9684106707572937 0
1724408139670 0.9565646648406982 0
1724408139804 0.9674234986305237 0
1724408139893 0.9960513114929199 0
1724408140081 0.9901283383369446 0
1724408140176 0.9881539940834045 0
1724408140323 1.0207304954528809 0
1724408140452 1.0404738187789917 0
1724408140572 1.0572556257247925 0
1724408140718 1.0671273469924927 0
1724408140797 1.0720632076263428 0
1724408140935 1.1006909608840942 0
1724408141001 1.1026653051376343 0
1724408141067 1.1204344034194946 0
1724408141137 1.1372162103652954 0
1724408141230 1.1648569107055664 0
1724408141332 1.175715684890747 0
1724408141395 1.2082922458648682 0
1724408141509 1.2181638479232788 0
