1713521622782 0.6931469887495041 0
1713521622816 0.6828391328454018 0
1713521622851 0.6668435707688332 0
1713521622883 0.6404768973588943 0
1713521622923 0.5990794077515602 0
1713521622959 0.5413507595658302 0
1713521623001 0.47609078511595726 0
1713521623041 0.42537636309862137 0
1713521623075 0.4040158800780773 0
1713521623110 0.4004482328891754 0
1713521623143 0.3970210626721382 0
1713521623177 0.3937586657702923 0
1713521623214 0.3927711844444275 0
1713521623251 0.39255352690815926 0
1713521623286 0.3922889344394207 0
1713521623322 0.3921753689646721 0
1713521623362 0.39210112020373344 0
1713521623395 0.39204680919647217 0
1713521623430 0.3919662907719612 0
1713521623465 0.391904354095459 0
1713521623508 0.39184634760022163 0
1713521623546 0.3917807564139366 0
