1700820832399 0.6904437988996506 0
1700820832580 0.6871480867266655 0
1700820832671 0.6831608265638351 0
1700820832701 0.6774900481104851 0
1700820832736 0.6701030805706978 0
1700820832774 0.6605706587433815 0
1700820832809 0.6486259773373604 0
1700820832901 0.6336375698447227 0
1700820832991 0.6152548417448997 0
1700820833094 0.5938378870487213 0
1700820833189 0.5700749009847641 0
1700820833295 0.5443362072110176 0
1700820833327 0.5178936496376991 0
1700820833361 0.4926963075995445 0
1700820833395 0.46902499720454216 0
1700820833435 0.44925154745578766 0
1700820833474 0.4334455169737339 0
1700820833516 0.42192182317376137 0
1700820833554 0.41386204212903976 0
1700820833581 0.408188384026289 0
1700820833759 0.40447336062788963 0
1700820833802 0.40152063965797424 0
1700820833843 0.3991500288248062 0
1700820833925 0.3973914235830307 0
1700820833980 0.3961679972708225 0
1700820834022 0.3952311649918556 0
1700820834131 0.3943212367594242 0
1700820834205 0.39370008558034897 0
1700820834253 0.3932116702198982 0
1700820834298 0.3928706645965576 0
1700820834345 0.39259911701083183 0
1700820834454 0.39243148267269135 0
1700820834491 0.39226481318473816 0
1700820834518 0.39203477650880814 0
1700820834549 0.39195192232728004 0
1700820834577 0.39180608466267586 0
1700820834648 0.3916919156908989 0
1700820834724 0.39163949713110924 0
1700820834764 0.39160560071468353 0
1700820834792 0.3914862126111984 0
1700820834820 0.3914185166358948 0
1700820834851 0.3913779743015766 0
1700820834890 0.3912602700293064 0
