1692353718077 0.8238341808319092 0
1692353718121 0.8497409224510193 0
1692353718164 0.8487046360969543 0
1692353718206 0.8528497219085693 0
1692353718249 0.8466321229934692 0
1692353718291 0.8445596098899841 0
1692353718333 0.8435233235359192 0
1692353718374 0.8580310940742493 0
1692353718416 0.8694300651550293 0
1692353718456 0.8507772088050842 0
1692353718518 0.8787564635276794 0
1692353718565 0.9067357778549194 0
1692353718607 0.9347150325775146 0
1692353718699 0.9554404020309448 0
1692353718742 0.9647668600082397 0
1692353718785 0.9720207452774048 0
1692353718829 0.9782383441925049 0
1692353718871 0.99689120054245 0
1692353718915 1.0331605672836304 0
1692353718958 1.0207253694534302 0
1692353719002 1.032124400138855 0
1692353719066 1.0476683378219604 0
1692353719109 1.0715025663375854 0
1692353719150 1.0683938264846802 0
1692353719193 1.0922279357910156 0
