1732270599456 0.7960975766181946 0
1732270599530 0.826341450214386 0
1732270599603 0.831219494342804 0
1732270599677 0.9043902158737183 0
1732270599751 0.945365846157074 0
1732270599824 0.968780517578125 0
1732270599902 0.9619511961936951 0
1732270599999 0.9336585402488708 0
1732270600085 1.0087804794311523 0
1732270600177 1.0039024353027344 0
1732270600276 1.1170731782913208 0
1732270600369 1.0897561311721802 0
1732270600468 1.1180487871170044 0
1732270600556 1.1639024019241333 0
1732270600630 1.186341404914856 0
1732270600704 1.3629268407821655 0
1732270600775 1.4068292379379272 0
1732270600846 1.3746341466903687 0
1732270600917 1.3912194967269897 0
1732270600989 1.466341495513916 0
1732270601070 1.4087804555892944 0
1732270601144 1.6458536386489868 0
1732270601291 1.631219506263733 0
1732270601449 1.5931707620620728 0
