1732270599440 0.6683230725201693 0
1732270599520 0.5537650287151337 0
1732270599592 0.40980821667295514 0
1732270599666 0.3943988093824098 0
1732270599740 0.39275575677553815 0
1732270599814 0.392260598413872 0
1732270599888 0.39188818046540924 0
1732270599986 0.3915420752583128 0
1732270600073 0.3913975078048128 0
1732270600152 0.39130862644224457 0
1732270600260 0.3911347976236632 0
1732270600358 0.3906858879508394 0
1732270600456 0.3904562402855266 0
1732270600546 0.38981889684995014 0
1732270600619 0.3901109578031482 0
1732270600693 0.38955921747467737 0
1732270600765 0.38902522578383936 0
1732270600835 0.3882202876336647 0
1732270600907 0.38802754337137396 0
1732270600979 0.3873479492736585 0
1732270601059 0.38735435767607257 0
1732270601134 0.38695694280393195 0
1732270601275 0.38566164085359284 0
1732270601393 0.3854586680730184 0
