1685096056099 0.8417190909385681 0
1685096056160 0.8207547068595886 0
1685096056224 0.8312368988990784 0
1685096056286 0.8385744094848633 0
1685096056346 0.849056601524353 0
1685096056409 0.8647798895835876 0
1685096056469 0.9098532199859619 0
1685096056528 0.9098532199859619 0
1685096056586 0.955974817276001 0
1685096056649 0.9832285046577454 0
1685096056712 0.9916142821311951 0
1685096056776 1.0230607986450195 0
1685096056838 1.0314465761184692 0
1685096056906 1.041928768157959 0
1685096056970 1.0681341886520386 0
1685096057033 1.105870008468628 0
1685096057092 1.1436058282852173 0
