1697796773213 0.8201438784599304 0
1697796773237 0.8180884122848511 0
1697796773262 0.8324768543243408 0
1697796773285 0.8057553768157959 0
1697796773307 0.8016443848609924 0
1697796773331 0.816032886505127 0
1697796773358 0.8232271075248718 0
1697796773383 0.8283658623695374 0
1697796773408 0.8242548704147339 0
1697796773432 0.8201438784599304 0
1697796773455 0.8345323801040649 0
1697796773478 0.8417266011238098 0
1697796773500 0.8561151027679443 0
1697796773523 0.8674203753471375 0
1697796773545 0.8972250819206238 0
1697796773567 0.8961973190307617 0
1697796773589 0.9136690497398376 0
1697796773611 0.9290853142738342 0
1697796773633 0.971222996711731 0
1697796773655 0.9835560321807861 0
1697796773677 0.9948612451553345 0
1697796773701 1.0071942806243896 0
1697796773723 1.026721477508545 0
1697796773745 1.047276496887207 0
1697796773768 1.0503597259521484 0
1697796773790 1.0935251712799072 0
1697796773811 1.1048303842544556 0
1697796773835 1.136690616607666 0
1697796773862 1.1562179327011108 0
1697796773885 1.1675231456756592 0
1697796773909 1.1685508489608765 0
1697796773933 1.2014389038085938 0
1697796773957 1.2230216264724731 0
1697796773980 1.2487152814865112 0
