1697796773208 0.6912958174943924 0
1697796773232 0.6808086410164833 0
1697796773257 0.6657819673418999 0
1697796773281 0.6419343277812004 0
1697796773302 0.6063529402017593 0
1697796773326 0.5586113482713699 0
1697796773353 0.5059646256268024 0
1697796773377 0.46040766313672066 0
1697796773404 0.4303772337734699 0
1697796773427 0.41555630788207054 0
1697796773449 0.40718522667884827 0
1697796773473 0.4008023738861084 0
1697796773495 0.39670518413186073 0
1697796773519 0.394527617841959 0
1697796773541 0.39325258508324623 0
1697796773563 0.3924890086054802 0
1697796773585 0.3920937217772007 0
1697796773607 0.39181702584028244 0
1697796773629 0.3916691578924656 0
1697796773651 0.3914169706404209 0
1697796773672 0.3912517800927162 0
1697796773696 0.3910962678492069 0
1697796773719 0.3908664174377918 0
1697796773741 0.3907345086336136 0
1697796773763 0.390562791377306 0
1697796773785 0.3904190696775913 0
1697796773807 0.3901907615363598 0
1697796773830 0.39001723006367683 0
1697796773857 0.38977573439478874 0
1697796773880 0.38960640877485275 0
1697796773904 0.38937192037701607 0
1697796773928 0.3891003988683224 0
1697796773952 0.38896870613098145 0
1697796773975 0.38869478553533554 0
