1685700743979 0.7382199168205261 0
1685700744019 0.753926694393158 0
1685700744056 0.7507853507995605 0
1685700744094 0.7308900356292725 0
1685700744133 0.763350784778595 0
1685700744173 0.7664921283721924 0
1685700744211 0.7842931747436523 0
1685700744249 0.7968586683273315 0
1685700744286 0.800000011920929 0
1685700744324 0.7832460999488831 0
1685700744361 0.7926701307296753 0
1685700744397 0.7926701307296753 0
1685700744435 0.7958115339279175 0
1685700744475 0.7968586683273315 0
1685700744515 0.7958115339279175 0
1685700744553 0.801047146320343 0
1685700744599 0.7979057431221008 0
1685700744641 0.7958115339279175 0
1685700744682 0.7947643995285034 0
1685700744720 0.7937172651290894 0
1685700744758 0.7926701307296753 0
1685700744795 0.7958115339279175 0
1685700744832 0.8073298335075378 0
1685700744870 0.8020942211151123 0
1685700744908 0.809424102306366 0
1685700744945 0.8083769679069519 0
1685700744983 0.8198952674865723 0
1685700745021 0.8230366706848145 0
1685700745059 0.8251308798789978 0
1685700745103 0.8303664922714233 0
1685700745142 0.8397905826568604 0
1685700745181 0.8502618074417114 0
1685700745240 0.8481675386428833 0
1685700745284 0.8544502854347229 0
1685700745326 0.8701570630073547 0
1685700745370 0.8753926753997803 0
1685700745417 0.9005235433578491 0
1685700745481 0.9172775149345398 0
1685700745576 0.945549726486206 0
1685700745632 0.9685863852500916 0
1685700745682 0.9790576100349426 0
1685700745729 0.9769633412361145 0
1685700745773 1.0031414031982422 0
1685700745815 0.9979057312011719 0
1685700745857 1.0020942687988281 0
1685700745903 1.019895315170288 0
1685700745949 1.0345549583435059 0
1685700745989 1.029319405555725 0
1685700746030 1.0418847799301147 0
1685700746075 1.0534031391143799 0
1685700746115 1.062827229499817 0
1685700746159 1.064921498298645 0
1685700746197 1.0691099166870117 0
1685700746235 1.0785340070724487 0
1685700746274 1.0879580974578857 0
