1700215949335 0.686615914106369 0
1700215949361 0.6840904057025909 0
1700215949392 0.6814251989126205 0
1700215949423 0.6785759925842285 0
1700215949456 0.6752849742770195 0
1700215949482 0.6713704019784927 0
1700215949508 0.6667075157165527 0
1700215949534 0.6609771624207497 0
1700215949559 0.6537847593426704 0
1700215949585 0.6449807211756706 0
1700215949611 0.6340823620557785 0
1700215949639 0.6208958253264427 0
1700215949666 0.6055363342165947 0
1700215949692 0.5874786302447319 0
1700215949717 0.5675718635320663 0
1700215949743 0.545905202627182 0
1700215949769 0.5236428901553154 0
1700215949796 0.5011453293263912 0
1700215949827 0.4802074059844017 0
1700215949854 0.4611709490418434 0
1700215949879 0.44493310153484344 0
1700215949905 0.4317151717841625 0
1700215949932 0.4215092919766903 0
1700215949957 0.4138405956327915 0
1700215949988 0.40833861008286476 0
1700215950017 0.4045134522020817 0
1700215950047 0.4018322080373764 0
1700215950083 0.399865098297596 0
1700215950118 0.3982902765274048 0
1700215950144 0.3969148248434067 0
1700215950169 0.3960346654057503 0
1700215950195 0.39529651030898094 0
1700215950220 0.3946191146969795 0
1700215950245 0.39410096406936646 0
1700215950270 0.3936748541891575 0
1700215950296 0.39344408363103867 0
1700215950323 0.3931647203862667 0
1700215950348 0.3929018974304199 0
1700215950372 0.392836008220911 0
1700215950397 0.3927210718393326 0
1700215950423 0.39260269701480865 0
1700215950448 0.392501637339592 0
1700215950474 0.39243580028414726 0
1700215950501 0.39239220321178436 0
1700215950527 0.3923755995929241 0
1700215950554 0.39227166399359703 0
1700215950581 0.39226246252655983 0
1700215950607 0.39220889285206795 0
1700215950634 0.3922117166221142 0
1700215950661 0.3922129087150097 0
1700215950688 0.39213404431939125 0
1700215950721 0.3921254836022854 0
1700215950755 0.3921041302382946 0
1700215950788 0.3920843005180359 0
1700215950815 0.39205487072467804 0
1700215950841 0.3920053094625473 0
1700215950868 0.39194144308567047 0
1700215950895 0.39197540655732155 0
1700215950922 0.3919583931565285 0
1700215950948 0.3919006921350956 0
