1690539288293 0.83281409740448 0
1690539288332 0.8577362298965454 0
1690539288369 0.8463135957717896 0
1690539288407 0.8369678258895874 0
1690539288445 0.8369678258895874 0
1690539288483 0.8483904600143433 0
1690539288521 0.8172377943992615 0
1690539288558 0.8255451917648315 0
1690539288616 0.8058151602745056 0
1690539288683 0.8006230592727661 0
1690539288743 0.7975077629089355 0
1690539288780 0.7975077629089355 0
1690539288818 0.8026999235153198 0
1690539288896 0.8255451917648315 0
1690539289002 0.84112149477005 0
1690539289045 0.8650051951408386 0
1690539289121 0.9065420627593994 0
1690539289160 0.920041561126709 0
1690539289238 0.9148494005203247 0
1690539289280 0.9345794320106506 0
1690539289320 0.9667705297470093 0
1690539289357 0.9781931638717651 0
1690539289394 1.0 0
