1705054430692 0.7733739614486694 0
1705054430730 0.7896341681480408 0
1705054430768 0.7936992049217224 0
1705054430808 0.8008130192756653 0
1705054430845 0.9044715166091919 0
1705054430889 0.940040647983551 0
1705054430930 0.9532520174980164 0
1705054430970 1.0233739614486694 0
1705054431010 1.0548779964447021 0
1705054431110 1.0254064798355103 0
1705054431151 1.073170781135559 0
1705054431192 1.1321138143539429 0
1705054431241 1.1036585569381714 0
1705054431285 1.210365891456604 0
1705054431335 1.2286585569381714 0
