1681553215399 0.6915847261746725 0
1681553215445 0.6874240040779114 0
1681553215489 0.6817795236905416 0
1681553215529 0.6730232636133829 0
1681553215569 0.6589799563090006 0
1681553215612 0.6376944263776143 0
1681553215651 0.6076699455579122 0
1681553215690 0.5692245920499166 0
1681553215729 0.5250296672185262 0
1681553215768 0.48146661520004275 0
1681553215807 0.445616493622462 0
1681553215847 0.42178752422332766 0
1681553215886 0.4086304942766825 0
1681553215925 0.40208555658658346 0
1681553215963 0.39854265252749127 0
1681553216002 0.3963594893614451 0
1681553216043 0.3948944886525472 0
1681553216082 0.3939234654108683 0
1681553216123 0.3932589133580526 0
1681553216163 0.39283194343249 0
1681553216202 0.3924890736738841 0
1681553216243 0.39226481715838113 0
1681553216282 0.3920770287513733 0
1681553216321 0.39194170832633973 0
1681553216360 0.3918088376522064 0
1681553216398 0.3917387763659159 0
1681553216437 0.3916350861390432 0
