1710497572777 0.7002972699701786 0
1710497572857 0.693151455372572 0
1710497572900 0.6841216832399368 0
1710497572946 0.6708298325538635 0
1710497572997 0.6504200659692287 0
1710497573048 0.6214839667081833 0
1710497573140 0.5840529054403305 0
1710497573195 0.5409070961177349 0
1710497573250 0.49680513702332973 0
1710497573295 0.46007115207612514 0
1710497573477 0.4352630693465471 0
1710497573521 0.42039623856544495 0
1710497573563 0.411467669531703 0
1710497573612 0.40562198497354984 0
1710497573662 0.40109932608902454 0
1710497573710 0.3983189072459936 0
1710497573867 0.3962334915995598 0
1710497574017 0.3948385454714298 0
1710497574110 0.3939128499478102 0
1710497574156 0.39328645169734955 0
1710497574209 0.3928202725946903 0
1710497574254 0.3925210256129503 0
1710497574303 0.3922922983765602 0
1710497574401 0.3921573981642723 0
1710497574509 0.3919808641076088 0
1710497574621 0.3918799813836813 0
1710497574679 0.39182831160724163 0
1710497574724 0.3917016889899969 0
1710497574771 0.3915815558284521 0
1710497574827 0.39155277609825134 0
1710497574870 0.3914426267147064 0
1710497574915 0.3913949988782406 0
1710497574962 0.39132749661803246 0
