1732875407780 0.7602339386940002 0
1732875407865 0.7846003770828247 0
1732875407951 0.8265107274055481 0
1732875408083 0.8167641162872314 0
1732875408191 0.831384003162384 0
1732875408300 0.8703703880310059 0
1732875408390 0.9054580926895142 0
1732875408477 0.9444444179534912 0
1732875408564 0.9385964870452881 0
1732875408664 0.9961013793945312 0
1732875408762 1.0126705169677734 0
1732875408851 1.0272904634475708 0
1732875409009 1.038986325263977 0
1732875409098 1.067251443862915 0
1732875409187 1.1354775428771973 0
1732875409278 1.147173523902893 0
1732875409375 1.1812865734100342 0
1732875409462 1.1783626079559326 0
1732875409555 1.1491228342056274 0
1732875409641 1.2183235883712769 0
1732875409797 1.2446393966674805 0
1732875409886 1.2017543315887451 0
1732875409993 1.2884989976882935 0
1732875410091 1.3109161853790283 0
1732875410181 1.381091594696045 0
1732875410273 1.319688081741333 0
1732875410366 1.3693957328796387 0
1732875410483 1.3898634910583496 0
1732875410598 1.3888888359069824 0
1732875410707 1.5097465515136719 0
1732875410804 1.5058479309082031 0
1732875410897 1.4697855710983276 0
1732875410987 1.5 0
1732875411081 1.58966863155365 0
1732875411176 1.5750486850738525 0
1732875411330 1.656920075416565 0
