1686910459325 0.6891879161198934 0
1686910459388 0.6753277639547984 0
1686910459444 0.6516892691453298 0
1686910459500 0.6071863810221354 0
1686910459556 0.5349505593379339 0
1686910459616 0.45872869590918225 0
1686910459702 0.41602251132329304 0
1686910459758 0.40218697587649027 0
1686910459812 0.3974550912777583 0
1686910459933 0.3951433956623077 0
1686910459990 0.3939569354057312 0
1686910460047 0.39327459732691444 0
1686910460106 0.3929280916849772 0
1686910460164 0.39270499149958293 0
1686910460225 0.3925478051106135 0
1686910460310 0.3924396534760793 0
1686910460397 0.3923551142215729 0
1686910460509 0.3922606766223907 0
1686910460627 0.3921758204698563 0
1686910460739 0.39211799403031666 0
1686910460825 0.39205468694369 0
1686910460929 0.3919634759426117 0
1686910461000 0.3918762932221095 0
1686910461080 0.391821014881134 0
1686910461199 0.3917605032523473 0
1686910461328 0.3916630039612452 0
1686910461435 0.3916129648685455 0
1686910461538 0.3915026624997457 0
1686910461659 0.3914097766081492 0
1686910461769 0.3913644810517629 0
1686910461882 0.3912556767463684 0
1686910462006 0.3911714990933736 0
1686910462117 0.3910816520452499 0
1686910462299 0.39097674389680226 0
1686910462456 0.39092090030511223 0
