1707473649762 0.6911988481879234 0
1707473649803 0.6832627728581429 0
1707473649843 0.6717514544725418 0
1707473649937 0.6509064175188541 0
1707473649981 0.613053672015667 0
1707473650033 0.5520735569298267 0
1707473650103 0.4796468373388052 0
1707473650157 0.4251917377114296 0
1707473650215 0.4036721531301737 0
1707473650267 0.39788392558693886 0
1707473650325 0.3950745165348053 0
1707473650375 0.39355228655040264 0
1707473650422 0.3930166997015476 0
1707473650464 0.39262397959828377 0
1707473650505 0.3925194814801216 0
1707473650547 0.39233789406716824 0
1707473650588 0.3922160491347313 0
1707473650630 0.3921275958418846 0
1707473650671 0.3920648004859686 0
1707473650712 0.39202591963112354 0
