1688120042492 0.7935349345207214 0
1688120042540 0.7851929068565369 0
1688120042588 0.8112617135047913 0
1688120042637 0.8123044967651367 0
1688120042686 0.9113659858703613 0
1688120042734 0.9061522483825684 0
1688120042798 0.9384775757789612 0
1688120042850 0.9687173962593079 0
1688120042906 0.9833159446716309 0
1688120042959 1.0260688066482544 0
1688120043009 1.0458811521530151 0
1688120043059 1.0677789449691772 0
1688120043108 1.114702820777893 0
1688120043163 1.1657977104187012 0
1688120043211 1.1480709314346313 0
1688120043257 1.1772680282592773 0
