1702030300654 0.6939097791910172 0
1702030300729 0.6887622028589249 0
1702030300761 0.6825855597853661 0
1702030300792 0.6743678450584412 0
1702030300823 0.663224346935749 0
1702030300858 0.6476242989301682 0
1702030300888 0.6259735375642776 0
1702030300921 0.5970234349370003 0
1702030300952 0.5618901923298836 0
1702030300983 0.522485189139843 0
1702030301014 0.4833102598786354 0
1702030301045 0.45033904910087585 0
1702030301076 0.4271860383450985 0
1702030301108 0.4137997254729271 0
1702030301139 0.4064868427813053 0
1702030301171 0.40192169323563576 0
1702030301203 0.3986033610999584 0
1702030301237 0.3962792828679085 0
1702030301268 0.3948185332119465 0
1702030301300 0.393826462328434 0
1702030301332 0.3932599537074566 0
1702030301363 0.3928951770067215 0
1702030301394 0.39266398921608925 0
1702030301424 0.3924482762813568 0
1702030301456 0.3922923393547535 0
1702030301486 0.392273984849453 0
1702030301516 0.3921233117580414 0
1702030301546 0.3920770660042763 0
1702030301576 0.39198610559105873 0
1702030301607 0.39199600368738174 0
1702030301637 0.3918367773294449 0
1702030301668 0.3917957991361618 0
1702030301698 0.3917970545589924 0
1702030301728 0.3916856460273266 0
1702030301758 0.3916459158062935 0
1702030301790 0.3916184864938259 0
1702030301820 0.3915148191154003 0
1702030301849 0.39151810482144356 0
1702030301877 0.3914571739733219 0
1702030301906 0.39135289564728737 0
1702030301935 0.391334842890501 0
1702030301966 0.3912339396774769 0
1702030301994 0.3911909833550453 0
1702030302023 0.3911292366683483 0
1702030302051 0.3910457044839859 0
1702030302080 0.39096884801983833 0
1702030302109 0.39093533158302307 0
