1682676767418 0.6896097213029861 0
1682676767447 0.6846202686429024 0
1682676767477 0.678161658346653 0
1682676767506 0.6694026812911034 0
1682676767536 0.6568529978394508 0
1682676767566 0.6392063274979591 0
1682676767595 0.6157591193914413 0
1682676767625 0.5846829414367676 0
1682676767654 0.5474672988057137 0
1682676767683 0.5056209154427052 0
1682676767712 0.46465954184532166 0
1682676767741 0.43238480761647224 0
1682676767770 0.41141316667199135 0
1682676767799 0.4018738828599453 0
1682676767828 0.3979776203632355 0
1682676767857 0.3957221284508705 0
1682676767886 0.39440497010946274 0
1682676767917 0.39337587356567383 0
1682676767947 0.39279596880078316 0
1682676767982 0.39236628636717796 0
1682676768051 0.39213767647743225 0
1682676768083 0.3921770788729191 0
1682676768117 0.3919711746275425 0
1682676768147 0.39192669093608856 0
1682676768177 0.39183589071035385 0
1682676768224 0.39176810905337334 0
1682676768252 0.39161577820777893 0
1682676768281 0.3916606530547142 0
1682676768309 0.3916196972131729 0
1682676768338 0.3915022201836109 0
1682676768366 0.39139264076948166 0
