1682676767421 0.8159831762313843 0
1682676767451 0.8138801455497742 0
1682676767480 0.8117770552635193 0
1682676767510 0.7907465696334839 0
1682676767540 0.7896950840950012 0
1682676767570 0.7781282663345337 0
1682676767599 0.7844374179840088 0
1682676767628 0.7960042357444763 0
1682676767658 0.801261842250824 0
1682676767687 0.8243953585624695 0
1682676767716 0.8191377520561218 0
1682676767744 0.8191377520561218 0
1682676767773 0.8170347213745117 0
1682676767803 0.827549934387207 0
1682676767832 0.8212407827377319 0
1682676767861 0.8233438730239868 0
1682676767890 0.827549934387207 0
1682676767921 0.8643532991409302 0
1682676767950 0.8738170266151428 0
1682676768021 0.9011566638946533 0
1682676768055 0.9200841188430786 0
1682676768086 0.9316508769989014 0
1682676768121 0.9526813626289368 0
1682676768150 0.9705573320388794 0
1682676768182 0.9852786660194397 0
1682676768227 0.9863301515579224 0
1682676768256 1.0052576065063477 0
1682676768284 1.0115667581558228 0
1682676768312 1.0168243646621704 0
1682676768342 1.022081971168518 0
1682676768370 1.0294426679611206 0
