1689934428110 0.6845521926879883 0
1689934428170 0.6782116666436195 0
1689934428225 0.671008825302124 0
1689934428283 0.6617921516299248 0
1689934428342 0.6493480131030083 0
1689934428389 0.6317236721515656 0
1689934428443 0.607730470597744 0
1689934428498 0.5763747170567513 0
1689934428554 0.5394529476761818 0
1689934428613 0.5004601553082466 0
1689934428674 0.4635566957294941 0
1689934428724 0.4363115392625332 0
1689934428795 0.4188075102865696 0
1689934428849 0.4095788113772869 0
1689934428907 0.4044744707643986 0
1689934428967 0.4003555253148079 0
1689934429026 0.3974650427699089 0
1689934429097 0.39574064314365387 0
1689934429186 0.39457209780812263 0
1689934429254 0.3937529884278774 0
1689934429319 0.39334477856755257 0
1689934429440 0.3930266685783863 0
1689934429497 0.392776682972908 0
1689934429557 0.39259764552116394 0
1689934429608 0.3925132341682911 0
1689934429659 0.3923913240432739 0
1689934429724 0.39227215200662613 0
1689934429779 0.39222289621829987 0
1689934429846 0.39218198880553246 0
1689934429903 0.3921015039086342 0
1689934429957 0.3920189365744591 0
1689934429995 0.391959723085165 0
1689934430025 0.39185310155153275 0
1689934430054 0.39191433414816856 0
1689934430082 0.3918299414217472 0
1689934430110 0.3917402923107147 0
1689934430138 0.3917163945734501 0
1689934430167 0.3917265310883522 0
