1703844743518 0.7912423610687256 0
1703844743552 0.7912423610687256 0
1703844743626 0.8034623265266418 0
1703844743696 0.790224015712738 0
1703844743760 0.7820773720741272 0
1703844743807 0.7861506938934326 0
1703844743832 0.7851324081420898 0
1703844743856 0.7729124426841736 0
1703844743880 0.7688391208648682 0
1703844743904 0.7637474536895752 0
1703844743928 0.7606924772262573 0
1703844744054 0.7647657990455627 0
1703844744079 0.7708757519721985 0
1703844744103 0.7657840847969055 0
1703844744129 0.7627291083335876 0
1703844744156 0.7668024301528931 0
1703844744197 0.7586557865142822 0
1703844744268 0.753564178943634 0
1703844744310 0.7556008100509644 0
1703844744335 0.7556008100509644 0
1703844744359 0.7586557865142822 0
1703844744383 0.753564178943634 0
1703844744408 0.7515274882316589 0
1703844744432 0.7566191554069519 0
1703844744456 0.7586557865142822 0
1703844744481 0.7545824646949768 0
1703844744506 0.7606924772262573 0
1703844744531 0.7657840847969055 0
1703844744567 0.7739307284355164 0
1703844744635 0.7729124426841736 0
1703844744682 0.8014256358146667 0
1703844744707 0.8299388885498047 0
1703844744731 0.8696537613868713 0
1703844744757 0.8808553814888 0
1703844744782 0.904276967048645 0
1703844744820 0.9052953124046326 0
1703844744850 0.9287168979644775 0
1703844744879 0.9572301506996155 0
1703844744906 0.9735234379768372 0
1703844744937 0.994908332824707 0
1703844744964 1.002036690711975 0
1703844744990 0.9979633688926697 0
