1689329666721 0.6932272985577583 0
1689329666755 0.6843385621905327 0
1689329666787 0.6736055538058281 0
1689329666823 0.6588118374347687 0
1689329666857 0.6385172307491302 0
1689329666889 0.6108075901865959 0
1689329666921 0.5754381865262985 0
1689329666952 0.5353013128042221 0
1689329666987 0.49412697181105614 0
1689329667023 0.45947573706507683 0
1689329667058 0.43642494454979897 0
1689329667092 0.4236597493290901 0
1689329667125 0.41553986445069313 0
1689329667157 0.4086354561150074 0
1689329667190 0.40403326600790024 0
1689329667223 0.40036359801888466 0
1689329667256 0.39791101962327957 0
1689329667289 0.3962297700345516 0
1689329667322 0.3949801176786423 0
1689329667356 0.39379455149173737 0
1689329667388 0.3933594189584255 0
1689329667420 0.392705999314785 0
1689329667453 0.3923753760755062 0
1689329667486 0.39198342338204384 0
1689329667520 0.39172298461198807 0
1689329667553 0.39159827306866646 0
1689329667588 0.3914279267191887 0
1689329667626 0.3911488242447376 0
1689329667659 0.3910343199968338 0
1689329667691 0.39085816219449043 0
1689329667724 0.3907439522445202 0
1689329667758 0.3905266970396042 0
1689329667792 0.3903544172644615 0
1689329667825 0.3901728168129921 0
