1689329666727 0.7845993638038635 0
1689329666760 0.7814776301383972 0
1689329666792 0.7918834686279297 0
1689329666829 0.8054110407829285 0
1689329666861 0.795005202293396 0
1689329666894 0.7918834686279297 0
1689329666926 0.7835587859153748 0
1689329666957 0.7898023128509521 0
1689329666992 0.7929240465164185 0
1689329667029 0.7856399416923523 0
1689329667063 0.7793964743614197 0
1689329667097 0.7814776301383972 0
1689329667130 0.8043704628944397 0
1689329667162 0.819979190826416 0
1689329667195 0.8158168792724609 0
1689329667228 0.8168574571609497 0
1689329667260 0.8210197687149048 0
1689329667294 0.8231009244918823 0
1689329667327 0.8418314456939697 0
1689329667361 0.8501560688018799 0
1689329667392 0.8865764737129211 0
1689329667425 0.9219563007354736 0
1689329667457 0.9386056065559387 0
1689329667492 0.9323621392250061 0
1689329667525 0.95005202293396 0
1689329667558 0.9906347393989563 0
1689329667593 1.0176899433135986 0
1689329667631 1.0530697107315063 0
1689329667663 1.0624349117279053 0
1689329667696 1.0603537559509277 0
1689329667730 1.088449478149414 0
1689329667762 1.1227887868881226 0
1689329667797 1.14151930809021 0
1689329667829 1.1529656648635864 0
