1703844751753 0.7545824646949768 0
1703844751793 0.7545824646949768 0
1703844751851 0.753564178943634 0
1703844751919 0.7576375007629395 0
1703844751951 0.7647657990455627 0
1703844751981 0.7647657990455627 0
1703844752011 0.7668024301528931 0
1703844752040 0.771894097328186 0
1703844752195 0.7790223956108093 0
1703844752225 0.7841140627861023 0
1703844752256 0.7922607064247131 0
1703844752285 0.7830957174301147 0
1703844752315 0.7790223956108093 0
1703844752344 0.7810590863227844 0
1703844752379 0.790224015712738 0
1703844752409 0.7932790517807007 0
1703844752456 0.790224015712738 0
1703844752495 0.7932790517807007 0
1703844752528 0.7922607064247131 0
1703844752562 0.7922607064247131 0
1703844752655 0.7973523139953613 0
1703844752743 0.790224015712738 0
1703844752814 0.7892057299613953 0
1703844752844 0.7841140627861023 0
1703844752873 0.7861506938934326 0
1703844752906 0.7942973375320435 0
1703844752937 0.7942973375320435 0
1703844752967 0.790224015712738 0
1703844753005 0.7922607064247131 0
1703844753044 0.790224015712738 0
1703844753099 0.7963340282440186 0
1703844753133 0.8014256358146667 0
1703844753173 0.7983706593513489 0
1703844753209 0.8044806718826294 0
1703844753241 0.7973523139953613 0
1703844753271 0.7892057299613953 0
1703844753300 0.8014256358146667 0
1703844753329 0.813645601272583 0
1703844753357 0.8401222229003906 0
1703844753386 0.8482688665390015 0
1703844753415 0.8574337959289551 0
1703844753443 0.8615071177482605 0
1703844753473 0.8543788194656372 0
1703844753502 0.8665987849235535 0
1703844753531 0.8828920722007751 0
1703844753560 0.9124236106872559 0
1703844753589 0.9124236106872559 0
1703844753617 0.9368635416030884 0
1703844753646 0.9348269104957581 0
1703844753677 0.9307535886764526 0
1703844753706 0.9338085651397705 0
1703844753779 0.9450101852416992 0
1703844753809 0.9236252307891846 0
1703844753838 0.9307535886764526 0
1703844753868 0.9297352433204651 0
1703844753897 0.9409368634223938 0
1703844753928 0.9389002323150635 0
1703844753966 0.9368635416030884 0
1703844753994 0.9429734945297241 0
