1700820853320 0.8067484498023987 0
1700820853365 0.7975460290908813 0
1700820853407 0.7903885245323181 0
1700820853450 0.7842535972595215 0
1700820853492 0.8118609189987183 0
1700820853538 0.8527607321739197 0
1700820853643 0.9182004332542419 0
1700820853708 0.9182004332542419 0
1700820853770 0.9478527903556824 0
1700820853922 0.9642126560211182 0
1700820854050 0.9815950989723206 0
1700820854118 1.0020450353622437 0
1700820854180 1.0347647666931152 0
1700820854308 1.068507194519043 0
1700820854374 1.0623722076416016 0
1700820854442 1.0756646394729614 0
1700820854497 1.1441718339920044 0
1700820854545 1.1124744415283203 0
1700820854636 1.1431492567062378 0
1700820854717 1.1635991334915161 0
1700820854775 1.1881390810012817 0
1700820854859 1.185071587562561 0
1700820855060 1.1973415613174438 0
1700820855111 1.2341513633728027 0
1700820855156 1.2505112886428833 0
