1700820853314 0.6788080699982182 0
1700820853358 0.6386960225720559 0
1700820853401 0.5279621001212828 0
1700820853444 0.42016583873379615 0
1700820853486 0.3988020641188468 0
1700820853532 0.3941740307115739 0
1700820853636 0.3929306816670202 0
1700820853699 0.3924835881879253 0
1700820853761 0.39227850302573175 0
1700820853910 0.3920953821751379 0
1700820854041 0.3918804737829393 0
1700820854110 0.39171001218980356 0
1700820854174 0.39150084987763434 0
1700820854296 0.39130145599765165 0
1700820854365 0.39117137847408173 0
1700820854436 0.3908540096975142 0
1700820854491 0.3907470722352305 0
1700820854539 0.3904533145889159 0
1700820854629 0.3902049958705902 0
1700820854707 0.3898982492185408 0
1700820854769 0.38968177091690803 0
1700820854847 0.3893796763112468 0
1700820855054 0.3890798437979914 0
1700820855106 0.3888014574204722 0
1700820855150 0.3884294263778194 0
