1732270603625 0.6907707982593112 0
1732270603716 0.6871539221869575 0
1732270603776 0.6838089757495456 0
1732270603825 0.6817629204856025 0
1732270603878 0.6768419941266378 0
1732270603921 0.6727869311968485 0
1732270603967 0.669913649559021 0
1732270604014 0.6644126507971022 0
1732270604068 0.6588104764620463 0
1732270604112 0.6487166616651747 0
1732270604164 0.6386865377426147 0
1732270604205 0.6270667513211569 0
1732270604246 0.6112510297033522 0
1732270604287 0.5936728450987074 0
1732270604328 0.5758894483248392 0
1732270604391 0.5520626174079047 0
1732270604444 0.5295096569591098 0
1732270604505 0.505088124010298 0
1732270604566 0.4842275182406108 0
1732270604613 0.46387865477138096 0
1732270604657 0.442649460501141 0
1732270604697 0.43048208951950073 0
1732270604765 0.4200359152423011 0
1732270604853 0.41201504071553546 0
1732270604896 0.40701642632484436 0
1732270604936 0.40015864703390336 0
1732270604977 0.3993799752659268 0
1732270605019 0.40099524789386326 0
1732270605062 0.3963825503985087 0
1732270605126 0.39468860626220703 0
1732270605175 0.395006474521425 0
1732270605226 0.39591644207636517 0
1732270605284 0.39422954122225445 0
1732270605332 0.39435731371243793 0
1732270605373 0.39329007599088883 0
1732270605413 0.39618148737483555 0
1732270605454 0.3939064078860813 0
1732270605496 0.3934759828779433 0
1732270605537 0.39493823051452637 0
1732270605583 0.39370382494396633 0
1732270605625 0.3934047917524974 0
1732270605668 0.3928689956665039 0
1732270605709 0.39290790094269645 0
1732270605751 0.39195626642968917 0
1732270605792 0.39350519908799064 0
1732270605833 0.39242282178666854 0
1732270605877 0.3931224114365048 0
1732270605922 0.3915177418126 0
1732270605975 0.3929411669572194 0
1732270606041 0.39235742224587333 0
1732270606087 0.3921102119816674 0
1732270606127 0.3921442992157406 0
1732270606168 0.391007231341468 0
1732270606211 0.3916671574115753 0
1732270606252 0.3918875455856323 0
