1700820829725 0.6929472014307976 0
1700820829780 0.6885584071278572 0
1700820829870 0.6838893666863441 0
1700820829948 0.6784075647592545 0
1700820830014 0.6714371666312218 0
1700820830104 0.6620803698897362 0
1700820830170 0.6496412828564644 0
1700820830222 0.6329549700021744 0
1700820830267 0.6112117692828178 0
1700820830312 0.5836716890335083 0
1700820830365 0.5510797202587128 0
1700820830419 0.5152955874800682 0
1700820830466 0.47987480089068413 0
1700820830533 0.449053056538105 0
1700820830581 0.4259726069867611 0
1700820830638 0.41169675067067146 0
1700820830690 0.40401100739836693 0
1700820830893 0.40009805560112 0
1700820831120 0.39784524217247963 0
1700820831171 0.3959174156188965 0
1700820831233 0.39452284947037697 0
1700820831363 0.393635768443346 0
1700820831412 0.39301449432969093 0
1700820831461 0.39260463789105415 0
1700820831611 0.39227404072880745 0
1700820831654 0.39207734167575836 0
1700820831698 0.3918971158564091 0
1700820831855 0.39182356372475624 0
1700820831904 0.3916974999010563 0
1700820831956 0.39160914719104767 0
1700820832047 0.3915357291698456 0
1700820832239 0.39147649332880974 0
1700820832293 0.39139408990740776 0
