1717755210699 0.6913218125700951 0
1717755210733 0.6825837343931198 0
1717755210767 0.6703415066003799 0
1717755210800 0.6512528657913208 0
1717755210834 0.6221919283270836 0
1717755210868 0.5812294781208038 0
1717755210903 0.5300431177020073 0
1717755210937 0.4772087410092354 0
1717755211097 0.43604497238993645 0
1717755211197 0.41395723819732666 0
1717755211231 0.4055015258491039 0
1717755211265 0.40050268918275833 0
1717755211298 0.3965921178460121 0
1717755211333 0.39424847438931465 0
1717755211368 0.3932565823197365 0
1717755211401 0.39266568422317505 0
1717755211435 0.39231111109256744 0
1717755211468 0.3921078108251095 0
1717755211500 0.3919648379087448 0
1717755211533 0.3918240889906883 0
1717755211565 0.3917359486222267 0
1717755211598 0.39163556322455406 0
1717755211633 0.3915354944765568 0
1717755211666 0.39140718057751656 0
1717755211698 0.3913020081818104 0
1717755211731 0.3911847844719887 0
1717755211762 0.39104828238487244 0
1717755211793 0.39091312512755394 0
1717755211823 0.39081113040447235 0
1717755211854 0.39065826684236526 0
1717755211886 0.39051157236099243 0
1717755211918 0.3903445154428482 0
1717755211949 0.39020710811018944 0
1717755212004 0.39002326875925064 0
1717755212037 0.38984963297843933 0
1717755212076 0.3896508626639843 0
1717755212108 0.38948801159858704 0
