1704449586295 0.8128179311752319 0
1704449586326 0.8494405150413513 0
1704449586357 0.8494405150413513 0
1704449586387 0.8616480231285095 0
1704449586418 0.8504577875137329 0
1704449586448 0.854526937007904 0
1704449586481 0.8677517771720886 0
1704449586513 0.8687690496444702 0
1704449586543 0.8748728632926941 0
1704449586573 0.8616480231285095 0
1704449586603 0.8616480231285095 0
1704449586633 0.8708036541938782 0
1704449586666 0.8830111622810364 0
1704449586697 0.8992878794670105 0
1704449586727 0.9125127196311951 0
1704449586757 0.9226856827735901 0
1704449586787 0.9267548322677612 0
1704449586817 0.9430315494537354 0
1704449586847 0.9471006989479065 0
1704449586876 0.9532044529914856 0
1704449586914 0.9664292931556702 0
1704449586947 0.9755849242210388 0
1704449586978 0.962360143661499 0
1704449587008 0.9755849242210388 0
1704449587037 0.9816886782646179 0
