1692958386771 0.760869562625885 0
1692958387134 0.7650103569030762 0
1692958387304 0.7908902764320374 0
1692958387441 0.783643901348114 0
1692958387570 0.782608687877655 0
1692958387700 0.8136646151542664 0
1692958387816 0.8033125996589661 0
1692958387930 0.8033125996589661 0
1692958388039 0.7981366515159607 0
1692958388201 0.7971014380455017 0
1692958388266 0.7971014380455017 0
1692958388588 0.7919254899024963 0
1692958388712 0.782608687877655 0
1692958388798 0.782608687877655 0
1692958389077 0.7763975262641907 0
1692958389158 0.7805383205413818 0
1692958389246 0.7867494821548462 0
1692958389457 0.7743270993232727 0
1692958389652 0.7784678936004639 0
1692958389757 0.783643901348114 0
1692958389894 0.7919254899024963 0
1692958390015 0.8167701959609985 0
1692958390141 0.8250517845153809 0
1692958390282 0.8178054094314575 0
1692958390531 0.8550724387168884 0
1692958390624 0.8695651888847351 0
1692958390686 0.8664596080780029 0
1692958390744 0.8892339468002319 0
1692958390802 0.8902691602706909 0
