1723198532218 0.7725024819374084 0
1723198532391 0.780415415763855 0
1723198532460 0.7685459852218628 0
1723198532615 0.7596439123153687 0
1723198532803 0.7487636208534241 0
1723198532905 0.7636004090309143 0
1723198532970 0.7685459852218628 0
1723198533042 0.7467853426933289 0
1723198533109 0.745796263217926 0
1723198533272 0.7675568461418152 0
1723198533400 0.7764589786529541 0
1723198533463 0.7952522039413452 0
1723198533526 0.7873392701148987 0
1723198533589 0.7893174886703491 0
1723198533721 0.8021760582923889 0
1723198533870 0.808110773563385 0
1723198533958 0.805143415927887 0
1723198534033 0.8100889921188354 0
1723198534095 0.808110773563385 0
1723198534234 0.8130564093589783 0
1723198534302 0.8160237669944763 0
1723198534360 0.8229475617408752 0
1723198534450 0.8447082042694092 0
1723198534514 0.8595449924468994 0
1723198534648 0.8793274164199829 0
1723198534707 0.8931750655174255 0
1723198534771 0.9149357080459595 0
1723198534870 0.9020771384239197 0
1723198534933 0.9070227742195129 0
1723198534993 0.9238377809524536 0
1723198535132 0.9208704233169556 0
1723198535190 0.925815999507904 0
