1695377637652 0.6768028928387549 0
1695377637875 0.5695823546378843 0
1695377638032 0.4099983649869119 0
1695377638265 0.39389747477346854 0
1695377638457 0.3927914807873388 0
1695377638627 0.3924730996931753 0
1695377638726 0.39208446010466547 0
1695377638794 0.3920181826237709 0
1695377638881 0.39167809870935255 0
1695377638945 0.39143217186773976 0
1695377639011 0.39137919679764777 0
1695377639082 0.3909134009192067 0
1695377639151 0.3908474772207199 0
1695377639218 0.39037831848667515 0
1695377639421 0.39014773311153533 0
