1687515303343 0.7870563864707947 0
1687515303394 0.794363260269165 0
1687515303441 0.7901878952980042 0
1687515303489 0.818371593952179 0
1687515303537 0.8549060821533203 0
1687515303587 0.9352818131446838 0
1687515303635 0.9582463502883911 0
1687515303685 0.9405010342597961 0
1687515303737 0.980167031288147 0
1687515303839 1.006263017654419 0
1687515303888 1.0302714109420776 0
1687515303938 1.0699373483657837 0
1687515303984 1.0793319940567017 0
1687515304035 1.1033402681350708 0
1687515304083 1.1158664226531982 0
1687515304131 1.1628392934799194 0
