1687515303339 0.6829623659451802 0
1687515303390 0.6398530046145121 0
1687515303437 0.5356241345405579 0
1687515303485 0.41792861819267274 0
1687515303533 0.39920974175135293 0
1687515303582 0.3928999165693919 0
1687515303631 0.39240480264027916 0
1687515303681 0.39204373955726624 0
1687515303732 0.39174014528592427 0
1687515303835 0.3915049135684967 0
1687515303884 0.39131900668144226 0
1687515303933 0.39107817808787027 0
1687515303980 0.3907920519510905 0
1687515304031 0.39053504467010497 0
1687515304079 0.39018561045328776 0
1687515304127 0.3899447659651438 0
