1720779286248 0.8184523582458496 0
1720779286389 0.8422619104385376 0
1720779286468 0.841269850730896 0
1720779286551 0.8660714030265808 0
1720779286636 0.8908730149269104 0
1720779286714 0.898809552192688 0
1720779286821 0.9097222089767456 0
1720779286896 0.9652777910232544 0
1720779286968 0.949404776096344 0
1720779287036 0.9732142686843872 0
1720779287107 1.0029761791229248 0
1720779287175 1.0138888359069824 0
1720779287242 1.023809552192688 0
1720779287308 1.0456348657608032 0
1720779287377 1.0982142686843872 0
1720779287444 1.0902777910232544 0
1720779287515 1.1230158805847168 0
1720779287588 1.1805555820465088 0
1720779287651 1.1755952835083008 0
1720779287718 1.1894841194152832 0
1720779287787 1.23115074634552 0
1720779287970 1.2678571939468384 0
1720779288041 1.273809552192688 0
1720779288147 1.2946428060531616 0
1720779288225 1.3452380895614624 0
1720779288291 1.3759920597076416 0
1720779288357 1.3809523582458496 0
1720779288415 1.4156745672225952 0
1720779288476 1.4077380895614624 0
1720779288534 1.45634925365448 0
1720779288592 1.4494047164916992 0
