1720779286238 0.6724301856011152 0
1720779286324 0.5913442336022854 0
1720779286459 0.4421779913827777 0
1720779286539 0.39813023805618286 0
1720779286625 0.3934797877445817 0
1720779286704 0.39277001935988665 0
1720779286811 0.3925243653357029 0
1720779286885 0.39238201547414064 0
1720779286959 0.39218581560999155 0
1720779287027 0.3919396875426173 0
1720779287096 0.3917686901986599 0
1720779287165 0.3916867757216096 0
1720779287233 0.391399004496634 0
1720779287298 0.3912850636988878 0
1720779287368 0.39104878157377243 0
1720779287433 0.39088661689311266 0
1720779287505 0.3906524069607258 0
1720779287579 0.3903429275378585 0
1720779287642 0.39014882035553455 0
1720779287708 0.38993721455335617 0
1720779287778 0.38968139700591564 0
1720779287958 0.38946353644132614 0
1720779288032 0.38916528411209583 0
1720779288138 0.388769612647593 0
1720779288214 0.3884674133732915 0
1720779288282 0.3881381833925843 0
1720779288348 0.3878388376906514 0
1720779288407 0.3874797625467181 0
1720779288468 0.38713501393795013 0
1720779288526 0.386673279106617 0
1720779288583 0.38608889281749725 0
