1691748751044 0.6706132215838279 0
1691748751143 0.6222378726928465 0
1691748751323 0.5249850326968778 0
1691748751425 0.43436761633042364 0
1691748751526 0.4048026780928335 0
1691748751624 0.39631693882326924 0
1691748751851 0.3937230985010824 0
1691748751981 0.3928125548747278 0
1691748752107 0.39224224705849925 0
1691748752231 0.3920383655255841 0
1691748752361 0.39190091048517534 0
1691748752496 0.3917197104423277 0
1691748752618 0.391409283684146 0
1691748752783 0.39133986830711365 0
1691748752922 0.3912007443366512 0
