1721384023358 0.841269850730896 0
1721384023403 0.8353174328804016 0
1721384023448 0.824404776096344 0
1721384023494 0.8333333134651184 0
1721384023539 0.8402777910232544 0
1721384023584 0.8640872836112976 0
1721384023628 0.875 0
1721384023673 0.913690447807312 0
1721384023719 0.9216269850730896 0
1721384023766 0.9503968358039856 0
1721384023813 0.9682539701461792 0
1721384023858 0.9811508059501648 0
1721384023903 0.9980158805847168 0
1721384023948 0.9890872836112976 0
1721384023993 1.0089285373687744 0
1721384024038 1.0396825075149536 0
