1682676784737 0.7917981147766113 0
1682676784772 0.797055721282959 0
1682676784801 0.7960042357444763 0
1682676784830 0.8023133277893066 0
1682676784860 0.801261842250824 0
1682676784890 0.8033648729324341 0
1682676784920 0.7896950840950012 0
1682676784949 0.7749736905097961 0
1682676784978 0.7665615081787109 0
1682676785008 0.746582567691803 0
1682676785037 0.7707676291465759 0
1682676785066 0.7581493258476257 0
1682676785097 0.7486855983734131 0
1682676785126 0.7570977807044983 0
1682676785156 0.7613039016723633 0
1682676785186 0.7760252356529236 0
1682676785216 0.7802313566207886 0
1682676785246 0.7865405082702637 0
1682676785275 0.797055721282959 0
1682676785305 0.8128286004066467 0
1682676785335 0.8454258441925049 0
1682676785364 0.8611987233161926 0
1682676785393 0.8885383605957031 0
1682676785424 0.9022082090377808 0
1682676785454 0.9200841188430786 0
1682676785484 0.921135663986206 0
1682676785513 0.9316508769989014 0
1682676785544 0.9432176947593689 0
1682676785576 0.9390115737915039 0
1682676785607 0.9589905142784119 0
1682676785638 0.9579390287399292 0
1682676785673 0.9705573320388794 0
1682676785705 0.9915878176689148 0
1682676785735 0.9852786660194397 0
1682676785765 0.9852786660194397 0
1682676785796 0.995793879032135 0
1682676785826 1.0178759098052979 0
1682676785856 1.0231335163116455 0
1682676785887 1.0168243646621704 0
1682676785917 1.0094636678695679 0
1682676785946 1.0199790000915527 0
1682676785976 1.0273396968841553 0
1682676786006 1.046267032623291 0
1682676786035 1.0557308197021484 0
1682676786064 1.054679274559021 0
