1682676784733 0.6994401067495346 0
1682676784768 0.6939779371023178 0
1682676784797 0.6879971250891685 0
1682676784827 0.6805845126509666 0
1682676784857 0.6707909479737282 0
1682676784886 0.6576671600341797 0
1682676784916 0.6401121839880943 0
1682676784945 0.6169036701321602 0
1682676784975 0.5879369005560875 0
1682676785005 0.5526020005345345 0
1682676785034 0.5137030817568302 0
1682676785063 0.47508907318115234 0
1682676785093 0.44258326664566994 0
1682676785123 0.42013297230005264 0
1682676785152 0.4080532267689705 0
1682676785182 0.4027741402387619 0
1682676785213 0.39949634298682213 0
1682676785242 0.3973222002387047 0
1682676785272 0.3952704146504402 0
1682676785302 0.3942870832979679 0
1682676785331 0.39356696605682373 0
1682676785361 0.3929004594683647 0
1682676785390 0.3925637863576412 0
1682676785420 0.3923930823802948 0
1682676785451 0.39220480993390083 0
1682676785480 0.39207134768366814 0
1682676785509 0.39188628271222115 0
1682676785540 0.3917957916855812 0
1682676785572 0.39172374084591866 0
1682676785604 0.39167600497603416 0
1682676785634 0.391588032245636 0
1682676785669 0.39158281311392784 0
1682676785701 0.3915040157735348 0
1682676785732 0.3913920186460018 0
1682676785762 0.39135637134313583 0
1682676785793 0.3912632018327713 0
1682676785823 0.3913023844361305 0
1682676785853 0.3911970183253288 0
1682676785884 0.3911237455904484 0
1682676785913 0.3911327086389065 0
1682676785942 0.390962116420269 0
1682676785972 0.391003143042326 0
1682676786003 0.3908015601336956 0
1682676786031 0.39079295843839645 0
1682676786061 0.3907530978322029 0
