1732875406188 0.6924782991409302 0
1732875406231 0.6803359704859117 0
1732875406275 0.6571107611936682 0
1732875406318 0.6117320236037759 0
1732875406361 0.5367620604879716 0
1732875406404 0.45795682598562804 0
1732875406447 0.4148878910962273 0
1732875406493 0.4017024881699506 0
1732875406538 0.3963758945465088 0
1732875406582 0.3940186675857095 0
1732875406639 0.3935171681291917 0
1732875406696 0.39265838791342345 0
1732875406748 0.39177942100693197 0
1732875406793 0.39216102046125073 0
1732875406839 0.3916493741904988 0
1732875406888 0.39155129650059867 0
1732875406931 0.39150196138550253 0
1732875406974 0.39183582803782296 0
1732875407018 0.39179591396275687 0
1732875407062 0.3913978250587688 0
1732875407105 0.39109572242288027 0
1732875407148 0.39145170590456796 0
1732875407191 0.39097504756029916 0
1732875407236 0.3910626155488631 0
1732875407281 0.3904171060113346 0
1732875407325 0.39074751033502464 0
1732875407369 0.39046252475065346 0
1732875407433 0.39033882933504443 0
1732875407482 0.3906642198562622 0
1732875407528 0.3898680648382972 0
1732875407570 0.39002317891401406 0
1732875407614 0.38973064808284535 0
