1732875406197 0.8304093480110168 0
1732875406241 0.8128654956817627 0
1732875406284 0.8148148059844971 0
1732875406328 0.8177387714385986 0
1732875406371 0.8274853825569153 0
1732875406414 0.819688081741333 0
1732875406457 0.8235867619514465 0
1732875406502 0.8343079686164856 0
1732875406547 0.8362573385238647 0
1732875406592 0.8411306142807007 0
1732875406652 0.8693957328796387 0
1732875406709 0.8635477423667908 0
1732875406758 0.9093567132949829 0
1732875406804 0.9230019450187683 0
1732875406849 0.9366471767425537 0
1732875406897 0.9346978664398193 0
1732875406940 0.9376218318939209 0
1732875406984 0.9746588468551636 0
1732875407028 0.9961013793945312 0
1732875407071 1.0311890840530396 0
1732875407114 1.0350877046585083 0
1732875407157 1.0243664979934692 0
1732875407200 1.0360623598098755 0
1732875407245 1.0701754093170166 0
1732875407291 1.028265118598938 0
1732875407335 1.0506823062896729 0
1732875407379 1.0730993747711182 0
1732875407446 1.0477583408355713 0
1732875407493 1.0497076511383057 0
1732875407537 1.1111111640930176 0
1732875407580 1.1120858192443848 0
1732875407623 1.1578947305679321 0
