1724408145632 0.6839019954204559 0
1724408145676 0.6674858927726746 0
1724408145719 0.6345111951231956 0
1724408145762 0.5747420117259026 0
1724408145805 0.4940874334424734 0
1724408145847 0.42916287668049335 0
1724408145891 0.40531655587255955 0
1724408145936 0.39798871614038944 0
1724408145980 0.3943534567952156 0
1724408146024 0.3930014856159687 0
1724408146067 0.39240942522883415 0
1724408146113 0.3921544589102268 0
1724408146157 0.3920120485126972 0
1724408146228 0.39193191193044186 0
1724408146437 0.39175380766391754 0
1724408146480 0.39163034223020077 0
1724408146537 0.3915012627840042 0
1724408146620 0.39139322377741337 0
