1730456154577 0.6765243913978338 0
1730456154626 0.6690121218562126 0
1730456154675 0.6576563585549593 0
1730456154725 0.6391812842339277 0
1730456154775 0.6095937509089708 0
1730456154825 0.566533612087369 0
1730456154875 0.5163495317101479 0
1730456154925 0.4712460143491626 0
1730456154972 0.43876416329294443 0
1730456155021 0.4190945131704211 0
1730456155069 0.40837226901203394 0
1730456155117 0.40256092604249716 0
1730456155165 0.3991427347064018 0
1730456155214 0.39698434993624687 0
1730456155262 0.39551088586449623 0
1730456155310 0.3944966699928045 0
1730456155358 0.39379523508250713 0
1730456155409 0.3932668622583151 0
1730456155458 0.3929263213649392 0
1730456155506 0.3926538182422519 0
1730456155555 0.3924588207155466 0
1730456155604 0.39231355115771294 0
1730456155652 0.39219075068831444 0
1730456155701 0.3920977069064975 0
1730456155749 0.39202933199703693 0
1730456155799 0.3919539600610733 0
1730456155848 0.3918705666437745 0
1730456155897 0.39180601574480534 0
1730456155945 0.39174617920070887 0
1730456156010 0.39169043581932783 0
1730456156062 0.39165545254945755 0
1730456156121 0.39158765505999327 0
1730456156174 0.39152761455625296 0
1730456156225 0.391465000808239 0
1730456156278 0.39141920302063227 0
1730456156382 0.39134972635656595 0
1730456156486 0.3912946358323097 0
1730456156562 0.3912375485524535 0
1730456156610 0.39118756353855133 0
1730456156659 0.39111137855798006 0
1730456156708 0.3910566847771406 0
1730456156757 0.3909860085695982 0
1730456156805 0.39092374686151743 0
1730456156854 0.3908703699707985 0
1730456156904 0.39078904688358307 0
1730456156952 0.390729789622128 0
1730456157000 0.3906537452712655 0
1730456157049 0.39056494552642107 0
1730456157100 0.390500096604228 0
1730456157157 0.39041655510663986 0
1730456157208 0.390357687138021 0
1730456157259 0.3902625162154436 0
1730456157309 0.39019416365772486 0
1730456157357 0.3901107646524906 0
1730456157406 0.3900205632671714 0
