1691143955819 0.8089303970336914 0
1691143955894 0.8245067596435547 0
1691143955939 0.8213914632797241 0
1691143955975 0.8276219964027405 0
1691143956009 0.8182762265205383 0
1691143956041 0.8338525295257568 0
1691143956075 0.8172377943992615 0
1691143956122 0.8380062580108643 0
1691143956175 0.8442367315292358 0
1691143956211 0.8546209931373596 0
1691143956248 0.8390446305274963 0
1691143956507 0.8359293937683105 0
1691143956544 0.8369678258895874 0
1691143956578 0.8452751636505127 0
1691143956622 0.8473520278930664 0
1691143956654 0.8421599268913269 0
1691143956695 0.8452751636505127 0
1691143956745 0.8442367315292358 0
1691143956807 0.8483904600143433 0
1691143956868 0.8587746620178223 0
1691143957091 0.8743509650230408 0
1691143957165 0.8639667630195618 0
1691143957220 0.8701972961425781 0
1691143957359 0.8868120312690735 0
1691143957403 0.8650051951408386 0
1691143957456 0.8795430660247803 0
1691143957514 0.8930425643920898 0
1691143957565 0.9055036306381226 0
1691143957618 0.9262720942497253 0
1691143957674 0.9387331008911133 0
1691143957734 0.9439252614974976 0
1691143957837 0.9439252614974976 0
1691143957913 0.9522325992584229 0
1691143957985 0.9574247002601624 0
1691143958040 0.9678089022636414 0
1691143958123 0.9709241986274719 0
1691143958180 0.9595015645027161 0
1691143958253 0.9709241986274719 0
1691143958309 0.9885773658752441 0
