1691143955813 0.6923737749457359 0
1691143955882 0.686393491923809 0
1691143955931 0.6796075776219368 0
1691143955969 0.6714044734835625 0
1691143956004 0.6612303480505943 0
1691143956036 0.6481550186872482 0
1691143956070 0.6312106773257256 0
1691143956116 0.6095880791544914 0
1691143956166 0.5830042883753777 0
1691143956206 0.5513947531580925 0
1691143956243 0.517068050801754 0
1691143956502 0.48259705677628517 0
1691143956538 0.4520292580127716 0
1691143956572 0.4287681616842747 0
1691143956607 0.4136256314814091 0
1691143956649 0.40562698245048523 0
1691143956682 0.4015316255390644 0
1691143956739 0.39905157685279846 0
1691143956798 0.39719680696725845 0
1691143956860 0.3956352658569813 0
1691143957015 0.39464619010686874 0
1691143957160 0.3939719423651695 0
1691143957212 0.3935043476521969 0
1691143957349 0.3931233026087284 0
1691143957397 0.3929031901061535 0
1691143957450 0.39260464534163475 0
1691143957503 0.39247576147317886 0
1691143957557 0.39240214601159096 0
1691143957610 0.3923598974943161 0
1691143957661 0.39228737354278564 0
1691143957729 0.3921824209392071 0
1691143957821 0.3920619934797287 0
1691143957907 0.39205410331487656 0
1691143957980 0.39199094474315643 0
1691143958031 0.3919190652668476 0
1691143958113 0.39190108701586723 0
1691143958175 0.39181681349873543 0
1691143958238 0.3917938470840454 0
1691143958303 0.39183274656534195 0
