1731060880362 0.656661981716752 0
1731060880418 0.4452496385201812 0
1731060880487 0.39430016838014126 0
1731060880545 0.39235084783285856 0
1731060880605 0.39176402799785137 0
1731060880788 0.39121166802942753 0
1731060880846 0.3906434988602996 0
1731060881030 0.38989776745438576 0
1731060881096 0.3892365461215377 0
1731060881159 0.38836162723600864 0
1731060881226 0.3873455785214901 0
1731060881292 0.38637361768633127 0
1731060881424 0.3850928144529462 0
1731060881528 0.3835867019370198 0
1731060881615 0.3819299302995205 0
