1698401497796 0.6749986429368297 0
1698401497840 0.5432151277219096 0
1698401497884 0.40500708645389927 0
1698401497927 0.3936229944229126 0
1698401497971 0.3927438547534327 0
1698401498016 0.39246455700166766 0
1698401498059 0.39235067079144137 0
1698401498103 0.39198541448962304 0
1698401498147 0.3917766674872368 0
1698401498190 0.3914561387031309 0
1698401498237 0.39128138461420614 0
1698401498285 0.3910229215698858 0
1698401498328 0.39068371826602566 0
1698401498371 0.3904842032540229 0
1698401498414 0.39020028710365295 0
1698401498457 0.38966146399897916 0
