1698401497800 0.8439425230026245 0
1698401497844 0.8357289433479309 0
1698401497889 0.8470225930213928 0
1698401497932 0.8839835524559021 0
1698401497976 0.9271047115325928 0
1698401498020 0.9517453908920288 0
1698401498064 0.9620122909545898 0
1698401498107 0.9917864203453064 0
1698401498151 0.9989733099937439 0
1698401498195 1.0092402696609497 0
1698401498242 1.046201229095459 0
1698401498289 1.0728952884674072 0
1698401498333 1.1160163879394531 0
1698401498376 1.1652977466583252 0
1698401498419 1.1591376066207886 0
1698401498462 1.2289527654647827 0
