1710497592816 0.6937961270732265 0
1710497592889 0.685664955646761 0
1710497592956 0.6744438140623031 0
1710497593021 0.6541608898870407 0
1710497593084 0.6156581351833958 0
1710497593144 0.5546467515730089 0
1710497593205 0.48443628511121195 0
1710497593265 0.43222033496825923 0
1710497593327 0.408273765156346 0
1710497593390 0.4000632570635888 0
1710497593452 0.39674161807183295 0
1710497593515 0.3949575799126779 0
1710497593576 0.3939325069227526 0
1710497593635 0.39331792246910835 0
1710497593704 0.39293700264346215 0
1710497593770 0.3926848500005661 0
1710497593839 0.3925314526404104 0
1710497593908 0.3924123664056101 0
1710497593969 0.3922955441859461 0
1710497594050 0.3922117977373062 0
1710497594110 0.3921463777942042 0
1710497594168 0.39205783990121656 0
1710497594229 0.3919982035313883 0
1710497594293 0.39194570818255026 0
1710497594360 0.39187658602191555 0
1710497594460 0.39179917016336996 0
