1705659148550 0.6938663497567177 0
1705659148580 0.6805447414517403 0
1705659148607 0.658945731818676 0
1705659148634 0.6224329844117165 0
1705659148661 0.5673526898026466 0
1705659148688 0.498355470597744 0
1705659148714 0.43667058274149895 0
1705659148741 0.40794480592012405 0
1705659148767 0.40272435545921326 0
1705659148795 0.39777491614222527 0
1705659148822 0.3938192017376423 0
1705659148848 0.3928643576800823 0
1705659148875 0.3925185948610306 0
1705659148902 0.39214886352419853 0
1705659148929 0.39197182282805443 0
1705659148956 0.3917944170534611 0
1705659148983 0.3916376940906048 0
1705659149010 0.3914858289062977 0
1705659149037 0.3913791961967945 0
1705659149064 0.3912064917385578 0
1705659149091 0.3910225108265877 0
1705659149118 0.39088181778788567 0
1705659149144 0.3907248415052891 0
1705659149171 0.39054935425519943 0
