1705659148556 0.8223350048065186 0
1705659148585 0.7888324856758118 0
1705659148612 0.8030456900596619 0
1705659148639 0.7918781638145447 0
1705659148666 0.8081218004226685 0
1705659148693 0.8233502507209778 0
1705659148720 0.8091370463371277 0
1705659148746 0.8233502507209778 0
1705659148773 0.824365496635437 0
1705659148800 0.8375634551048279 0
1705659148827 0.8507614135742188 0
1705659148854 0.8812182545661926 0
1705659148881 0.8893401026725769 0
1705659148907 0.9157360196113586 0
1705659148935 0.9522842764854431 0
1705659148962 0.9583756327629089 0
1705659148989 0.9695431590080261 0
1705659149015 1.0050761699676514 0
1705659149042 1.0253807306289673 0
1705659149069 1.0467004776000977 0
1705659149096 1.0659898519515991 0
1705659149124 1.0883249044418335 0
1705659149150 1.1076141595840454 0
1705659149176 1.1258883476257324 0
