1686305773963 0.823221743106842 0
1686305773996 0.819037675857544 0
1686305774072 0.8430962562561035 0
1686305774104 0.8483263850212097 0
1686305774137 0.8713389039039612 0
1686305774169 0.857740581035614 0
1686305774201 0.8525104522705078 0
1686305774235 0.8525104522705078 0
1686305774268 0.8430962562561035 0
1686305774301 0.857740581035614 0
1686305774334 0.8587865829467773 0
1686305774366 0.8410041928291321 0
1686305774399 0.8430962562561035 0
1686305774431 0.8410041928291321 0
1686305774462 0.8357740640640259 0
1686305774494 0.823221743106842 0
1686305774526 0.831589937210083 0
1686305774557 0.8305439352989197 0
1686305774590 0.8253138065338135 0
1686305774622 0.8336820006370544 0
1686305774655 0.8179916143417358 0
1686305774688 0.8294979333877563 0
1686305774720 0.8389121294021606 0
1686305774752 0.849372386932373 0
1686305774821 0.8525104522705078 0
1686305774861 0.8514644503593445 0
1686305774900 0.8441422581672668 0
1686305774933 0.839958131313324 0
1686305774995 0.8378661274909973 0
1686305775027 0.8451882600784302 0
1686305775059 0.8410041928291321 0
1686305775092 0.8357740640640259 0
1686305775125 0.8410041928291321 0
1686305775157 0.849372386932373 0
1686305775189 0.8525104522705078 0
1686305775221 0.875523030757904 0
1686305775253 0.875523030757904 0
1686305775285 0.8933054208755493 0
1686305775318 0.910041868686676 0
1686305775351 0.910041868686676 0
1686305775383 0.9278242588043213 0
1686305775415 0.9288703203201294 0
1686305775447 0.939330518245697 0
1686305775480 0.9288703203201294 0
1686305775512 0.9351464509963989 0
1686305775544 0.9529288411140442 0
1686305775576 0.9560669660568237 0
1686305775610 0.9476987719535828 0
1686305775642 0.9644351601600647 0
1686305775677 0.9675732254981995 0
1686305775788 0.9853556752204895 0
1686305775864 0.9801255464553833 0
