1700215948553 0.7686796188354492 0
1700215948601 0.771750271320343 0
1700215948650 0.7676560878753662 0
1700215948698 0.7952917218208313 0
1700215948745 0.8239508867263794 0
1700215948793 0.8915045857429504 0
1700215948841 0.9733878970146179 0
1700215948888 0.9918116927146912 0
1700215948936 0.9969293475151062 0
1700215948983 1.0419652462005615 0
1700215949032 1.0481064319610596 0
1700215949081 1.1095188856124878 0
1700215949128 1.0931422710418701 0
1700215949176 1.1187307834625244 0
1700215949225 1.1821904182434082 0
1700215949275 1.2067553997039795 0
