1711102404374 0.7875126004219055 0
1711102404432 0.8026183247566223 0
1711102404522 0.7975831031799316 0
1711102404605 0.791540801525116 0
1711102404811 0.8026183247566223 0
1711102404889 0.8006042242050171 0
1711102404946 0.7965760231018066 0
1711102405005 0.8559919595718384 0
1711102405071 0.8841893076896667 0
1711102405247 0.921450138092041 0
1711102405362 0.9023162126541138 0
1711102405415 0.9174219369888306 0
1711102405474 0.9204431176185608 0
1711102405530 0.9345418214797974 0
1711102405729 0.9365558624267578 0
1711102405807 0.9617321491241455 0
