1721988851234 0.6909607425332069 0
1721988851273 0.6835609450936317 0
1721988851311 0.6725423336029053 0
1721988851350 0.6543888747692108 0
1721988851385 0.6245533376932144 0
1721988851420 0.5801184922456741 0
1721988851456 0.5226824097335339 0
1721988851491 0.4642456881701946 0
1721988851526 0.4232373647391796 0
1721988851562 0.4068647548556328 0
1721988851596 0.4023204520344734 0
1721988851631 0.3983165882527828 0
1721988851670 0.39501653984189034 0
1721988851706 0.3936215452849865 0
1721988851743 0.3930497467517853 0
1721988851781 0.39259376749396324 0
1721988851820 0.39231737330555916 0
1721988851857 0.392188124358654 0
1721988851915 0.39205892011523247 0
1721988851978 0.3919454626739025 0
1721988852016 0.3918584994971752 0
1721988852054 0.39175620302557945 0
1721988852092 0.39166179671883583 0
1721988852128 0.39156990125775337 0
1721988852166 0.3914811573922634 0
1721988852203 0.39139534905552864 0
