1702030306358 0.682278573513031 0
1702030306390 0.6749092265963554 0
1702030306421 0.6649130955338478 0
1702030306448 0.6505428552627563 0
1702030306477 0.6303832903504372 0
1702030306506 0.6043064817786217 0
1702030306534 0.5725196674466133 0
1702030306562 0.5372466072440147 0
1702030306595 0.501105647534132 0
1702030306622 0.4681619703769684 0
1702030306647 0.44211823865771294 0
1702030306673 0.4238485023379326 0
1702030306700 0.41263506934046745 0
1702030306727 0.4059491902589798 0
1702030306752 0.40155115351080894 0
1702030306777 0.3985351175069809 0
1702030306802 0.3963317535817623 0
1702030306873 0.394903764128685 0
1702030306902 0.39388202875852585 0
1702030306929 0.3932589404284954 0
1702030306956 0.3927994817495346 0
1702030306984 0.3925343118607998 0
1702030307013 0.39224833622574806 0
1702030307042 0.3921035900712013 0
1702030307072 0.39193515107035637 0
1702030307104 0.3918450027704239 0
1702030307133 0.3917193226516247 0
1702030307162 0.391617551445961 0
1702030307190 0.39153673499822617 0
1702030307218 0.39145427942276 0
1702030307245 0.39138179644942284 0
1702030307274 0.39127641916275024 0
1702030307302 0.39122889935970306 0
1702030307331 0.3911157175898552 0
1702030307358 0.3910389393568039 0
1702030307387 0.3909524753689766 0
1702030307417 0.39088432118296623 0
1702030307443 0.39080551266670227 0
1702030307471 0.3907410241663456 0
