1711707215948 0.846076488494873 0
1711707216081 0.850100576877594 0
1711707216117 0.8209255337715149 0
1711707216156 0.7917504906654358 0
1711707216194 0.7937625646591187 0
1711707216232 0.7957746386528015 0
1711707216271 0.7877263426780701 0
1711707216309 0.8219316005706787 0
1711707216458 0.846076488494873 0
1711707216497 0.8400402665138245 0
1711707216537 0.8511066436767578 0
1711707216577 0.8973842859268188 0
1711707216628 0.954728364944458 0
1711707216670 0.9657947421073914 0
1711707216715 0.98591548204422 0
1711707216763 1.001006007194519 0
1711707216808 1.0191147327423096 0
1711707216908 1.0241448879241943 0
1711707216973 1.0553319454193115 0
1711707217014 1.0865191221237183 0
1711707217053 1.090543270111084 0
1711707217095 1.1167001724243164 0
1711707217141 1.1297786235809326 0
1711707217188 1.1448692083358765 0
1711707217305 1.1670019626617432 0
1711707217361 1.192152976989746 0
1711707217413 1.2233400344848633 0
1711707217474 1.22635817527771 0
1711707217519 1.2484909296035767 0
1711707217565 1.2867202758789062 0
1711707217615 1.271629810333252 0
1711707217663 1.3219316005706787 0
