1726827302555 0.6906907185912132 0
1726827302622 0.6890041381120682 0
1726827302685 0.6873669102787971 0
1726827302718 0.6857120394706726 0
1726827302755 0.6839938312768936 0
1726827302789 0.6821439564228058 0
1726827302821 0.6801400780677795 0
1726827302853 0.6778957843780518 0
1726827302886 0.675381638109684 0
1726827302918 0.6725130453705788 0
1726827302994 0.6692085191607475 0
1726827303059 0.6654501557350159 0
1726827303091 0.661114864051342 0
1726827303123 0.6561704576015472 0
1726827303154 0.6505807563662529 0
1726827303198 0.6442780047655106 0
1726827303268 0.6372817531228065 0
1726827303349 0.6296431720256805 0
1726827303419 0.621358297765255 0
1726827303504 0.6124804764986038 0
1726827303562 0.6030330881476402 0
1726827303595 0.5930814668536186 0
1726827303628 0.5827113837003708 0
1726827303660 0.5718988478183746 0
1726827303693 0.5608237907290459 0
1726827303724 0.5494785904884338 0
1726827303758 0.5381014049053192 0
1726827303791 0.5267221629619598 0
1726827303862 0.5154341086745262 0
1726827303936 0.5044390223920345 0
1726827304025 0.49385296180844307 0
1726827304069 0.48374731466174126 0
1726827304100 0.47418268769979477 0
1726827304131 0.4652993455529213 0
1726827304162 0.45716433599591255 0
1726827304195 0.4497276432812214 0
1726827304226 0.4430121071636677 0
1726827304258 0.43704063817858696 0
1726827304290 0.4317239411175251 0
1726827304365 0.4270501248538494 0
1726827304436 0.42295778170228004 0
1726827304468 0.4194248616695404 0
1726827304510 0.4163193292915821 0
1726827304548 0.41362131386995316 0
1726827304623 0.41127363219857216 0
1726827304687 0.4092510864138603 0
1726827304722 0.4074645899236202 0
1726827304757 0.4058862365782261 0
1726827304788 0.404498565942049 0
1726827304836 0.40325096622109413 0
1726827304907 0.4021483436226845 0
1726827304948 0.4011458195745945 0
1726827304979 0.40025467425584793 0
1726827305011 0.3994402661919594 0
1726827305043 0.398698054254055 0
1726827305107 0.3980461284518242 0
1726827305172 0.3974456265568733 0
1726827305208 0.3969038054347038 0
1726827305241 0.3964109905064106 0
1726827305272 0.39597418904304504 0
1726827305304 0.39557455107569695 0
1726827305409 0.3951963186264038 0
1726827305448 0.3948768936097622 0
1726827305481 0.3945784866809845 0
1726827305522 0.39432042464613914 0
1726827305555 0.3940783329308033 0
1726827305643 0.393862746655941 0
1726827305728 0.3936736211180687 0
1726827305803 0.3934965953230858 0
1726827305836 0.39333755895495415 0
1726827305868 0.39318743348121643 0
1726827305900 0.3930613361299038 0
1726827305932 0.392955020070076 0
1726827305963 0.39284631609916687 0
1726827305997 0.3927495889365673 0
1726827306028 0.3926692269742489 0
1726827306059 0.3925927206873894 0
