1726827302564 0.7708947658538818 0
1726827302633 0.7718780636787415 0
1726827302695 0.7905604839324951 0
1726827302729 0.8003933429718018 0
1726827302766 0.8151425719261169 0
1726827302798 0.8161258697509766 0
1726827302830 0.8082596063613892 0
1726827302862 0.7826942205429077 0
1726827302895 0.7885938882827759 0
1726827302927 0.7866273522377014 0
1726827303009 0.7777777910232544 0
1726827303068 0.7758111953735352 0
1726827303100 0.7718780636787415 0
1726827303132 0.7728613615036011 0
1726827303163 0.7620452046394348 0
1726827303208 0.7679449319839478 0
1726827303279 0.7935103178024292 0
1726827303359 0.8062930107116699 0
1726827303429 0.7994100451469421 0
1726827303515 0.7964601516723633 0
1726827303571 0.8033431768417358 0
1726827303605 0.7984267473220825 0
1726827303637 0.7994100451469421 0
1726827303669 0.7954769134521484 0
1726827303702 0.7915437817573547 0
1726827303734 0.7954769134521484 0
1726827303767 0.7974434494972229 0
1726827303799 0.7944936156272888 0
1726827303873 0.8003933429718018 0
1726827303949 0.8013765811920166 0
1726827304036 0.7984267473220825 0
1726827304078 0.8023598790168762 0
1726827304109 0.8023598790168762 0
1726827304140 0.8033431768417358 0
1726827304171 0.8043264746665955 0
1726827304204 0.8082596063613892 0
1726827304235 0.8013765811920166 0
1726827304268 0.8141592741012573 0
1726827304299 0.8121927380561829 0
1726827304377 0.8062930107116699 0
1726827304445 0.8043264746665955 0
1726827304481 0.7974434494972229 0
1726827304520 0.8033431768417358 0
1726827304557 0.8013765811920166 0
1726827304633 0.8003933429718018 0
1726827304697 0.8003933429718018 0
1726827304734 0.8013765811920166 0
1726827304766 0.8023598790168762 0
1726827304797 0.8023598790168762 0
1726827304846 0.8033431768417358 0
1726827304917 0.8023598790168762 0
1726827304957 0.8013765811920166 0
1726827304989 0.7994100451469421 0
1726827305020 0.8003933429718018 0
1726827305052 0.8023598790168762 0
1726827305118 0.8013765811920166 0
1726827305186 0.8003933429718018 0
1726827305217 0.7994100451469421 0
1726827305249 0.8003933429718018 0
1726827305281 0.8023598790168762 0
1726827305313 0.8062930107116699 0
1726827305419 0.818092405796051 0
1726827305458 0.8190757036209106 0
1726827305491 0.8102261424064636 0
1726827305531 0.8062930107116699 0
1726827305565 0.8053097128868103 0
1726827305656 0.8131760358810425 0
1726827305738 0.823992133140564 0
1726827305813 0.8230088353157043 0
1726827305846 0.8289085626602173 0
1726827305877 0.8357915282249451 0
1726827305909 0.8485742211341858 0
1726827305941 0.8515241146087646 0
1726827305972 0.8544739484786987 0
1726827306006 0.8741396069526672 0
1726827306037 0.8731563687324524 0
1726827306068 0.8829891681671143 0
