1729246580698 0.7901960611343384 0
1729246580888 0.7921568751335144 0
1729246581064 0.7843137383460999 0
1729246581138 0.7852941155433655 0
1729246581237 0.8088235259056091 0
1729246581303 0.8196078538894653 0
1729246581480 0.8156862854957581 0
1729246581551 0.8274509906768799 0
1729246581617 0.8303921818733215 0
1729246581685 0.8490195870399475 0
1729246581744 0.8745098114013672 0
1729246581804 0.9196078181266785 0
1729246581871 0.927450954914093 0
1729246581941 0.9598039388656616 0
1729246582009 0.949999988079071 0
1729246582075 0.9647058844566345 0
1729246582140 0.9892156720161438 0
1729246582199 0.9970588088035583 0
1729246582258 1.0166666507720947 0
1729246582313 1.0313725471496582 0
1729246582487 1.0558823347091675 0
1729246582544 1.0490195751190186 0
1729246582600 1.063725471496582 0
1729246582657 1.067647099494934 0
1729246582715 1.0990196466445923 0
1729246582777 1.1127450466156006 0
1729246582840 1.1441175937652588 0
1729246582896 1.16372549533844 0
