1729246580685 0.6884933300316334 0
1729246580878 0.679032240062952 0
1729246580944 0.6640786528587341 0
1729246581125 0.6370629109442234 0
1729246581227 0.5897300764918327 0
1729246581293 0.5211769584566355 0
1729246581470 0.4519396647810936 0
1729246581540 0.41206412203609943 0
1729246581607 0.40002970211207867 0
1729246581675 0.39612982980906963 0
1729246581735 0.39388240315020084 0
1729246581794 0.39282082207500935 0
1729246581860 0.39235336147248745 0
1729246581930 0.39204987324774265 0
1729246581998 0.39185479655861855 0
1729246582063 0.39172335527837276 0
1729246582130 0.3915884234011173 0
1729246582189 0.39143286272883415 0
1729246582248 0.39132300578057766 0
1729246582303 0.39118004217743874 0
1729246582476 0.39107680693268776 0
1729246582535 0.3909470718353987 0
1729246582590 0.39083429239690304 0
1729246582648 0.39067517593503 0
1729246582705 0.3905311767011881 0
1729246582767 0.39038632437586784 0
1729246582831 0.39023867435753345 0
1729246582886 0.39013276994228363 0
