1699611131473 0.6641444025501129 0
1699611131529 0.4775400584743869 0
1699611131583 0.39657465104133854 0
1699611131640 0.3927743617565401 0
1699611131696 0.3921414719473931 0
1699611131749 0.39183366394812064 0
1699611131801 0.3914236089875621 0
1699611131853 0.39099690318107605 0
1699611131904 0.3904286449955356 0
1699611131955 0.39003356810538997 0
1699611132009 0.38941064861512953 0
1699611132105 0.3885887784342612 0
1699611132157 0.38784169381664646 0
1699611132208 0.3869915518068498 0
1699611132265 0.3861017707855471 0
1699611132317 0.3849707716895688 0
1699611132368 0.38381178532877275 0
1699611132422 0.3824852637706264 0
1699611132476 0.3812211473141947 0
1699611132529 0.3796514657235915 0
1699611132592 0.37797601472946907 0
1699611132655 0.3763644656827373 0
1699611132750 0.3744274781596276 0
