1699611131478 0.7991803288459778 0
1699611131534 0.8002049326896667 0
1699611131588 0.9231557250022888 0
1699611131645 0.9702869057655334 0
1699611131701 1.0338114500045776 0
1699611131753 1.0573770999908447 0
1699611131806 1.060450792312622 0
1699611131858 1.1485655307769775 0
1699611131909 1.1588114500045776 0
1699611131960 1.2745901346206665 0
1699611132014 1.3493852615356445 0
1699611132110 1.4334015846252441 0
1699611132162 1.5379098653793335 0
1699611132214 1.5584015846252441 0
1699611132270 1.5973360538482666 0
1699611132322 1.738729476928711 0
1699611132374 1.7920081615447998 0
1699611132427 1.863729476928711 0
1699611132481 1.8924180269241333 0
1699611132534 1.9456967115402222 0
1699611132598 2.017418146133423 0
1699611132661 2.0502049922943115 0
1699611132758 2.0747950077056885 0
