1693563357854 0.8324715495109558 0
1693563358136 0.8386763334274292 0
1693563358397 0.8366080522537231 0
1693563358638 0.8324715495109558 0
1693563359079 0.8417786955833435 0
1693563359235 0.8273009061813354 0
1693563359514 0.8231644034385681 0
1693563359805 0.8128231763839722 0
1693563360092 0.8128231763839722 0
1693563360268 0.8241985440254211 0
1693563360427 0.8200620412826538 0
1693563360708 0.8304033279418945 0
1693563360987 0.8738366365432739 0
1693563361268 0.8955532312393188 0
1693563361588 0.9069286584854126 0
1693563361868 0.9193381667137146 0
1693563362063 0.9482936859130859 0
1693563362388 0.9669079780578613 0
1693563362709 0.9834539890289307 0
1693563362990 1.0051705837249756 0
1693563363185 1.0175801515579224 0
1693563363471 1.0310237407684326 0
1693563363749 1.02688729763031 0
1693563364108 1.0444674491882324 0
1693563364316 1.0403308868408203 0
1693563364596 1.0713547468185425 0
1693563364670 1.0972079038619995 0
1693563364734 1.1127197742462158 0
