1693563357728 0.6849257871508598 0
1693563358010 0.6734403446316719 0
1693563358289 0.6574880033731461 0
1693563358510 0.6329326778650284 0
1693563358991 0.5970151722431183 0
1693563359107 0.5491408035159111 0
1693563359387 0.49534882977604866 0
1693563359667 0.4471471644937992 0
1693563359965 0.4172644168138504 0
1693563360245 0.40537748858332634 0
1693563360298 0.400617029517889 0
1693563360580 0.39666735008358955 0
1693563360860 0.3940226696431637 0
1693563361139 0.3930128142237663 0
1693563361418 0.3924839235842228 0
1693563361741 0.39216312393546104 0
1693563361936 0.39187105745077133 0
1693563362217 0.3918618820607662 0
1693563362582 0.3917052336037159 0
1693563362862 0.39154883474111557 0
1693563363059 0.39145702496171 0
1693563363344 0.39126477017998695 0
1693563363623 0.3912073001265526 0
1693563363903 0.39112770557403564 0
1693563364187 0.39100202172994614 0
1693563364467 0.39085910469293594 0
1693563364624 0.39078513905406 0
1693563364698 0.3906461074948311 0
