1695982368211 0.8022657036781311 0
1695982368291 0.7960864901542664 0
1695982368348 0.7744593024253845 0
1695982368389 0.7579814791679382 0
1695982368434 0.7693099975585938 0
1695982368473 0.7610710859298706 0
1695982368512 0.7590113282203674 0
1695982368550 0.763130784034729 0
1695982368588 0.7744593024253845 0
1695982368627 0.7713696956634521 0
1695982368664 0.7878475785255432 0
1695982368702 0.794026792049408 0
1695982368740 0.8177136778831482 0
1695982368778 0.8424304723739624 0
1695982368815 0.8640576601028442 0
1695982368911 0.8908342123031616 0
1695982368949 0.8980432748794556 0
1695982368986 0.9196704626083374 0
1695982369023 0.9217301607131958 0
1695982369060 0.9402677416801453 0
1695982369099 0.9557157754898071 0
1695982369151 0.9680741429328918 0
1695982369210 0.9721935987472534 0
1695982369248 0.969103991985321 0
1695982369286 0.9845520257949829 0
