1695982368205 0.685028899461031 0
1695982368282 0.6789196468889713 0
1695982368343 0.6693180650472641 0
1695982368383 0.6525663621723652 0
1695982368425 0.6227362528443336 0
1695982368468 0.576730202883482 0
1695982368506 0.5159812569618225 0
1695982368545 0.4557238481938839 0
1695982368583 0.4177246019244194 0
1695982368621 0.4041920695453882 0
1695982368659 0.3987067583948374 0
1695982368697 0.39603807032108307 0
1695982368735 0.394309364259243 0
1695982368773 0.3934889752417803 0
1695982368810 0.39296205155551434 0
1695982368906 0.3928162343800068 0
1695982368944 0.39246815256774426 0
1695982368981 0.39249042607843876 0
1695982369018 0.3922648783773184 0
1695982369055 0.3922046571969986 0
1695982369094 0.39209711737930775 0
1695982369146 0.39193475246429443 0
1695982369204 0.3918523043394089 0
1695982369243 0.39189655892550945 0
1695982369281 0.3918283488601446 0
