1680343648452 0.6899185419082642 0
1680343648502 0.6826901157697042 0
1680343648548 0.6734272559483846 0
1680343648595 0.6598987738291423 0
1680343648642 0.6391320784886678 0
1680343648688 0.6079771955808003 0
1680343648737 0.5645079135894775 0
1680343648786 0.5113015751043956 0
1680343648832 0.458455091714859 0
1680343648879 0.42013404369354246 0
1680343648925 0.40201558073361715 0
1680343648973 0.3965294897556305 0
1680343649020 0.39469369252522785 0
1680343649067 0.39369527300198875 0
1680343649114 0.39313443104426066 0
1680343649161 0.3927873472372691 0
1680343649207 0.39255831638971966 0
1680343649253 0.39243954022725425 0
1680343649300 0.3923346479733785 0
1680343649347 0.39224613904953004 0
