1680343648456 0.816261887550354 0
1680343648505 0.8215417265892029 0
1680343648551 0.8236536383628845 0
1680343648599 0.8204857707023621 0
1680343648645 0.8204857707023621 0
1680343648692 0.7961985468864441 0
1680343648740 0.7983104586601257 0
1680343648790 0.8099260926246643 0
1680343648836 0.8236536383628845 0
1680343648882 0.8331573605537415 0
1680343648929 0.8268215656280518 0
1680343648976 0.8331573605537415 0
1680343649023 0.8352692723274231 0
1680343649070 0.8542766571044922 0
1680343649117 0.9049630165100098 0
1680343649164 0.9155226945877075 0
1680343649211 0.9376980066299438 0
1680343649257 0.9524815082550049 0
1680343649303 0.9313622117042542 0
1680343649351 0.9398099184036255 0
