1702030289428 0.6929355040192604 0
1702030289479 0.688840888440609 0
1702030289524 0.6835299842059612 0
1702030289571 0.6762168668210506 0
1702030289626 0.6643599569797516 0
1702030289671 0.64598548412323 0
1702030289720 0.6200562193989754 0
1702030289769 0.5855806916952133 0
1702030289813 0.5447601564228535 0
1702030289867 0.501282412558794 0
1702030289918 0.4627001862972975 0
1702030289976 0.43395811319351196 0
1702030290036 0.4166201017796993 0
1702030290093 0.4069224279373884 0
1702030290140 0.4016744252294302 0
1702030290188 0.39842056296765804 0
1702030290237 0.39660535380244255 0
1702030290291 0.3948205132037401 0
1702030290343 0.3942505456507206 0
1702030290394 0.39339672215282917 0
1702030290445 0.39310336112976074 0
1702030290499 0.39261374808847904 0
1702030290551 0.3925168663263321 0
1702030290607 0.3924936205148697 0
1702030290654 0.3922553136944771 0
1702030290713 0.39210303872823715 0
1702030290946 0.39205982349812984 0
1702030291031 0.39202670753002167 0
1702030291163 0.39185551926493645 0
1702030291379 0.3918101731687784 0
1702030291432 0.3917556218802929 0
1702030291475 0.39178774133324623 0
1702030291534 0.391684265807271 0
1702030291583 0.391710065305233 0
1702030291628 0.39168121479451656 0
1702030291713 0.3915116786956787 0
1702030291839 0.3914644215255976 0
1702030292013 0.3914947845041752 0
1702030292056 0.39130998961627483 0
1702030292100 0.39129479601979256 0
1702030292147 0.39117936976253986 0
1702030292190 0.3912108540534973 0
1702030292239 0.39103804528713226 0
1702030292288 0.3909626640379429 0
1702030292340 0.390910854563117 0
