1680343640421 0.6971501390139262 0
1680343640463 0.6788041472434998 0
1680343640504 0.6416941920916239 0
1680343640545 0.5668128172556559 0
1680343640585 0.4661254028479258 0
1680343640625 0.40855374733606975 0
1680343640666 0.3987620949745178 0
1680343640707 0.39410718679428103 0
1680343640749 0.39269694685935974 0
1680343640791 0.39226851662000023 0
1680343640832 0.3920830388863881 0
1680343640872 0.39184956351915995 0
1680343640913 0.3917471349239349 0
1680343640954 0.3915650169054667 0
1680343640994 0.3914201080799103 0
1680343641035 0.3912651638189952 0
1680343641075 0.39110517700513203 0
1680343641115 0.3909785250822703 0
