1680343640425 0.7824709415435791 0
1680343640466 0.8500527739524841 0
1680343640507 0.8479408621788025 0
1680343640548 0.8025343418121338 0
1680343640588 0.7983104586601257 0
1680343640628 0.8099260926246643 0
1680343640669 0.8194297552108765 0
1680343640710 0.9165786504745483 0
1680343640752 0.9345300793647766 0
1680343640795 0.9440338015556335 0
1680343640836 0.9514255523681641 0
1680343640875 0.9725448489189148 0
1680343640916 0.9767687320709229 0
1680343640957 0.9936642050743103 0
1680343640997 0.9883843660354614 0
1680343641038 1.0316790342330933 0
1680343641078 1.032734990119934 0
1680343641118 1.0654698610305786 0
