1693563372566 0.8138573169708252 0
1693563373222 0.8128231763839722 0
1693563373452 0.7983453869819641 0
1693563373576 0.8117890357971191 0
1693563373923 0.7973112463951111 0
1693563374213 0.8004136681556702 0
1693563374503 0.8210961818695068 0
1693563374792 0.8335056900978088 0
1693563375006 0.9017580151557922 0
1693563375129 0.9255428910255432 0
1693563375298 0.9420889616012573 0
1693563375676 0.9555325508117676 0
1693563375965 0.9700103402137756 0
1693563376251 0.9896587133407593 0
1693563376555 1.0144777297973633 0
1693563376761 1.0558427572250366 0
1693563376925 1.0837641954421997 0
1693563377147 1.1106514930725098 0
1693563377422 1.1313340663909912 0
1693563377713 1.1209927797317505 0
1693563377984 1.140641212463379 0
1693563378067 1.1530506610870361 0
1693563378134 1.1985522508621216 0
1693563378300 1.216132402420044 0
