1697796762448 0.817060649394989 0
1697796762499 0.80781090259552 0
1697796762556 0.8129496574401855 0
1697796762605 0.8283658623695374 0
1697796762647 0.8417266011238098 0
1697796762686 0.8458375930786133 0
1697796762821 0.8335046172142029 0
1697796762860 0.8221994042396545 0
1697796762900 0.8232271075248718 0
1697796762940 0.8211716413497925 0
1697796762981 0.8191161155700684 0
1697796763023 0.8201438784599304 0
1697796763064 0.8201438784599304 0
1697796763202 0.8201438784599304 0
1697796763254 0.8201438784599304 0
1697796763302 0.8180884122848511 0
1697796763343 0.8191161155700684 0
1697796763382 0.8180884122848511 0
1697796763421 0.8221994042396545 0
1697796763459 0.8396711349487305 0
1697796763497 0.8520041108131409 0
1697796763535 0.8746145963668823 0
1697796763573 0.9044193029403687 0
1697796763613 0.9116135835647583 0
1697796763651 0.935251772403717 0
1697796763690 0.9465570449829102 0
1697796763729 0.9763617515563965 0
1697796763768 0.9681397676467896 0
1697796763812 0.9773895144462585 0
1697796763851 0.9845837354660034 0
1697796763890 0.990750253200531 0
1697796763938 1.0061664581298828 0
1697796763978 1.0041110515594482 0
1697796764021 1.0051387548446655 0
1697796764061 1.0256937742233276 0
1697796764100 1.0400822162628174 0
