1697796762442 0.6955085204493615 0
1697796762492 0.6903319512644122 0
1697796762547 0.6837655113589379 0
1697796762600 0.6735468564494964 0
1697796762642 0.6559926367575123 0
1697796762682 0.6273336237476718 0
1697796762816 0.5857889536888369 0
1697796762855 0.5336584371905173 0
1697796762896 0.48356829054893985 0
1697796762936 0.44618954677735606 0
1697796762977 0.4242527475280146 0
1697796763018 0.41229865627904094 0
1697796763059 0.4054059713117538 0
1697796763197 0.40128976202780203 0
1697796763247 0.3984915748719246 0
1697796763297 0.3964315354824066 0
1697796763338 0.39514926652754506 0
1697796763377 0.3942316674417065 0
1697796763417 0.39356606910305636 0
1697796763455 0.3930963172066596 0
1697796763493 0.3927018661652842 0
1697796763531 0.39244387803539155 0
1697796763568 0.39229341668467366 0
1697796763608 0.3921411056672373 0
1697796763646 0.39200603577398485 0
1697796763685 0.39189112955524075 0
1697796763724 0.39181591233899515 0
1697796763763 0.3917532015231348 0
1697796763807 0.39165796675989706 0
1697796763847 0.3916015923023224 0
1697796763885 0.3915330671495007 0
1697796763927 0.39139799725624824 0
1697796763974 0.39137285082570966 0
1697796764016 0.39134432038953226 0
1697796764056 0.39117729183166255 0
1697796764095 0.391171807242978 0
