1710497591349 0.678965013474226 0
1710497591475 0.6521949283778667 0
1710497591533 0.5951086319983006 0
1710497591583 0.4928810317069292 0
1710497591633 0.4112059026956558 0
1710497591696 0.3972293082624674 0
1710497591863 0.3933375384658575 0
1710497592043 0.3925256058573723 0
1710497592179 0.3922784123569727 0
1710497592243 0.39205925539135933 0
1710497592347 0.3919572215527296 0
1710497592408 0.39180753752589226 0
1710497592464 0.39156703278422356 0
1710497592521 0.39136819168925285 0
1710497592576 0.39121671207249165 0
1710497592648 0.3909807112067938 0
