1732875417787 0.6994001136885749 0
1732875417820 0.6957203017340766 0
1732875417852 0.6929072141647339 0
1732875417885 0.6875648697217306 0
1732875417918 0.6821308732032776 0
1732875417950 0.6756927569707235 0
1732875417983 0.6682692766189575 0
1732875418027 0.6563502020306058 0
1732875418097 0.6421730783250597 0
1732875418139 0.6234758959876167 0
1732875418181 0.6053841511408488 0
1732875418222 0.5835895737012228 0
1732875418265 0.5574538376596239 0
1732875418302 0.5318719943364462 0
1732875418339 0.5090446339713203 0
1732875418380 0.4846383333206177 0
1732875418414 0.46338498923513627 0
1732875418454 0.448524362511105 0
1732875418504 0.43576465050379437 0
1732875418547 0.4244739082124498 0
1732875418597 0.4138069152832031 0
1732875418644 0.41068017813894486 0
1732875418689 0.40833531816800434 0
1732875418807 0.40357624491055805 0
1732875418858 0.40479759044117397 0
1732875418906 0.40232592821121216 0
1732875418954 0.39987924032741123 0
1732875419026 0.3985567059781816 0
1732875419087 0.39938512113359237 0
1732875419132 0.39608098732100594 0
1732875419173 0.3985876573456658 0
1732875419214 0.39611351158883834 0
1732875419278 0.39400653706656563 0
1732875419329 0.3947143521573808 0
1732875419379 0.3945406377315521 0
1732875419432 0.3943059908019172 0
1732875419484 0.39223227236006 0
1732875419517 0.39409693744447494 0
1732875419550 0.393289715051651 0
1732875419586 0.3931551178296407 0
1732875419620 0.39236802856127423 0
1732875419653 0.3923174738883972 0
1732875419686 0.3929036756356557 0
1732875419725 0.3921581142478519 0
1732875419763 0.3921554254160987 0
1732875419795 0.39295241236686707 0
1732875419828 0.39278922809494865 0
1732875419861 0.3925326532787747 0
1732875419912 0.39297101895014447 0
1732875419958 0.3920091324382358 0
