1719569698541 0.8170974254608154 0
1719569698600 0.8359841108322144 0
1719569698643 0.8399602174758911 0
1719569698692 0.8280318379402161 0
1719569698739 0.833001971244812 0
1719569698792 0.8001987934112549 0
1719569698836 0.8101391792297363 0
1719569698891 0.807157039642334 0
1719569698941 0.8061630129814148 0
1719569698990 0.8170974254608154 0
1719569699038 0.8061630129814148 0
1719569699079 0.8429423570632935 0
1719569699125 0.8399602174758911 0
1719569699167 0.8419483304023743 0
1719569699204 0.8558648228645325 0
1719569699241 0.8797216415405273 0
1719569699277 0.8946322202682495 0
1719569699312 0.9025844931602478 0
1719569699356 0.9115307927131653 0
1719569699399 0.9085487127304077 0
1719569699438 0.929423451423645 0
1719569699478 0.9254473447799683 0
1719569699516 0.9194831252098083 0
1719569699554 0.9343936443328857 0
