1719569698527 0.7046017572283745 0
1719569698589 0.6938513070344925 0
1719569698632 0.6792750507593155 0
1719569698681 0.6561610400676727 0
1719569698729 0.6183244809508324 0
1719569698780 0.5618734769523144 0
1719569698826 0.4950696248561144 0
1719569698880 0.43916539289057255 0
1719569698928 0.4096655175089836 0
1719569698979 0.4000352621078491 0
1719569699028 0.39690886810421944 0
1719569699069 0.39505586959421635 0
1719569699115 0.39399117417633533 0
1719569699158 0.39346226118505 0
1719569699196 0.39306202717125416 0
1719569699233 0.39288960210978985 0
1719569699268 0.39277140237390995 0
1719569699304 0.39262523874640465 0
1719569699345 0.3925436642020941 0
1719569699389 0.39247441478073597 0
1719569699429 0.39243175461888313 0
1719569699469 0.39236967638134956 0
1719569699508 0.3922904562205076 0
1719569699544 0.3922344818711281 0
