1722593668769 0.7980198264122009 0
1722593668826 0.8198019862174988 0
1722593668875 0.8148514628410339 0
1722593668928 0.800990104675293 0
1722593668979 0.7980198264122009 0
1722593669031 0.7861385941505432 0
1722593669078 0.7910891175270081 0
1722593669123 0.7910891175270081 0
1722593669173 0.802970290184021 0
1722593669223 0.8198019862174988 0
1722593669297 0.8554455637931824 0
1722593669395 0.8663366436958313 0
1722593669489 0.8851485252380371 0
1722593669591 0.9514851570129395 0
1722593669658 0.9564356207847595 0
1722593669700 0.9712871313095093 0
1722593669751 0.9801980257034302 0
1722593669813 1.014851450920105 0
1722593669875 1.0316832065582275 0
1722593669966 1.0475248098373413 0
1722593670068 1.0663366317749023 0
1722593670151 1.0653464794158936 0
1722593670201 1.0960396528244019 0
1722593670259 1.1237623691558838 0
1722593670320 1.1425743103027344 0
