1725012928419 0.7859960794448853 0
1725012928480 0.7938855886459351 0
1725012928530 0.8116371035575867 0
1725012928579 0.834319531917572 0
1725012928626 0.8264299631118774 0
1725012928673 0.814595639705658 0
1725012928720 0.831360936164856 0
1725012928767 0.8540433645248413 0
1725012928813 0.9033530354499817 0
1725012928859 0.9487179517745972 0
1725012928906 0.9605522751808167 0
1725012928954 0.9654832482337952 0
1725012929000 0.9822485446929932 0
1725012929047 0.9704142212867737 0
1725012929092 1.023668646812439 0
1725012929191 1.0276134014129639 0
1725012929240 1.0453648567199707 0
1725012929293 1.0631163120269775 0
1725012929344 1.0798816680908203 0
1725012929508 1.0946745872497559 0
1725012929564 1.1025640964508057 0
1725012929713 1.1222879886627197 0
1725012929764 1.1637080907821655 0
1725012929813 1.1558185815811157 0
1725012929861 1.1715975999832153 0
1725012929916 1.2347140312194824 0
