1703239988880 0.6881638690829277 0
1703239988924 0.6795501187443733 0
1703239988968 0.6689931973814964 0
1703239989025 0.6542804315686226 0
1703239989076 0.6330158412456512 0
1703239989130 0.6018191426992416 0
1703239989192 0.55940742790699 0
1703239989248 0.5076334998011589 0
1703239989350 0.4556860737502575 0
1703239989413 0.41732266917824745 0
1703239989477 0.4005407691001892 0
1703239989539 0.39736396819353104 0
1703239989601 0.3960246294736862 0
1703239989657 0.39412182942032814 0
1703239989713 0.3929666168987751 0
1703239989767 0.3926144242286682 0
1703239989827 0.39243795722723007 0
1703239989885 0.3922419585287571 0
1703239989939 0.39211832731962204 0
1703239989996 0.3920380286872387 0
1703239990059 0.39198366180062294 0
1703239990116 0.3918953835964203 0
1703239990176 0.39179614931344986 0
1703239990231 0.3917187750339508 0
1703239990293 0.39166172593832016 0
1703239990348 0.39162730425596237 0
1703239990405 0.39151306450366974 0
1703239990457 0.39141494780778885 0
1703239990558 0.3913283720612526 0
1703239990617 0.39127127826213837 0
1703239990684 0.39114923030138016 0
1703239990745 0.39109310880303383 0
1703239990798 0.39107754826545715 0
1703239990857 0.39093874767422676 0
1703239990917 0.39084210246801376 0
1703239990983 0.3907304182648659 0
1703239991045 0.39067596942186356 0
1703239991107 0.39055365324020386 0
1703239991164 0.3904631920158863 0
1703239991223 0.39040760323405266 0
1703239991281 0.3902324512600899 0
1703239991333 0.39018169790506363 0
