1712312031451 0.6808861270546913 0
1712312031501 0.6463737934827805 0
1712312031551 0.5802284330129623 0
1712312031602 0.480561263859272 0
1712312031652 0.4133185148239136 0
1712312031703 0.4074481874704361 0
1712312031755 0.3966585583984852 0
1712312031920 0.3929435797035694 0
1712312031969 0.392975565046072 0
1712312032020 0.39206331968307495 0
1712312032069 0.3919117711484432 0
1712312032120 0.3915410041809082 0
1712312032168 0.39133836701512337 0
1712312032219 0.39111191779375076 0
1712312032267 0.39086591079831123 0
1712312032322 0.3906031809747219 0
1712312032377 0.390346746891737 0
