1697191997352 0.6707936640708677 0
1697191997457 0.5780076884454296 0
1697191997519 0.4188016172378294 0
1697191997578 0.3946530617052509 0
1697191997636 0.3926160527813819 0
1697191997696 0.39220343674382857 0
1697191997800 0.3919103453236242 0
1697191997902 0.39164492391770883 0
1697191997962 0.39133719282765544 0
1697191998014 0.39096607412061385 0
1697191998067 0.3906594591756021 0
1697191998121 0.390276086907233 0
1697191998174 0.38997009781099135 0
1697191998228 0.3895155470217428 0
1697191998281 0.38908780294079937 0
1697191998333 0.38871315794606365 0
1697191998384 0.3881992409306188 0
1697191998436 0.38764775376166066 0
1697191998488 0.38712887610158614 0
1697191998539 0.3863388415305845 0
1697191998592 0.3857785838265573 0
1697191998664 0.3849838327976965 0
