1697191997357 0.798353910446167 0
1697191997463 0.7839506268501282 0
1697191997523 0.8179012537002563 0
1697191997583 0.9002057909965515 0
1697191997641 0.991769552230835 0
1697191997701 1.010288119316101 0
1697191997806 1.0246913433074951 0
1697191997907 1.0545268058776855 0
1697191997967 1.121399164199829 0
1697191998019 1.1172839403152466 0
1697191998072 1.1471192836761475 0
1697191998126 1.201646089553833 0
1697191998179 1.2088477611541748 0
1697191998233 1.296296238899231 0
1697191998285 1.3395061492919922 0
1697191998338 1.3837448358535767 0
1697191998388 1.468106985092163 0
1697191998440 1.4958847761154175 0
1697191998493 1.5072016716003418 0
1697191998543 1.5895061492919922 0
1697191998597 1.6419752836227417 0
1697191998670 1.7067900896072388 0
