1681553221298 0.6980745196342468 0
1681553221327 0.6939718201756477 0
1681553221354 0.6897071003913879 0
1681553221381 0.6845693960785866 0
1681553221408 0.677917905151844 0
1681553221435 0.6691911816596985 0
1681553221463 0.656951293349266 0
1681553221490 0.640204131603241 0
1681553221517 0.6180964261293411 0
1681553221545 0.5894499123096466 0
1681553221572 0.5541697964072227 0
1681553221600 0.5153205171227455 0
1681553221627 0.4768642336130142 0
1681553221654 0.44398242607712746 0
1681553221683 0.4205552004277706 0
1681553221710 0.40715983882546425 0
1681553221737 0.40131181478500366 0
1681553221764 0.39834507927298546 0
1681553221792 0.39649776741862297 0
1681553221819 0.394984669983387 0
1681553221846 0.394134521484375 0
1681553221874 0.3934246003627777 0
1681553221901 0.39311608299613 0
1681553221928 0.39264072477817535 0
1681553221955 0.3925580643117428 0
1681553221983 0.3924276866018772 0
1681553222009 0.3923639915883541 0
1681553222037 0.3922729901969433 0
1681553222067 0.39220524206757545 0
1681553222094 0.39209572970867157 0
1681553222122 0.3919990323483944 0
1681553222149 0.39198099449276924 0
1681553222176 0.3919350951910019 0
1681553222203 0.3919013924896717 0
1681553222230 0.3918735384941101 0
