1681553221301 0.8145416378974915 0
1681553221330 0.8155953884124756 0
1681553221357 0.8103266358375549 0
1681553221384 0.8029505014419556 0
1681553221411 0.8177028298377991 0
1681553221439 0.8398314118385315 0
1681553221466 0.8366701602935791 0
1681553221493 0.835616409778595 0
1681553221521 0.8271865248680115 0
1681553221548 0.8366701602935791 0
1681553221576 0.8303477168083191 0
1681553221603 0.8314014673233032 0
1681553221630 0.8092729449272156 0
1681553221658 0.792413055896759 0
1681553221686 0.7945205569267273 0
1681553221713 0.7871443629264832 0
1681553221740 0.7903056144714355 0
1681553221767 0.8134878873825073 0
1681553221795 0.8166490793228149 0
1681553221822 0.8155953884124756 0
1681553221850 0.8366701602935791 0
1681553221877 0.8398314118385315 0
1681553221905 0.8703898787498474 0
1681553221932 0.8883034586906433 0
1681553221958 0.9093782901763916 0
1681553221986 0.925184428691864 0
1681553222012 0.9304531216621399 0
1681553222041 0.9494204521179199 0
1681553222070 0.9589040875434875 0
1681553222097 0.9599578380584717 0
1681553222125 0.9610115885734558 0
1681553222152 0.9620653390884399 0
1681553222180 0.9578503966331482 0
1681553222207 0.9631190896034241 0
1681553222234 0.9599578380584717 0
