1717755218094 0.7796609997749329 0
1717755218122 0.7896311283111572 0
1717755218150 0.7826520204544067 0
1717755218179 0.7856430411338806 0
1717755218207 0.7746759653091431 0
1717755218236 0.7686939239501953 0
1717755218266 0.7666999101638794 0
1717755218298 0.7746759653091431 0
1717755218327 0.7876371145248413 0
1717755218357 0.7966101765632629 0
1717755218387 0.8045862317085266 0
1717755218417 0.8105682730674744 0
1717755218445 0.8055832386016846 0
1717755218548 0.7826520204544067 0
1717755218676 0.7816550135612488 0
1717755218750 0.7866401076316833 0
1717755218814 0.7926221489906311 0
1717755218847 0.7926221489906311 0
1717755218877 0.7876371145248413 0
1717755218907 0.7936191558837891 0
1717755218935 0.7866401076316833 0
1717755218979 0.7986041903495789 0
1717755219040 0.8055832386016846 0
1717755219105 0.8135592937469482 0
1717755219209 0.8295114636421204 0
1717755219303 0.8414755463600159 0
1717755219396 0.8464606404304504 0
1717755219467 0.8524426817893982 0
1717755219540 0.8554337024688721 0
1717755219629 0.8833499550819397 0
1717755219701 0.8923230171203613 0
1717755219832 0.8953140377998352 0
1717755219862 0.8913260102272034 0
1717755219891 0.9052841663360596 0
1717755219921 0.9242272973060608 0
1717755219962 0.9172482490539551 0
1717755220070 0.9302093982696533 0
1717755220101 0.9272183179855347 0
1717755220132 0.9411764740943909 0
1717755220164 0.9631106853485107 0
1717755220195 0.9631106853485107 0
1717755220418 0.9661017060279846 0
1717755220472 0.9631106853485107 0
1717755220501 0.9760717749595642 0
1717755220532 0.9910269379615784 0
1717755220562 1.001994013786316 0
1717755220592 0.9920239448547363 0
1717755220620 1.0119640827178955 0
1717755220651 1.018943190574646 0
1717755220681 1.0089731216430664 0
1717755220710 1.0289132595062256 0
1717755220744 1.035892367362976 0
1717755220778 1.018943190574646 0
1717755220812 1.0309072732925415 0
1717755220955 1.0458624362945557 0
1717755221055 1.0488533973693848 0
1717755221155 1.0528414249420166 0
1717755221228 1.0538384914398193 0
1717755221281 1.0508474111557007 0
1717755221340 1.0727816820144653 0
1717755221403 1.0727816820144653 0
1717755221464 1.0608175992965698 0
1717755221492 1.0707876682281494 0
1717755221521 1.083748698234558 0
1717755221550 1.0957129001617432 0
1717755221579 1.080757737159729 0
