1683281621184 0.6825886890292168 0
1683281621220 0.6700832396745682 0
1683281621257 0.6517309471964836 0
1683281621295 0.6216761022806168 0
1683281621333 0.5741440057754517 0
1683281621411 0.508238822221756 0
1683281621446 0.44140300527215004 0
1683281621482 0.4043247550725937 0
1683281621518 0.39972029253840446 0
1683281621553 0.39780427888035774 0
1683281621588 0.3936929479241371 0
1683281621624 0.39288416132330894 0
1683281621660 0.39277439564466476 0
1683281621699 0.3924528621137142 0
1683281621734 0.3923144116997719 0
1683281621778 0.3921414092183113 0
1683281621829 0.3920157738029957 0
1683281621866 0.3919265978038311 0
1683281621901 0.39190299808979034 0
