1683281621188 0.8203781247138977 0
1683281621224 0.8245798349380493 0
1683281621261 0.8308823704719543 0
1683281621298 0.8014705777168274 0
1683281621378 0.7899159789085388 0
1683281621414 0.7888655662536621 0
1683281621450 0.776260495185852 0
1683281621486 0.7899159789085388 0
1683281621522 0.7888655662536621 0
1683281621556 0.8025209903717041 0
1683281621591 0.881302535533905 0
1683281621628 0.9002100825309753 0
1683281621664 0.9096638560295105 0
1683281621702 0.9474790096282959 0
1683281621738 0.9695377945899963 0
1683281621784 0.9915966391563416 0
1683281621833 0.9695377945899963 0
1683281621870 0.9663865566253662 0
1683281621905 0.9758403301239014 0
