1713521623654 0.8385155200958252 0
1713521623694 0.7953861355781555 0
1713521623732 0.8094282746315002 0
1713521623773 0.8074222803115845 0
1713521623814 0.8254764080047607 0
1713521623852 0.8114343285560608 0
1713521623889 0.8224673867225647 0
1713521623927 0.8074222803115845 0
1713521623968 0.8074222803115845 0
1713521624011 0.8104313015937805 0
1713521624061 0.8074222803115845 0
1713521624106 0.8094282746315002 0
1713521624148 0.8104313015937805 0
1713521624190 0.8104313015937805 0
1713521624229 0.8094282746315002 0
1713521624270 0.8144433498382568 0
1713521624308 0.8174523711204529 0
1713521624347 0.8425275683403015 0
1713521624389 0.858575701713562 0
1713521624435 0.8936810493469238 0
1713521624478 0.9147442579269409 0
1713521624518 0.9488465189933777 0
1713521624568 0.9809428453445435 0
1713521624616 0.9779338240623474 0
1713521624661 0.9889668822288513 0
1713521624701 1.0130391120910645 0
1713521624742 1.0180541276931763 0
1713521624783 1.0521564483642578 0
1713521624824 1.0842527151107788 0
1713521624870 1.0892678499221802 0
