1696587198639 0.8168724179267883 0
1696587198727 0.8230452537536621 0
1696587198817 0.8179012537002563 0
1696587198909 0.8374485373497009 0
1696587198981 0.8600823283195496 0
1696587199058 0.9238682985305786 0
1696587199132 0.9310699701309204 0
1696587199202 0.952674925327301 0
1696587199270 0.9845678806304932 0
1696587199337 1.0051440000534058 0
1696587199402 1.002057671546936 0
1696587199469 1.0 0
1696587199534 1.088477373123169 0
1696587199598 1.0853909254074097 0
1696587199662 1.0997942686080933 0
1696587199729 1.169753074645996 0
1696587199792 1.155349850654602 0
1696587199894 1.1718107461929321 0
1696587199970 1.191357970237732 0
1696587200056 1.23353910446167 0
1696587200120 1.2489712238311768 0
1696587200193 1.3127572536468506 0
1696587200263 1.3209877014160156 0
1696587200339 1.3641974925994873 0
1696587200434 1.3580247163772583 0
