1715940784355 0.8309999704360962 0
1715940784389 0.8140000104904175 0
1715940784421 0.8059999942779541 0
1715940784454 0.8339999914169312 0
1715940784486 0.8130000233650208 0
1715940784521 0.8029999732971191 0
1715940784560 0.800000011920929 0
1715940784595 0.8009999990463257 0
1715940784631 0.800000011920929 0
1715940784663 0.796999990940094 0
1715940784695 0.796999990940094 0
1715940784727 0.8009999990463257 0
1715940784758 0.8090000152587891 0
1715940784792 0.8529999852180481 0
1715940784825 0.8820000290870667 0
1715940784857 0.8989999890327454 0
1715940784890 0.9010000228881836 0
1715940784923 0.906000018119812 0
1715940784955 0.8949999809265137 0
1715940784987 0.9070000052452087 0
1715940785019 0.9449999928474426 0
1715940785052 0.9459999799728394 0
1715940785084 0.949999988079071 0
1715940785116 0.9390000104904175 0
1715940785148 0.9629999995231628 0
1715940785179 0.9580000042915344 0
1715940785211 0.9670000076293945 0
1715940785244 0.9789999723434448 0
1715940785276 0.9660000205039978 0
1715940785308 0.9829999804496765 0
1715940785341 0.984000027179718 0
1715940785373 1.0089999437332153 0
1715940785405 1.00600004196167 0
1715940785437 1.0230000019073486 0
1715940785468 1.0369999408721924 0
