1699611134958 0.8043032884597778 0
1699611135170 0.7950819730758667 0
1699611135209 0.7971311211585999 0
1699611135248 0.8360655903816223 0
1699611135287 0.8473360538482666 0
1699611135326 0.875 0
1699611135366 0.9293032884597778 0
1699611135407 0.9170082211494446 0
1699611135449 0.9467213153839111 0
1699611135488 0.9877049326896667 0
1699611135527 0.9723360538482666 0
1699611135566 1.001024603843689 0
1699611135684 1.0102459192276 0
1699611135731 1.0235655307769775 0
1699611135775 1.0870901346206665 0
1699611135820 1.0891393423080444 0
1699611135863 1.1014344692230225 0
1699611135915 1.1311475038528442 0
1699611135954 1.125 0
1699611135996 1.1803278923034668 0
1699611136039 1.1977459192276 0
1699611136362 1.2213114500045776 0
1699611136413 1.2418032884597778 0
1699611136464 1.2797131538391113 0
1699611136510 1.2858606576919556 0
1699611136555 1.3206967115402222 0
1699611136594 1.3053278923034668 0
1699611136632 1.3514344692230225 0
1699611136669 1.3801229000091553 0
1699611136710 1.362704873085022 0
