1683886354321 0.7055725231766701 0
1683886354349 0.7041996940970421 0
1683886354378 0.7027841582894325 0
1683886354406 0.7014664635062218 0
1683886354472 0.7002500966191292 0
1683886354498 0.6989543065428734 0
1683886354524 0.6976140066981316 0
1683886354551 0.6962911784648895 0
1683886354577 0.6949749812483788 0
1683886354604 0.693447545170784 0
1683886354631 0.6918333917856216 0
1683886354657 0.6901978701353073 0
1683886354684 0.6883821412920952 0
1683886354710 0.6861395016312599 0
1683886354736 0.6837918758392334 0
1683886354763 0.681054875254631 0
1683886354789 0.6780940443277359 0
1683886354814 0.674765333533287 0
1683886354840 0.671187587082386 0
1683886354867 0.6670495793223381 0
1683886354893 0.6625654324889183 0
1683886354918 0.6577207073569298 0
1683886354945 0.6522258445620537 0
1683886354972 0.6466064006090164 0
1683886354999 0.6401562392711639 0
1683886355026 0.6334566995501518 0
1683886355053 0.6257220432162285 0
1683886355080 0.6176805570721626 0
1683886355107 0.6089605316519737 0
1683886355134 0.5996593832969666 0
1683886355161 0.5894142016768456 0
1683886355190 0.578762598335743 0
1683886355217 0.5675143972039223 0
1683886355245 0.5556130856275558 0
1683886355274 0.5439566224813461 0
1683886355302 0.5320039317011833 0
1683886355329 0.5197117552161217 0
1683886355355 0.5083071514964104 0
1683886355382 0.49631353840231895 0
1683886355408 0.48620184138417244 0
1683886355435 0.4761457145214081 0
1683886355461 0.4668949022889137 0
1683886355487 0.4584028981626034 0
1683886355513 0.4507107548415661 0
1683886355540 0.443115696310997 0
1683886355567 0.437687486410141 0
1683886355594 0.43186087161302567 0
1683886355620 0.4278637766838074 0
1683886355646 0.4235095977783203 0
1683886355671 0.4201871156692505 0
1683886355697 0.4169929623603821 0
1683886355723 0.41439785063266754 0
1683886355748 0.4123696908354759 0
1683886355774 0.4100944660604 0
1683886355804 0.40852323174476624 0
1683886355831 0.40688663348555565 0
1683886355858 0.4054638221859932 0
1683886355886 0.404369093477726 0
1683886355912 0.4029676616191864 0
1683886355939 0.4024137705564499 0
1683886355964 0.40145106986165047 0
1683886355989 0.4008278325200081 0
1683886356015 0.3999408483505249 0
1683886356041 0.39926862344145775 0
1683886356066 0.39832859858870506 0
1683886356092 0.39794034138321877 0
1683886356119 0.39743228256702423 0
1683886356145 0.3969954065978527 0
1683886356170 0.39649680629372597 0
1683886356196 0.39620746672153473 0
1683886356225 0.3957943320274353 0
1683886356254 0.3956151381134987 0
1683886356282 0.39527735486626625 0
1683886356310 0.39498214051127434 0
1683886356337 0.39477042481303215 0
1683886356365 0.3944116160273552 0
1683886356392 0.39419618993997574 0
