1685700751517 0.8219895362854004 0
1685700751567 0.8104711771011353 0
1685700751614 0.8062826991081238 0
1685700751660 0.8041884899139404 0
1685700751706 0.8335078358650208 0
1685700751755 0.8942408561706543 0
1685700751802 0.9204188585281372 0
1685700751850 0.9382199048995972 0
1685700751899 0.9099476337432861 0
1685700751949 0.9277486801147461 0
1685700751996 0.971727728843689 0
1685700752043 0.972774863243103 0
1685700752091 1.0219895839691162 0
1685700752138 1.0146596431732178 0
1685700752186 1.0617800951004028 0
1685700752233 1.0774868726730347 0
