1699006362578 0.6918310465351227 0
1699006362617 0.6855924283304522 0
1699006362655 0.6757699924130594 0
1699006362693 0.6572402773364898 0
1699006362732 0.6279200488521207 0
1699006362770 0.5866383679451481 0
1699006362808 0.5373431617213834 0
1699006362846 0.48707482314878897 0
1699006362884 0.4465702522185541 0
1699006362921 0.42147249175656226 0
1699006362959 0.40860503239016377 0
1699006362997 0.4022406906850876 0
1699006363079 0.3985116231826044 0
1699006363118 0.3963638534468989 0
1699006363157 0.3949682741395889 0
1699006363197 0.39389944076538086 0
1699006363236 0.3932471765625861 0
1699006363276 0.39288525715950995 0
1699006363316 0.3925682085175668 0
1699006363356 0.39233429105051104 0
1699006363458 0.39215301602117475 0
1699006363519 0.3919774716900241 0
1699006363557 0.3918443293340744 0
1699006363595 0.39176264309114023 0
1699006363635 0.3916295007351906 0
1699006363673 0.39160896597370026 0
1699006363712 0.3914470374584198 0
1699006363751 0.3914048027607702 0
1699006363790 0.3913184538964302 0
1699006363829 0.3912677553392226 0
1699006363867 0.3911375547609022 0
1699006363906 0.39107489105193843 0
1699006363944 0.390924479692213 0
