1732875416118 0.8518518805503845 0
1732875416159 0.8391813039779663 0
1732875416198 0.8148148059844971 0
1732875416237 0.7826510667800903 0
1732875416276 0.780701756477356 0
1732875416326 0.8070175647735596 0
1732875416371 0.8226121068000793 0
1732875416417 0.8343079686164856 0
1732875416460 0.8635477423667908 0
1732875416498 0.8674464225769043 0
1732875416536 0.9093567132949829 0
1732875416574 0.9083820581436157 0
1732875416611 0.9015594720840454 0
1732875416648 0.8986355066299438 0
1732875416687 0.9035087823867798 0
1732875416726 0.8771929740905762 0
1732875416763 0.9083820581436157 0
1732875416800 0.9191033244132996 0
