1728641688909 0.7723258137702942 0
1728641688975 0.7988224029541016 0
1728641689103 0.7988224029541016 0
1728641689150 0.8007850646972656 0
1728641689220 0.8066732287406921 0
1728641689267 0.7948969602584839 0
1728641689320 0.7939156293869019 0
1728641689384 0.8066732287406921 0
1728641689441 0.7958782911300659 0
1728641689485 0.7870461344718933 0
1728641689531 0.7870461344718933 0
1728641689582 0.7870461344718933 0
1728641689671 0.7831206917762756 0
1728641689724 0.7772325873374939 0
1728641689773 0.7811579704284668 0
1728641689822 0.7841020822525024 0
1728641689868 0.7978410124778748 0
1728641689916 0.8037291169166565 0
1728641689982 0.8125613331794739 0
1728641690049 0.8194308280944824 0
1728641690246 0.8400392532348633 0
1728641690321 0.8714426159858704 0
1728641690435 0.8704612255096436 0
1728641690485 0.897939145565033 0
1728641690538 0.9048086404800415 0
1728641690584 0.9106967449188232 0
1728641690627 0.9391560554504395 0
1728641690669 0.9587831497192383 0
1728641690710 0.9705593585968018 0
1728641690752 0.9676153063774109 0
1728641690793 0.9725220799446106 0
1728641690834 0.9931305050849915 0
1728641690877 0.9960745573043823 0
1728641690919 1.0029441118240356 0
