1731665761006 0.8173828125 0
1731665761038 0.8271484375 0
1731665761070 0.8291015625 0
1731665761101 0.8359375 0
1731665761133 0.8232421875 0
1731665761165 0.8203125 0
1731665761197 0.8056640625 0
1731665761228 0.7783203125 0
1731665761260 0.7861328125 0
1731665761291 0.80859375 0
1731665761324 0.7978515625 0
1731665761356 0.7841796875 0
1731665761387 0.78515625 0
1731665761419 0.7861328125 0
1731665761450 0.7841796875 0
1731665761482 0.7822265625 0
1731665761513 0.7705078125 0
1731665761545 0.7802734375 0
1731665761576 0.8046875 0
1731665761608 0.8359375 0
1731665761639 0.861328125 0
1731665761671 0.8740234375 0
1731665761702 0.88671875 0
1731665761734 0.8818359375 0
1731665761765 0.8837890625 0
1731665761797 0.91015625 0
1731665761828 0.9052734375 0
1731665761860 0.904296875 0
1731665761891 0.8984375 0
1731665761922 0.91796875 0
1731665761953 0.92578125 0
1731665761985 0.9248046875 0
1731665762016 0.921875 0
1731665762047 0.921875 0
