1731665760996 0.697066530585289 0
1731665761029 0.6909042224287987 0
1731665761060 0.6843140795826912 0
1731665761092 0.6764761805534363 0
1731665761123 0.6663863360881805 0
1731665761155 0.652770109474659 0
1731665761187 0.6335747614502907 0
1731665761219 0.6069052666425705 0
1731665761250 0.5721510350704193 0
1731665761282 0.5313975438475609 0
1731665761314 0.48897234350442886 0
1731665761346 0.4516264945268631 0
1731665761378 0.42491670325398445 0
1731665761409 0.410391952842474 0
1731665761440 0.40412624180316925 0
1731665761472 0.40073832497000694 0
1731665761503 0.3980363458395004 0
1731665761535 0.3959336206316948 0
1731665761567 0.39469992741942406 0
1731665761598 0.39388125389814377 0
1731665761629 0.3933931812644005 0
1731665761661 0.3930419757962227 0
1731665761693 0.39277083426713943 0
1731665761724 0.3926009126007557 0
1731665761756 0.39246074855327606 0
1731665761787 0.39234522730112076 0
1731665761819 0.39225316420197487 0
1731665761850 0.3921727128326893 0
1731665761881 0.3920957036316395 0
1731665761913 0.392015028744936 0
1731665761944 0.39196374267339706 0
1731665761975 0.3919113054871559 0
1731665762007 0.39183568209409714 0
1731665762038 0.391778826713562 0
