1711707212451 0.7494969964027405 0
1711707212490 0.7605633735656738 0
1711707212531 0.7525150775909424 0
1711707212568 0.7645875215530396 0
1711707212604 0.7696176767349243 0
1711707212638 0.7515090703964233 0
1711707212674 0.77364182472229 0
1711707212708 0.7786720395088196 0
1711707212743 0.7837021946907043 0
1711707212781 0.7696176767349243 0
1711707212823 0.7837021946907043 0
1711707213000 0.8028169274330139 0
1711707213086 0.8380281925201416 0
1711707213122 0.9024145007133484 0
1711707213170 0.895372211933136 0
1711707213337 0.9004024267196655 0
1711707213459 0.9275653958320618 0
1711707213492 0.9205231666564941 0
1711707213525 0.9175050258636475 0
1711707213558 0.9346076250076294 0
1711707213591 0.9416499137878418 0
1711707213622 0.9808853268623352 0
1711707213654 0.9647887349128723 0
1711707213687 0.9879275560379028 0
1711707213800 0.9849094748497009 0
1711707213843 0.9899396300315857 0
