1708683282275 0.6695135331922962 0
1708683282344 0.5302588209029166 0
1708683282412 0.4011551430148463 0
1708683282477 0.39330908752256827 0
1708683282543 0.39266305488924824 0
1708683282609 0.39233514282011217 0
1708683282675 0.3921391454435164 0
1708683282739 0.39180989130850763 0
1708683282805 0.39161454669890866 0
1708683282871 0.3913078010082245 0
1708683282939 0.39099647633491025 0
1708683283006 0.3905972703810661 0
1708683283071 0.3902656849353544 0
1708683283137 0.38988781071478323 0
1708683283201 0.3893726852632338 0
1708683283266 0.389040986376424 0
