1706868821930 0.6792142018675804 0
1706868821971 0.6414914056658745 0
1706868822018 0.5596228614449501 0
1706868822061 0.454547056928277 0
1706868822104 0.4071553833782673 0
1706868822150 0.39751429483294487 0
1706868822190 0.3936847597360611 0
1706868822230 0.3926504421979189 0
1706868822268 0.39219728484749794 0
1706868822326 0.3919498287141323 0
1706868822371 0.3917309045791626 0
1706868822418 0.3915841318666935 0
1706868822468 0.39135160110890865 0
1706868822510 0.3911636006087065 0
1706868822550 0.3909309543669224 0
1706868822600 0.39077118039131165 0
1706868822684 0.3904687315225601 0
1706868822733 0.3902320507913828 0
1706868822775 0.38995949923992157 0
1706868822816 0.3896622974425554 0
1706868822859 0.38940776512026787 0
