1697191985938 0.679205717579011 0
1697191986011 0.6087383973983026 0
1697191986064 0.4560550057118939 0
1697191986114 0.3992374202897472 0
1697191986162 0.39376748857959626 0
1697191986212 0.39284194188733257 0
1697191986385 0.39247272764482805 0
1697191986441 0.3923383730073129 0
1697191986502 0.39207056837697185 0
1697191986559 0.3919360560755576 0
1697191986662 0.3917952266431624 0
1697191986760 0.3916078584809457 0
1697191986812 0.39141440487677054 0
1697191986865 0.3912161261804642 0
1697191986923 0.39093765424143884 0
1697191987031 0.3908760855274816 0
1697191987127 0.39054003454023795 0
1697191987175 0.39038882909282563 0
1697191987229 0.3901754665759302 0
1697191987280 0.38989616690143464 0
1697191987342 0.3895643391916829 0
1697191987501 0.389327714520116 0
