1704449572281 0.6879115950676703 0
1704449572329 0.6144390356156134 0
1704449572381 0.46048809636023735 0
1704449572434 0.4034828370617282 0
1704449572546 0.3938378951241893 0
1704449572626 0.39216720481072703 0
1704449572675 0.3916324367446284 0
1704449572722 0.3913822491322794 0
1704449572773 0.39091781358565053 0
1704449572827 0.39060069380267975 0
1704449572959 0.3901885017271965 0
1704449573014 0.3898211698378286 0
1704449573064 0.38935690349148167 0
1704449573114 0.3887864495477369 0
1704449573169 0.38830112834130565 0
