1706263953972 0.8113590478897095 0
1706263954016 0.8083164095878601 0
1706263954060 0.8174442052841187 0
1706263954106 0.8336713910102844 0
1706263954149 0.8336713910102844 0
1706263954193 0.8245435953140259 0
1706263954235 0.81947261095047 0
1706263954277 0.8286004066467285 0
1706263954319 0.8265720009803772 0
1706263954362 0.8336713910102844 0
1706263954408 0.8549695611000061 0
1706263954451 0.9036511182785034 0
1706263954495 0.9574036598205566 0
1706263954538 0.9736308455467224 0
1706263954580 0.9645030498504639 0
1706263954625 1.0141987800598145 0
1706263954669 1.0223124027252197 0
1706263954712 1.018255591392517 0
1706263954754 1.0425963401794434 0
1706263954797 1.0780932903289795 0
1706263954841 1.1135902404785156 0
1706263954884 1.1206896305084229 0
1706263954929 1.1054766178131104 0
1706263954972 1.1308315992355347 0
1706263955016 1.1440162658691406 0
1706263955058 1.1622718572616577 0
1706263955103 1.2170385122299194 0
