1729246576341 0.7715686559677124 0
1729246576397 0.7558823823928833 0
1729246576450 0.7656862735748291 0
1729246576503 0.7764706015586853 0
1729246576550 0.7715686559677124 0
1729246576593 0.7745097875595093 0
1729246576635 0.7637255191802979 0
1729246576687 0.7656862735748291 0
1729246576735 0.7696078419685364 0
1729246576782 0.7774509787559509 0
1729246576831 0.7843137383460999 0
1729246576879 0.820588231086731 0
1729246576929 0.8294117450714111 0
1729246576977 0.8745098114013672 0
1729246577025 0.8990195989608765 0
1729246577071 0.9205882549285889 0
1729246577247 0.9107843041419983 0
1729246577360 0.9176470637321472 0
1729246577410 0.9264705777168274 0
1729246577458 0.9205882549285889 0
1729246577729 0.9313725233078003 0
1729246577776 0.9235293865203857 0
1729246577828 0.9343137145042419 0
1729246577876 0.9470587968826294 0
1729246577926 0.9470587968826294 0
1729246577976 0.9480392336845398 0
1729246578029 0.9450980424880981 0
1729246578080 0.9745097756385803 0
1729246578337 0.9754902124404907 0
1729246578390 0.9901960492134094 0
1729246578440 0.9843137264251709 0
1729246578487 0.9852941036224365 0
1729246578534 0.9941176176071167 0
1729246578581 1.0176470279693604 0
1729246578738 1.0166666507720947 0
1729246578786 1.0235294103622437 0
1729246578834 1.0382353067398071 0
1729246578881 1.0509804487228394 0
1729246578927 1.0558823347091675 0
