1702635408627 0.8307849168777466 0
1702635408996 0.8277267813682556 0
1702635409363 0.8256880640983582 0
1702635409728 0.8083587884902954 0
1702635410051 0.7879714369773865 0
1702635410416 0.7971457839012146 0
1702635410697 0.8053007125854492 0
1702635411062 0.8083587884902954 0
1702635411428 0.8073394298553467 0
1702635411793 0.8277267813682556 0
1702635412158 0.8369011282920837 0
1702635412485 0.8470947742462158 0
1702635412859 0.8817533254623413 0
1702635413226 0.8960244655609131 0
1702635413547 0.9092762470245361 0
1702635413871 0.9215086698532104 0
1702635414237 0.9561671614646912 0
1702635414605 0.9449541568756104 0
1702635414928 0.936799168586731 0
1702635415249 0.9571865200996399 0
1702635415527 0.9520897269248962 0
1702635415894 0.9714577198028564 0
1702635416260 0.9673802256584167 0
1702635416580 0.9826707243919373 0
1702635416901 0.9949031472206116 0
1702635417183 0.9938837885856628 0
1702635417259 0.9989806413650513 0
1702635417507 1.0081549882888794 0
1702635417709 1.0112130641937256 0
1702635418031 1.0214067697525024 0
1702635418268 1.0346585512161255 0
