1702635408454 0.6919931322336197 0
1702635408823 0.682727612555027 0
1702635409192 0.6716658920049667 0
1702635409558 0.6556854769587517 0
1702635409880 0.63006641715765 0
1702635410245 0.5899191722273827 0
1702635410568 0.5334177240729332 0
1702635410890 0.46953969076275826 0
1702635411257 0.42056334018707275 0
1702635411622 0.4015614092350006 0
1702635411987 0.3994794487953186 0
1702635412312 0.39672551676630974 0
1702635412687 0.39388227090239525 0
1702635413054 0.3929529935121536 0
1702635413376 0.39268092811107635 0
1702635413699 0.39244380965828896 0
1702635414065 0.3922918513417244 0
1702635414433 0.3922368064522743 0
1702635414758 0.3921727128326893 0
1702635415079 0.39206791296601295 0
1702635415399 0.39198679476976395 0
1702635415721 0.39193324372172356 0
1702635416087 0.3918818533420563 0
1702635416452 0.3917926996946335 0
1702635416773 0.3917255736887455 0
1702635417052 0.3915793262422085 0
1702635417252 0.39154136180877686 0
1702635417473 0.3914860971271992 0
1702635417621 0.39137449115514755 0
1702635417860 0.3912843018770218 0
1702635418223 0.39124585688114166 0
