1698401498548 0.8429158329963684 0
1698401498597 0.8583162426948547 0
1698401498645 0.836755633354187 0
1698401498693 0.8305954933166504 0
1698401498740 0.836755633354187 0
1698401498787 0.8644763827323914 0
1698401498834 0.9147843718528748 0
1698401498883 0.9712525606155396 0
1698401498930 0.9938398599624634 0
1698401498976 1.0338809490203857 0
1698401499024 1.0205339193344116 0
1698401499071 1.0544147491455078 0
1698401499118 1.0780287981033325 0
1698401499166 1.102669358253479 0
1698401499212 1.1694045066833496 0
