1703239993827 0.6846170984208584 0
1703239993873 0.6707478202879429 0
1703239993917 0.6408847309648991 0
1703239993962 0.5773866660892963 0
1703239994009 0.48102235421538353 0
1703239994087 0.4114146586507559 0
1703239994131 0.39786748588085175 0
1703239994181 0.3944663852453232 0
1703239994226 0.3929853457957506 0
1703239994270 0.3923959992825985 0
1703239994315 0.39243242517113686 0
1703239994359 0.3922915495932102 0
1703239994404 0.39215862937271595 0
1703239994448 0.3919568080455065 0
1703239994493 0.39201446808874607 0
1703239994538 0.3919297717511654 0
1703239994582 0.39177774265408516 0
1703239994627 0.39167548529803753 0
