1703239993834 0.8318042755126953 0
1703239993879 0.8379204869270325 0
1703239993924 0.8685015439987183 0
1703239993969 0.8715596199035645 0
1703239994016 0.8470947742462158 0
1703239994093 0.8399592041969299 0
1703239994138 0.8430173397064209 0
1703239994187 0.8725789785385132 0
1703239994232 0.9082568883895874 0
1703239994277 0.9174311757087708 0
1703239994321 0.9174311757087708 0
1703239994366 0.9102956056594849 0
1703239994410 0.9051987528800964 0
1703239994455 0.9337410926818848 0
1703239994499 0.9337410926818848 0
1703239994544 0.9429153800010681 0
1703239994589 0.9745157957077026 0
1703239994634 0.9714577198028564 0
