1715940775452 0.8090000152587891 0
1715940775515 0.8059999942779541 0
1715940775566 0.8019999861717224 0
1715940775618 0.859000027179718 0
1715940775669 0.8740000128746033 0
1715940775720 0.9279999732971191 0
1715940775770 0.9340000152587891 0
1715940775821 0.9419999718666077 0
1715940775872 0.9810000061988831 0
1715940775922 0.9819999933242798 0
1715940775972 0.9929999709129333 0
1715940776022 1.031000018119812 0
1715940776073 1.0470000505447388 0
1715940776123 1.0609999895095825 0
1715940776173 1.093000054359436 0
1715940776222 1.121000051498413 0
1715940776273 1.1770000457763672 0
1715940776322 1.1920000314712524 0
