1715940775444 0.6838637795299292 0
1715940775508 0.6251632664352655 0
1715940775559 0.4814536487683654 0
1715940775611 0.40338460449129343 0
1715940775662 0.3946067411452532 0
1715940775713 0.39282835833728313 0
1715940775763 0.39230773970484734 0
1715940775814 0.39213794749230146 0
1715940775865 0.39193757623434067 0
1715940775915 0.3916902570053935 0
1715940775965 0.3914900319650769 0
1715940776016 0.3911962890997529 0
1715940776066 0.3912071352824569 0
1715940776116 0.3909103190526366 0
1715940776166 0.39071942307054996 0
1715940776215 0.3904133876785636 0
1715940776265 0.39016636833548546 0
1715940776315 0.38983625173568726 0
