1699611133454 0.6953432112932205 0
1699611133485 0.6894410252571106 0
1699611133515 0.6835522502660751 0
1699611133543 0.6765797883272171 0
1699611133575 0.6674024984240532 0
1699611133607 0.6548311859369278 0
1699611133642 0.637594074010849 0
1699611133674 0.6142807975411415 0
1699611133709 0.5835415720939636 0
1699611133741 0.545699767768383 0
1699611133770 0.5043687708675861 0
1699611133798 0.46447625756263733 0
1699611133825 0.43281563743948936 0
1699611133857 0.41354861855506897 0
1699611133888 0.404219064861536 0
1699611133924 0.4001770243048668 0
1699611133961 0.3972898796200752 0
1699611133994 0.39504246786236763 0
1699611134025 0.3935682885348797 0
1699611134055 0.3928031735122204 0
1699611134088 0.39241181686520576 0
1699611134118 0.3920489698648453 0
1699611134144 0.39186831191182137 0
1699611134174 0.3917032405734062 0
1699611134202 0.3916352950036526 0
1699611134233 0.39145319536328316 0
1699611134264 0.39142750203609467 0
1699611134294 0.3913177587091923 0
1699611134322 0.39121460169553757 0
1699611134353 0.39112747833132744 0
1699611134385 0.3910411112010479 0
1699611134420 0.3909356966614723 0
1699611134451 0.3908483758568764 0
1699611134487 0.3907449394464493 0
1699611134523 0.39065565541386604 0
1699611134558 0.39055054634809494 0
1699611134710 0.3903905898332596 0
1699611134747 0.3903629072010517 0
1699611134776 0.3901975154876709 0
1699611134807 0.3901299722492695 0
1699611134834 0.39004648104310036 0
1699611134863 0.3899327963590622 0
