1699611133460 0.8165983557701111 0
1699611133491 0.8176229596138 0
1699611133521 0.8237704634666443 0
1699611133549 0.8217213153839111 0
1699611133580 0.8217213153839111 0
1699611133613 0.8206967115402222 0
1699611133648 0.8165983557701111 0
1699611133680 0.8217213153839111 0
1699611133715 0.8360655903816223 0
1699611133746 0.8411885499954224 0
1699611133775 0.8247950673103333 0
1699611133804 0.8391393423080444 0
1699611133833 0.8452869057655334 0
1699611133863 0.8493852615356445 0
1699611133894 0.8452869057655334 0
1699611133930 0.8545082211494446 0
1699611133967 0.8565573692321777 0
1699611134000 0.8452869057655334 0
1699611134031 0.8647540807723999 0
1699611134061 0.8780737519264221 0
1699611134094 0.9108606576919556 0
1699611134124 0.9262295365333557 0
1699611134150 0.9344262480735779 0
1699611134178 0.9549180269241333 0
1699611134207 0.9805327653884888 0
1699611134238 0.9795082211494446 0
1699611134269 1.0081967115402222 0
1699611134299 1.001024603843689 0
1699611134328 1.0040984153747559 0
1699611134360 1.0256147384643555 0
1699611134391 1.0204918384552002 0
1699611134426 1.0245901346206665 0
1699611134459 1.0286885499954224 0
1699611134493 1.0471311807632446 0
1699611134529 1.060450792312622 0
1699611134687 1.0686475038528442 0
1699611134717 1.0829918384552002 0
1699611134753 1.1024590730667114 0
1699611134782 1.1178278923034668 0
1699611134812 1.123975396156311 0
1699611134840 1.1290984153747559 0
1699611134868 1.1475409269332886 0
