1694772778739 0.7936016321182251 0
1694772778802 0.8224974274635315 0
1694772778866 0.801857590675354 0
1694772778929 0.801857590675354 0
1694772778989 0.8421052694320679 0
1694772779052 0.8854489326477051 0
1694772779114 0.9267286062240601 0
1694772779175 0.8937048316001892 0
1694772779236 0.9360164999961853 0
1694772779299 0.9545923471450806 0
1694772779364 0.9711042046546936 0
1694772779428 1.0072239637374878 0
1694772779492 1.01857590675354 0
1694772779555 1.033023715019226 0
1694772779621 1.0681114196777344 0
