1686305743901 0.6910940488179524 0
1686305744005 0.6858333508173625 0
1686305744068 0.6788264234860738 0
1686305744264 0.6679314215977986 0
1686305744318 0.6507294098536174 0
1686305744408 0.6253808538118998 0
1686305744488 0.5914392749468486 0
1686305744565 0.5504924416542053 0
1686305744640 0.5076996584733328 0
1686305744714 0.4698500096797943 0
1686305744780 0.44212936560312904 0
1686305744849 0.42466956973075864 0
1686305744901 0.414255702495575 0
1686305744954 0.4074284593264262 0
1686305744999 0.40270395278930665 0
1686305745036 0.399410613377889 0
1686305745074 0.3971284111340841 0
1686305745130 0.3954632957776388 0
1686305745167 0.3943488578001658 0
1686305745204 0.39350028038024903 0
1686305745241 0.3928891996542613 0
1686305745280 0.3925099412600199 0
1686305745337 0.39221681555112203 0
1686305745380 0.3920023957888285 0
1686305745420 0.3918330013751984 0
1686305745570 0.39169870018959047 0
1686305745609 0.3915844996770223 0
1686305745654 0.39149336218833924 0
1686305745691 0.3914118707180023 0
