1686305743910 0.7866109013557434 0
1686305744016 0.7918410301208496 0
1686305744079 0.8117154836654663 0
1686305744269 0.8117154836654663 0
1686305744322 0.7939330339431763 0
1686305744413 0.7949790954589844 0
1686305744500 0.7897489666938782 0
1686305744581 0.7918410301208496 0
1686305744653 0.7897489666938782 0
1686305744725 0.7792887091636658 0
1686305744793 0.7876569032669067 0
1686305744857 0.7887029051780701 0
1686305744911 0.7907949686050415 0
1686305744960 0.7855648398399353 0
1686305745003 0.7855648398399353 0
1686305745041 0.776150643825531 0
1686305745078 0.7751045823097229 0
1686305745134 0.7876569032669067 0
1686305745172 0.7991631627082825 0
1686305745208 0.8075313568115234 0
1686305745245 0.8326359987258911 0
1686305745284 0.8702929019927979 0
1686305745342 0.9194560647010803 0
1686305745384 0.9236401915550232 0
1686305745522 0.9445606470108032 0
1686305745575 0.9560669660568237 0
1686305745614 0.9717572927474976 0
1686305745659 0.991631805896759 0
1686305745695 0.9874476790428162 0
