1685700738492 0.7958115339279175 0
1685700738552 0.782198965549469 0
1685700738611 0.7853403091430664 0
1685700738671 0.8219895362854004 0
1685700738731 0.8743455410003662 0
1685700738791 0.8942408561706543 0
1685700738854 0.9287958145141602 0
1685700738916 0.9246073365211487 0
1685700738980 0.981151819229126 0
1685700739044 1.0020942687988281 0
1685700739108 0.9790576100349426 0
1685700739170 1.038743495941162 0
1685700739231 1.0513088703155518 0
1685700739291 1.0617800951004028 0
1685700739355 1.0994764566421509 0
1685700739415 1.1392669677734375 0
