1726222549914 0.8139764070510864 0
1726222549960 0.8051180839538574 0
1726222550005 0.7923228144645691 0
1726222550046 0.7814960479736328 0
1726222550084 0.788385808467865 0
1726222550123 0.7795275449752808 0
1726222550161 0.7578740119934082 0
1726222550199 0.7627952694892883 0
1726222550279 0.7568897604942322 0
1726222550318 0.7578740119934082 0
1726222550357 0.7588582634925842 0
1726222550396 0.7588582634925842 0
1726222550435 0.7618110179901123 0
1726222550474 0.7618110179901123 0
1726222550512 0.7696850299835205 0
1726222550552 0.8218504190444946 0
1726222550594 0.8651574850082397 0
1726222550631 0.9173228144645691 0
1726222550668 0.9655511975288391 0
1726222550704 0.9970472455024719 0
1726222550741 0.9931102395057678 0
1726222550778 1.0167323350906372 0
1726222550814 1.0206693410873413 0
1726222550851 1.044291377067566 0
1726222550888 1.0639764070510864 0
1726222550924 1.087598443031311 0
1726222550961 1.0994094610214233 0
1726222550997 1.1190944910049438 0
1726222551033 1.0905511379241943 0
1726222551069 1.129921317100525 0
