1729851320764 0.8099902272224426 0
1729851320803 0.8334965705871582 0
1729851320838 0.8295788168907166 0
1729851320872 0.8178256750106812 0
1729851320906 0.8119490742683411 0
1729851320941 0.821743369102478 0
1729851320975 0.7992164492607117 0
1729851321009 0.7933398485183716 0
1729851321088 0.8011752963066101 0
1729851321124 0.806072473526001 0
1729851321162 0.8001958727836609 0
1729851321296 0.8227227926254272 0
1729851321436 0.8168462514877319 0
1729851321472 0.8570029139518738 0
1729851321509 0.9138100147247314 0
1729851321545 0.9333986043930054 0
1729851321630 0.9549461603164673 0
1729851321702 0.9529872536659241 0
1729851321738 0.9784525036811829 0
1729851321774 1.0009794235229492 0
1729851321809 1.0352596044540405 0
1729851321872 1.0479921102523804 0
1729851321964 1.0489716529846191 0
1729851322000 1.0656219720840454 0
1729851322035 1.0783545970916748 0
1729851322070 1.0861899852752686 0
1729851322105 1.0930460691452026 0
1729851322139 1.103819727897644 0
1729851322173 1.125367283821106 0
1729851322208 1.1459354162216187 0
1729851322242 1.1527913808822632 0
1729851322276 1.1860920190811157 0
1729851322310 1.1792360544204712 0
1729851322345 1.197845220565796 0
1729851322424 1.2213516235351562 0
1729851322458 1.2438786029815674 0
1729851322492 1.2536728382110596 0
1729851322526 1.3006856441497803 0
1729851322561 1.2938295602798462 0
1729851322595 1.3055827617645264 0
1729851322629 1.3379039764404297 0
1729851322662 1.365328073501587 0
1729851322696 1.365328073501587 0
1729851322732 1.3927521705627441 0
1729851322767 1.4240940809249878 0
1729851322801 1.465230107307434 0
1729851322835 1.4740450382232666 0
1729851322869 1.4779627323150635 0
1729851322902 1.5122429132461548 0
1729851322937 1.5475023984909058 0
1729851322971 1.574926495552063 0
1729851323004 1.581782579421997 0
1729851323038 1.617042064666748 0
1729851323072 1.612144947052002 0
1729851323107 1.6092066764831543 0
1729851323142 1.6395690441131592 0
