1697192003065 0.6795747354626656 0
1697192003088 0.6714248284697533 0
1697192003111 0.6608726233243942 0
1697192003136 0.6460953429341316 0
1697192003158 0.6253592148423195 0
1697192003180 0.5973566696047783 0
1697192003201 0.562630258500576 0
1697192003225 0.5236432328820229 0
1697192003247 0.48582373559474945 0
1697192003270 0.45554543659090996 0
1697192003291 0.434006754308939 0
1697192003313 0.4200894832611084 0
1697192003334 0.410855907946825 0
1697192003356 0.4046165458858013 0
1697192003378 0.39969608932733536 0
1697192003399 0.39689553529024124 0
1697192003420 0.3950199969112873 0
1697192003442 0.39385953173041344 0
1697192003464 0.3931681327521801 0
1697192003486 0.39261605218052864 0
1697192003508 0.39238183572888374 0
1697192003529 0.39213529229164124 0
1697192003550 0.39198607578873634 0
1697192003571 0.39182087033987045 0
1697192003592 0.3917333409190178 0
1697192003613 0.3916119635105133 0
