1694772795563 0.6838303059339523 0
1694772795606 0.6580706909298897 0
1694772795648 0.6107867732644081 0
1694772795690 0.5290573053061962 0
1694772795732 0.4357890821993351 0
1694772795777 0.40152885392308235 0
1694772795821 0.40286246314644814 0
1694772795865 0.3940633609890938 0
1694772795909 0.39300133287906647 0
1694772795951 0.3926674574613571 0
1694772795992 0.39195213466882706 0
1694772796034 0.3918725810945034 0
1694772796075 0.3916117921471596 0
1694772796118 0.39140068367123604 0
1694772796160 0.39118576794862747 0
1694772796202 0.39103033766150475 0
1694772796245 0.3909227140247822 0
1694772796287 0.39067306742072105 0
1694772796330 0.3904401399195194 0
1694772796374 0.39023010432720184 0
1694772796417 0.38993848860263824 0
1694772796460 0.389714352786541 0
