1694772795569 0.760577917098999 0
1694772795612 0.7657378911972046 0
1694772795654 0.818369448184967 0
1694772795695 0.7997936010360718 0
1694772795738 0.8039215803146362 0
1694772795782 0.8224974274635315 0
1694772795826 0.8720329999923706 0
1694772795870 0.9153766632080078 0
1694772795914 0.9649122953414917 0
1694772795956 0.9793601632118225 0
1694772795997 0.9783281683921814 0
1694772796039 0.9886481165885925 0
1694772796081 0.9927760362625122 0
1694772796123 1.0196079015731812 0
1694772796165 1.0361196994781494 0
1694772796208 1.0897833108901978 0
1694772796250 1.0856553316116333 0
1694772796292 1.133126974105835 0
1694772796335 1.1537667512893677 0
1694772796379 1.1609907150268555 0
1694772796423 1.2260061502456665 0
1694772796465 1.2363260984420776 0
