1705659146555 0.684456063855079 0
1705659146630 0.6535951591307118 0
1705659146705 0.571225885421999 0
1705659146779 0.4475810729688214 0
1705659146852 0.39931051481154656 0
1705659146926 0.39407136747913973 0
1705659147000 0.39266504010846537 0
1705659147075 0.3922735923720944 0
1705659147149 0.39201389974163425 0
1705659147223 0.39187015160437555 0
1705659147298 0.39159769204355055 0
1705659147372 0.39144420335369723 0
1705659147446 0.39122785002954547 0
1705659147520 0.39099106192588806 0
1705659147596 0.3907954087180476 0
1705659147685 0.39059428245790545 0
1705659147759 0.39036380283294186 0
1705659147832 0.3901482695533383 0
1705659147906 0.3898968312048143 0
