1683281621979 0.688189186155796 0
1683281622021 0.6776179894804955 0
1683281622061 0.6620423644781113 0
1683281622100 0.6364762187004089 0
1683281622139 0.5965726003050804 0
1683281622179 0.540429025888443 0
1683281622218 0.47670717164874077 0
1683281622258 0.4268212169408798 0
1683281622298 0.40537945181131363 0
1683281622338 0.40093594789505005 0
1683281622377 0.3971472419798374 0
1683281622417 0.39401964843273163 0
1683281622456 0.3927966468036175 0
1683281622495 0.39247922226786613 0
1683281622535 0.3923170380294323 0
1683281622574 0.3920215368270874 0
1683281622613 0.3919662535190582 0
