1682676772214 0.8611987233161926 0
1682676772255 0.8307045102119446 0
1682676772292 0.8254469037055969 0
1682676772330 0.8233438730239868 0
1682676772368 0.8128286004066467 0
1682676772406 0.8054679036140442 0
1682676772443 0.8033648729324341 0
1682676772480 0.8023133277893066 0
1682676772564 0.797055721282959 0
1682676772604 0.8086224794387817 0
1682676772683 0.8149316310882568 0
1682676772721 0.8748685717582703 0
1682676772757 0.9242902398109436 0
1682676772795 0.9505783319473267 0
1682676772830 0.9400631189346313 0
1682676772867 0.9579390287399292 0
1682676772904 0.9779179692268372 0
1682676772940 0.995793879032135 0
1682676772977 0.995793879032135 0
1682676773030 1.0031545162200928 0
1682676773067 1.0031545162200928 0
1682676773103 1.0126183032989502 0
1682676773140 1.038906455039978 0
1682676773176 1.0452156066894531 0
1682676773212 1.024185061454773 0
1682676773250 1.0588853359222412 0
1682676773286 1.0599368810653687 0
1682676773322 1.0683491230010986 0
