1682676772211 0.6887407451868057 0
1682676772251 0.6794231310486794 0
1682676772289 0.6668844521045685 0
1682676772327 0.6475990563631058 0
1682676772364 0.6176254078745842 0
1682676772402 0.5734788477420807 0
1682676772440 0.5162318646907806 0
1682676772476 0.4569387063384056 0
1682676772560 0.4144374206662178 0
1682676772601 0.3998701311647892 0
1682676772679 0.398000355809927 0
1682676772717 0.3954905867576599 0
1682676772754 0.393167432397604 0
1682676772791 0.3924909122288227 0
1682676772827 0.39227327331900597 0
1682676772863 0.3920714370906353 0
1682676772901 0.3919351287186146 0
1682676772936 0.3917732685804367 0
1682676772973 0.39172130078077316 0
1682676773009 0.3916614204645157 0
1682676773064 0.3915224112570286 0
1682676773100 0.39149321243166924 0
1682676773137 0.3913508914411068 0
1682676773173 0.39104993641376495 0
1682676773209 0.39103683829307556 0
1682676773247 0.39090708270668983 0
1682676773283 0.3908526264131069 0
1682676773318 0.3905848562717438 0
