1723803229797 0.6955896317958832 0
1723803229845 0.6936934739351273 0
1723803229888 0.6916458681225777 0
1723803229925 0.6894047632813454 0
1723803229967 0.6868727803230286 0
1723803230010 0.6840768754482269 0
1723803230050 0.6809172257781029 0
1723803230100 0.6773201450705528 0
1723803230142 0.6732348874211311 0
1723803230180 0.668599545955658 0
1723803230215 0.6632860973477364 0
1723803230250 0.6572528257966042 0
1723803230285 0.6503456383943558 0
1723803230321 0.6425511166453362 0
1723803230357 0.6337292641401291 0
1723803230393 0.6240734308958054 0
1723803230429 0.6135544031858444 0
1723803230464 0.6023386344313622 0
1723803230500 0.5905007421970367 0
1723803230542 0.5780440643429756 0
1723803230584 0.5653320550918579 0
1723803230620 0.5523131042718887 0
1723803230666 0.5392912328243256 0
1723803230705 0.5263636186718941 0
1723803230741 0.5137777402997017 0
1723803230781 0.501689039170742 0
1723803230819 0.4901989884674549 0
1723803230851 0.47934259846806526 0
1723803230883 0.4694163128733635 0
1723803230914 0.46045130863785744 0
1723803230944 0.4524441659450531 0
1723803230976 0.44530975818634033 0
1723803231007 0.4389955624938011 0
1723803231039 0.43358299136161804 0
1723803231071 0.4288412667810917 0
1723803231103 0.42453790083527565 0
1723803231135 0.4208194464445114 0
1723803231168 0.4175856336951256 0
1723803231206 0.41469281539320946 0
1723803231239 0.4121558889746666 0
1723803231277 0.4098687991499901 0
1723803231313 0.4078661948442459 0
1723803231351 0.4061511643230915 0
1723803231401 0.4045567288994789 0
1723803231450 0.4031955525279045 0
1723803231485 0.4019654430449009 0
1723803231521 0.4008610211312771 0
1723803231567 0.3998985327780247 0
1723803231603 0.398993119597435 0
1723803231639 0.398236483335495 0
1723803231676 0.397562887519598 0
1723803231710 0.39695074781775475 0
1723803231747 0.39640431851148605 0
1723803231792 0.3959181271493435 0
1723803231829 0.39548297598958015 0
1723803231866 0.39509623870253563 0
1723803231903 0.3947492986917496 0
1723803231941 0.3944270983338356 0
1723803231991 0.3941544443368912 0
1723803232031 0.3938734531402588 0
1723803232068 0.3936471566557884 0
1723803232109 0.39341161772608757 0
1723803232158 0.3932611346244812 0
1723803232202 0.3930750899016857 0
1723803232248 0.3929312191903591 0
1723803232293 0.3927861452102661 0
1723803232338 0.3926473706960678 0
1723803232386 0.39251789823174477 0
1723803232434 0.39241761714220047 0
1723803232471 0.39231282472610474 0
1723803232534 0.39222220331430435 0
1723803232611 0.392124205827713 0
1723803232680 0.3920420706272125 0
1723803232764 0.3919687569141388 0
1723803232811 0.39189363270998 0
1723803232857 0.39182547107338905 0
1723803232900 0.39175889268517494 0
