1682072092518 0.7957894802093506 0
1682072092571 0.8442105054855347 0
1682072092627 0.8315789699554443 0
1682072092677 0.8199999928474426 0
1682072092725 0.8231579065322876 0
1682072092765 0.8199999928474426 0
1682072092810 0.821052610874176 0
1682072092846 0.8442105054855347 0
1682072092881 0.8957894444465637 0
1682072092916 0.9200000166893005 0
1682072092951 0.9378947615623474 0
1682072092985 0.9515789747238159 0
1682072093095 0.9789473414421082 0
1682072093137 0.9884210228919983 0
1682072093240 1.0136841535568237 0
1682072093310 1.0231579542160034 0
1682072093355 1.0 0
1682072093393 0.9957894682884216 0
1682072093471 1.0357894897460938 0
1682072093506 1.054736852645874 0
1682072093554 1.0631579160690308 0
1682072093614 1.114736795425415 0
1682072093692 1.105263113975525 0
1682072093745 1.0968420505523682 0
1682072093799 1.1684210300445557 0
1682072093845 1.1863157749176025 0
1682072093881 1.1831579208374023 0
1682072093920 1.230526328086853 0
1682072093955 1.2494736909866333 0
