1711707209381 0.800804853439331 0
1711707209436 0.8138833045959473 0
1711707209487 0.803822934627533 0
1711707209537 0.7987927794456482 0
1711707209667 0.8018108606338501 0
1711707209835 0.7937625646591187 0
1711707209886 0.7967807054519653 0
1711707209939 0.7826961874961853 0
1711707210007 0.786720335483551 0
1711707210080 0.8128772377967834 0
1711707210213 0.8581488728523254 0
1711707210267 0.8672032356262207 0
1711707210362 0.9185110926628113 0
1711707210418 0.9336016178131104 0
1711707210476 0.922535240650177 0
1711707210533 0.926559329032898 0
1711707210707 0.9567404389381409 0
1711707210880 0.9507042169570923 0
1711707210937 0.9647887349128723 0
1711707210995 0.9718309640884399 0
1711707211127 0.9869215488433838 0
1711707211189 0.9919517040252686 0
1711707211348 1.0050301551818848 0
1711707211400 1.0060361623764038 0
1711707211449 1.0060361623764038 0
1711707211719 1.0130784511566162 0
1711707211774 1.0402414798736572 0
1711707211877 1.027163028717041 0
1711707212092 1.0583500862121582 0
1711707212134 1.0684105157852173 0
1711707212178 1.074446678161621 0
