1724408114539 0.7680158019065857 0
1724408114605 0.8114511370658875 0
1724408114669 0.8292201161384583 0
1724408114732 0.8538993000984192 0
1724408114797 0.9338598251342773 0
1724408114862 0.9545903205871582 0
1724408114928 0.9911155104637146 0
1724408114995 0.9891411662101746 0
1724408115070 1.0444225072860718 0
1724408115179 1.054294228553772 0
1724408115272 1.0621914863586426 0
1724408115372 1.1125370264053345 0
1724408115586 1.1312931776046753 0
1724408115688 1.176702857017517 0
1724408115859 1.174728512763977 0
