1730456159411 0.6858630925416946 0
1730456159449 0.6767896413803101 0
1730456159485 0.6643335670232773 0
1730456159522 0.6462230384349823 0
1730456159559 0.6199056133627892 0
1730456159606 0.5830942690372467 0
1730456159645 0.5360284447669983 0
1730456159684 0.4835616312921047 0
1730456159722 0.43707436695694923 0
1730456159780 0.40859100967645645 0
1730456159820 0.39887695387005806 0
1730456159857 0.3970513604581356 0
1730456159893 0.39521198347210884 0
1730456159930 0.3935101255774498 0
1730456159976 0.39270981028676033 0
1730456160022 0.39251144975423813 0
1730456160068 0.392383623868227 0
1730456160107 0.3922789618372917 0
1730456160144 0.3922070413827896 0
1730456160181 0.39212650060653687 0
1730456160217 0.3920571804046631 0
1730456160253 0.3919835537672043 0
