1730456159420 0.7602739930152893 0
1730456159458 0.7974559664726257 0
1730456159494 0.8180038928985596 0
1730456159531 0.8140900135040283 0
1730456159573 0.8062622547149658 0
1730456159616 0.7827788591384888 0
1730456159655 0.7886496782302856 0
1730456159693 0.7876712083816528 0
1730456159732 0.7847357988357544 0
1730456159793 0.7896282076835632 0
1730456159830 0.7945205569267273 0
1730456159866 0.8228963017463684 0
1730456159902 0.8502935171127319 0
1730456159939 0.9090019464492798 0
1730456159987 0.9138942956924438 0
1730456160035 0.9187867045402527 0
1730456160078 0.9354207515716553 0
1730456160116 0.9373776912689209 0
1730456160154 0.927592933177948 0
1730456160190 0.9363992214202881 0
1730456160226 0.942270040512085 0
1730456160262 0.9579256176948547 0
