1689934443860 0.6844641417264938 0
1689934443906 0.6542576476931572 0
1689934443950 0.5946064889431 0
1689934443993 0.4978823848068714 0
1689934444037 0.41573597118258476 0
1689934444082 0.40528011322021484 0
1689934444125 0.3986992724239826 0
1689934444169 0.39273320883512497 0
1689934444212 0.39318307861685753 0
1689934444260 0.39213088527321815 0
1689934444311 0.39182450622320175 0
1689934444354 0.3915034458041191 0
1689934444397 0.3912426717579365 0
1689934444440 0.39100218191742897 0
1689934444483 0.3907857872545719 0
