1722593710742 0.7623762488365173 0
1722593710800 0.7762376070022583 0
1722593710858 0.7871286869049072 0
1722593710915 0.803960382938385 0
1722593710974 0.8415841460227966 0
1722593711029 0.8663366436958313 0
1722593711089 0.9108911156654358 0
1722593711146 0.9247524738311768 0
1722593711273 0.9297029972076416 0
1722593711344 0.9603960514068604 0
1722593711400 0.9693069458007812 0
1722593711456 0.9821782112121582 0
1722593711512 1.014851450920105 0
1722593711572 1.007920742034912 0
1722593711633 1.0435643196105957 0
1722593711694 1.076237678527832 0
1722593711753 1.105940580368042 0
1722593711813 1.1138614416122437 0
1722593711869 1.1811881065368652 0
1722593711926 1.197029709815979 0
1722593712047 1.2039604187011719 0
1722593712129 1.224752426147461 0
1722593712224 1.2831683158874512 0
1722593712374 1.2732672691345215 0
1722593712441 1.3297029733657837 0
1722593712506 1.3455445766448975 0
