1701425836752 0.6799366809427738 0
1701425836801 0.6091354452073574 0
1701425836849 0.45826478861272335 0
1701425836896 0.4005977902561426 0
1701425836942 0.39406624250113964 0
1701425836989 0.3929285705089569 0
1701425837035 0.3925146535038948 0
1701425837083 0.39220350608229637 0
1701425837129 0.3920956440269947 0
1701425837180 0.3918216470628977 0
1701425837227 0.391611035913229 0
1701425837275 0.3913822267204523 0
1701425837321 0.3910680562257767 0
1701425837369 0.3909519501030445 0
1701425837415 0.39067094400525093 0
1701425837462 0.3903623968362808 0
1701425837509 0.39007006026804447 0
1701425837555 0.38971910811960697 0
1701425837599 0.3894469030201435 0
1701425837644 0.38884198665618896 0
1701425837688 0.38869914412498474 0
1701425837732 0.38814698345959187 0
1701425837776 0.3876885809004307 0
1701425837819 0.3873006794601679 0
