1701425836759 0.8161389231681824 0
1701425836807 0.7977527976036072 0
1701425836856 0.785495400428772 0
1701425836903 0.8202247023582458 0
1701425836948 0.9080694317817688 0
1701425836996 0.9448416829109192 0
1701425837042 0.9438202381134033 0
1701425837090 0.9622063040733337 0
1701425837136 0.9734423160552979 0
1701425837187 0.9948927760124207 0
1701425837234 1.0367722511291504 0
1701425837281 1.0398365259170532 0
1701425837329 1.0265576839447021 0
1701425837376 1.0817160606384277 0
1701425837422 1.1235954761505127 0
1701425837469 1.2042900323867798 0
1701425837516 1.1910111904144287 0
1701425837561 1.1869254112243652 0
1701425837605 1.1910111904144287 0
1701425837650 1.2757916450500488 0
1701425837695 1.2870275974273682 0
1701425837739 1.4147088527679443 0
1701425837782 1.390194058418274 0
1701425837825 1.4330949783325195 0
