1720174483400 0.6906170547008514 0
1720174483442 0.6892324686050415 0
1720174483478 0.6877373531460762 0
1720174483513 0.6861343383789062 0
1720174483549 0.6843964606523514 0
1720174483590 0.6824835687875748 0
1720174483635 0.6803730204701424 0
1720174483675 0.6780686378479004 0
1720174483714 0.6754603385925293 0
1720174483759 0.6725306361913681 0
1720174483799 0.669207327067852 0
1720174483850 0.6655570492148399 0
1720174483892 0.6613453924655914 0
1720174483936 0.6567171216011047 0
1720174483983 0.651536226272583 0
1720174484032 0.6457612439990044 0
1720174484123 0.6394825950264931 0
1720174484175 0.6324651539325714 0
1720174484222 0.6249394342303276 0
1720174484267 0.6167565658688545 0
1720174484317 0.6079874336719513 0
1720174484544 0.598624624311924 0
1720174484601 0.5887430310249329 0
1720174484647 0.5783551931381226 0
1720174484693 0.5676291659474373 0
1720174484751 0.5564443469047546 0
1720174484790 0.5450882613658905 0
1720174484827 0.5336306467652321 0
1720174484865 0.5222750455141068 0
1720174484902 0.5110480934381485 0
1720174484938 0.5000987537205219 0
1720174484976 0.48961764201521873 0
1720174485013 0.4796760566532612 0
1720174485050 0.4702332615852356 0
1720174485087 0.46152692288160324 0
1720174485127 0.4535071514546871 0
1720174485166 0.44612644985318184 0
1720174485206 0.4395265281200409 0
1720174485253 0.4336433783173561 0
1720174485300 0.4285554774105549 0
1720174485339 0.42405782639980316 0
1720174485389 0.4201401621103287 0
1720174485431 0.41681018099188805 0
1720174485485 0.4139489084482193 0
1720174485531 0.41145407035946846 0
1720174485579 0.40926269441843033 0
1720174485616 0.40749771147966385 0
1720174485658 0.4058622233569622 0
1720174485700 0.4044600911438465 0
1720174485741 0.4032806046307087 0
1720174485782 0.4022609665989876 0
1720174485820 0.40128643065690994 0
1720174485858 0.40042994171380997 0
1720174485895 0.39968470111489296 0
1720174485932 0.39899642765522003 0
1720174485971 0.3983756862580776 0
1720174486008 0.3978276066482067 0
1720174486044 0.3973156809806824 0
1720174486081 0.39686696231365204 0
1720174486119 0.39642849564552307 0
1720174486157 0.39606016129255295 0
1720174486195 0.39574475586414337 0
1720174486259 0.3954465575516224 0
1720174486303 0.39515939727425575 0
1720174486340 0.3948974348604679 0
1720174486379 0.3946474753320217 0
1720174486419 0.3944723680615425 0
1720174486460 0.3942864090204239 0
1720174486601 0.39408207684755325 0
1720174486641 0.39393844455480576 0
1720174486680 0.3937877379357815 0
1720174486718 0.3936285153031349 0
1720174486758 0.39353036880493164 0
1720174486796 0.3934297524392605 0
1720174486833 0.39332012459635735 0
1720174486869 0.39322030916810036 0
1720174486905 0.3931443393230438 0
