1720174483410 0.8093346357345581 0
1720174483451 0.8192651271820068 0
1720174483488 0.8311817049980164 0
1720174483523 0.8311817049980164 0
1720174483559 0.8351539373397827 0
1720174483605 0.8351539373397827 0
1720174483644 0.8291956186294556 0
1720174483685 0.8391261100769043 0
1720174483728 0.8450844287872314 0
1720174483770 0.8500496745109558 0
1720174483814 0.8470705151557922 0
1720174483860 0.8470705151557922 0
1720174483903 0.8669314980506897 0
1720174483948 0.8679245114326477 0
1720174483995 0.857001006603241 0
1720174484047 0.8599801659584045 0
1720174484135 0.8440913558006287 0
1720174484186 0.8430982828140259 0
1720174484236 0.8371400237083435 0
1720174484280 0.8500496745109558 0
1720174484332 0.8540218472480774 0
1720174484560 0.8500496745109558 0
1720174484613 0.8510426878929138 0
1720174484661 0.8589870929718018 0
1720174484709 0.8560079336166382 0
1720174484762 0.8500496745109558 0
1720174484800 0.8440913558006287 0
1720174484838 0.849056601524353 0
1720174484875 0.8460774421691895 0
1720174484912 0.8421052694320679 0
1720174484949 0.8401191830635071 0
1720174484986 0.8450844287872314 0
1720174485023 0.8460774421691895 0
1720174485060 0.8411121964454651 0
1720174485097 0.8321747779846191 0
1720174485138 0.8401191830635071 0
1720174485176 0.8331678509712219 0
1720174485219 0.8311817049980164 0
1720174485268 0.8272095322608948 0
1720174485311 0.8232373595237732 0
1720174485350 0.8282026052474976 0
1720174485399 0.825223445892334 0
1720174485448 0.8222442865371704 0
1720174485496 0.8212512135505676 0
1720174485546 0.8202582001686096 0
1720174485589 0.8202582001686096 0
1720174485627 0.8202582001686096 0
1720174485668 0.8192651271820068 0
1720174485710 0.816286027431488 0
1720174485754 0.817279040813446 0
1720174485792 0.8182721138000488 0
1720174485830 0.8222442865371704 0
1720174485869 0.8232373595237732 0
1720174485905 0.8272095322608948 0
1720174485942 0.8272095322608948 0
1720174485981 0.8282026052474976 0
1720174486018 0.8341608643531799 0
1720174486054 0.8282026052474976 0
1720174486091 0.8272095322608948 0
1720174486129 0.8351539373397827 0
1720174486167 0.8331678509712219 0
1720174486206 0.8331678509712219 0
1720174486269 0.8321747779846191 0
1720174486313 0.8351539373397827 0
1720174486350 0.8460774421691895 0
1720174486389 0.8440913558006287 0
1720174486432 0.8510426878929138 0
1720174486471 0.8480635285377502 0
1720174486614 0.8500496745109558 0
1720174486652 0.8540218472480774 0
1720174486690 0.8480635285377502 0
1720174486729 0.849056601524353 0
1720174486769 0.857001006603241 0
1720174486806 0.8669314980506897 0
1720174486843 0.8699105978012085 0
1720174486879 0.8758689165115356 0
1720174486915 0.8838133215904236 0
