1712312041435 0.6854586228728294 0
1712312041472 0.6730585992336273 0
1712312041549 0.6535253077745438 0
1712312041588 0.6190542057156563 0
1712312041631 0.5627009198069572 0
1712312041670 0.4874817803502083 0
1712312041831 0.4233333542943001 0
1712312041988 0.40330009907484055 0
1712312042027 0.4011593274772167 0
1712312042068 0.3947453647851944 0
1712312042182 0.3926812969148159 0
1712312042224 0.39250707626342773 0
1712312042264 0.3920716568827629 0
1712312042301 0.39195118099451065 0
1712312042343 0.3918108642101288 0
1712312042385 0.39162346348166466 0
1712312042427 0.391504380851984 0
1712312042463 0.3913617804646492 0
1712312042502 0.391242615878582 0
1712312042543 0.391107976436615 0
1712312042583 0.3909579738974571 0
1712312042622 0.39080242812633514 0
1712312042662 0.39061300083994865 0
1712312042704 0.39044078066945076 0
1712312042744 0.3903041258454323 0
1712312042783 0.3900698237121105 0
1712312042819 0.38990892469882965 0
1712312042856 0.38968799635767937 0
1712312042896 0.38949837535619736 0
1712312042929 0.3892586715519428 0
1712312042965 0.3890739195048809 0
1712312042998 0.38879577070474625 0
1712312043033 0.38850491493940353 0
1712312043068 0.388286966830492 0
1712312043102 0.38800037652254105 0
