1700215953832 0.6957978457212448 0
1700215953866 0.6892184093594551 0
1700215953899 0.6807254329323769 0
1700215953932 0.6688500195741653 0
1700215953965 0.6508407667279243 0
1700215953998 0.6249734126031399 0
1700215954031 0.5898308679461479 0
1700215954064 0.5477365888655186 0
1700215954096 0.5036201253533363 0
1700215954128 0.46354768611490726 0
1700215954161 0.43430384807288647 0
1700215954193 0.4156726710498333 0
1700215954226 0.40643869526684284 0
1700215954258 0.40084027871489525 0
1700215954291 0.3979538306593895 0
1700215954323 0.39617208763957024 0
1700215954357 0.3948505036532879 0
1700215954390 0.3939351588487625 0
1700215954423 0.3932535704225302 0
1700215954456 0.3928263299167156 0
1700215954488 0.39268780313432217 0
1700215954521 0.39238211512565613 0
1700215954554 0.39221908897161484 0
1700215954586 0.3921589907258749 0
1700215954619 0.3920296598225832 0
1700215954652 0.39190626330673695 0
1700215954684 0.39184009842574596 0
1700215954716 0.3918125759810209 0
1700215954749 0.39170477353036404 0
1700215954782 0.3916929252445698 0
1700215954814 0.39155588671565056 0
1700215954846 0.39142897725105286 0
