1725012939335 0.7998027801513672 0
1725012939408 0.807692289352417 0
1725012939456 0.8116371035575867 0
1725012939508 0.8086785078048706 0
1725012939559 0.8027613162994385 0
1725012939608 0.8155818581581116 0
1725012939696 0.8136094808578491 0
1725012939787 0.8254438042640686 0
1725012939864 0.8737672567367554 0
1725012940038 0.8856015801429749 0
1725012940215 0.9092702269554138 0
1725012940303 0.9457593560218811 0
1725012940356 0.9980276226997375 0
1725012940460 1.0049309730529785 0
1725012940522 1.0167652368545532 0
1725012940568 1.0739644765853882 0
