1702635356898 0.7961264252662659 0
1702635357235 0.7920489311218262 0
1702635357609 0.8002038598060608 0
1702635357941 0.7920489311218262 0
1702635358271 0.785932719707489 0
1702635358643 0.7981651425361633 0
1702635358863 0.8002038598060608 0
1702635358905 0.8185524940490723 0
1702635358946 0.8236493468284607 0
1702635358986 0.8277267813682556 0
1702635359026 0.822629988193512 0
1702635359072 0.8389398455619812 0
1702635359133 0.8318042755126953 0
1702635359176 0.8267074227333069 0
1702635359422 0.8277267813682556 0
1702635359629 0.8083587884902954 0
1702635359670 0.8205912113189697 0
1702635359708 0.8185524940490723 0
1702635359871 0.8154944181442261 0
1702635360159 0.819571852684021 0
1702635360364 0.8216106295585632 0
1702635360570 0.822629988193512 0
1702635360860 0.822629988193512 0
1702635361234 0.8216106295585632 0
1702635361608 0.8287461996078491 0
1702635362027 0.8297655582427979 0
1702635362369 0.8542304039001465 0
1702635362791 0.8756371140480042 0
1702635363162 0.8817533254623413 0
1702635363492 0.9143730998039246 0
1702635363652 0.9317023158073425 0
1702635363905 0.9245667457580566 0
1702635364200 0.9184505343437195 0
1702635364446 0.9143730998039246 0
1702635364563 0.936799168586731 0
1702635364727 0.9347604513168335 0
1702635364878 0.9286442399024963 0
1702635365095 0.9317023158073425 0
1702635365343 0.9357798099517822 0
1702635365549 0.9480122327804565 0
1702635365919 0.9734964370727539 0
1702635366203 0.9816513657569885 0
1702635366532 0.9734964370727539 0
1702635366863 0.9755351543426514 0
1702635367194 0.983690083026886 0
1702635367521 0.9826707243919373 0
1702635367848 0.9816513657569885 0
1702635368003 0.9898062944412231 0
