1687515306513 0.6877078115940094 0
1687515306545 0.6848961338400841 0
1687515306576 0.6819726675748825 0
1687515306607 0.6787527352571487 0
1687515306638 0.6750912368297577 0
1687515306670 0.6708175092935562 0
1687515306702 0.6654267236590385 0
1687515306734 0.6586587876081467 0
1687515306765 0.6501903608441353 0
1687515306796 0.6396036669611931 0
1687515306826 0.6263893991708755 0
1687515306857 0.6105315536260605 0
1687515306888 0.5918517708778381 0
1687515306918 0.5712657496333122 0
1687515306948 0.5484080091118813 0
1687515306979 0.5247926861047745 0
1687515307009 0.5019133947789669 0
1687515307040 0.4801623933017254 0
1687515307074 0.4612875059247017 0
1687515307105 0.44517888501286507 0
1687515307137 0.4320952408015728 0
1687515307169 0.42226145789027214 0
1687515307202 0.4149821288883686 0
1687515307234 0.40969114378094673 0
1687515307267 0.4056400656700134 0
1687515307299 0.4031200297176838 0
1687515307331 0.400761965662241 0
1687515307364 0.39904290065169334 0
1687515307397 0.39781443402171135 0
1687515307430 0.3965788148343563 0
1687515307462 0.3957894779741764 0
1687515307497 0.3948766961693764 0
1687515307532 0.3942157216370106 0
1687515307568 0.39380550011992455 0
1687515307600 0.39342348650097847 0
1687515307631 0.39313575625419617 0
1687515307665 0.39279672503471375 0
1687515307698 0.3925275392830372 0
1687515307731 0.39253390952944756 0
1687515307762 0.3923083283007145 0
1687515307793 0.39218152314424515 0
1687515307824 0.39206039905548096 0
1687515307855 0.39197060838341713 0
1687515307887 0.3917834423482418 0
1687515307924 0.3918347470462322 0
1687515307956 0.39172297343611717 0
1687515307987 0.3917735479772091 0
1687515308019 0.39164386689662933 0
1687515308052 0.3916538171470165 0
1687515308083 0.3915543742477894 0
1687515308114 0.39148522168397903 0
1687515308145 0.3913576304912567 0
1687515308175 0.39139727130532265 0
1687515308206 0.3913315162062645 0
1687515308236 0.39134659245610237 0
