1727432151653 0.8082596063613892 0
1727432151703 0.8298918604850769 0
1727432151755 0.8249754309654236 0
1727432151816 0.7826942205429077 0
1727432151878 0.778761088848114 0
1727432151942 0.7836774587631226 0
1727432151999 0.7915437817573547 0
1727432152058 0.7826942205429077 0
1727432152112 0.8298918604850769 0
1727432152172 0.9016715884208679 0
1727432152232 0.8908554315567017 0
1727432152289 0.945919394493103 0
1727432152354 0.9341199398040771 0
1727432152429 0.9734513163566589 0
1727432152492 0.9921337366104126 0
