1697191984801 0.6941456571221352 0
1697191984839 0.6850369572639465 0
1697191984872 0.67013780772686 0
1697191984902 0.6446433179080486 0
1697191984933 0.6062784567475319 0
1697191984963 0.556284885853529 0
1697191985052 0.5028300564736128 0
1697191985109 0.45653525553643703 0
1697191985139 0.42626400850713253 0
1697191985169 0.410649124532938 0
1697191985200 0.4031530227512121 0
1697191985230 0.39906986989080906 0
1697191985259 0.39640788175165653 0
1697191985289 0.39455186389386654 0
1697191985321 0.39348392374813557 0
1697191985353 0.392777431756258 0
1697191985383 0.39246031641960144 0
1697191985415 0.3921356089413166 0
1697191985445 0.3918535653501749 0
1697191985482 0.39172981120646 0
1697191985580 0.3914572633802891 0
1697191985620 0.3914008755236864 0
1697191985652 0.39117604307830334 0
1697191985681 0.3912327457219362 0
1697191985710 0.39102022163569927 0
1697191985740 0.39084962010383606 0
1697191985769 0.3907864987850189 0
