1706263968248 0.6999913826584816 0
1706263968281 0.6942064017057419 0
1706263968313 0.6878078058362007 0
1706263968346 0.6793393790721893 0
1706263968378 0.6672594919800758 0
1706263968412 0.6503269001841545 0
1706263968444 0.6275162994861603 0
1706263968479 0.597547210752964 0
1706263968512 0.559212788939476 0
1706263968545 0.5153010673820972 0
1706263968578 0.47221413627266884 0
1706263968611 0.438174806535244 0
1706263968644 0.41712262853980064 0
1706263968678 0.4069085270166397 0
1706263968711 0.40221982449293137 0
1706263968744 0.39885448291897774 0
1706263968776 0.39629215747117996 0
1706263968811 0.3946554474532604 0
1706263968844 0.3935931958258152 0
1706263968877 0.39301038905978203 0
1706263968909 0.39251864328980446 0
1706263968941 0.39228609949350357 0
1706263968975 0.39210402965545654 0
1706263969008 0.39199283346533775 0
1706263969041 0.39183908700942993 0
1706263969074 0.39175480976700783 0
1706263969108 0.3916671350598335 0
1706263969140 0.3916066288948059 0
1706263969173 0.39154743030667305 0
1706263969206 0.39149409532546997 0
1706263969238 0.3913968503475189 0
1706263969272 0.39130060002207756 0
