1729851340108 0.8011752963066101 0
1729851340221 0.8021547794342041 0
1729851340293 0.806072473526001 0
1729851340367 0.8922624588012695 0
1729851340566 0.9647404551506042 0
1729851340625 1.0137120485305786 0
1729851340684 1.0342800617218018 0
1729851340811 1.0940254926681519 0
1729851340868 1.1821743249893188 0
1729851340926 1.1821743249893188 0
1729851340984 1.2272281646728516 0
1729851341040 1.3134182691574097 0
1729851341098 1.350636601448059 0
1729851341156 1.4397649765014648 0
1729851341211 1.4436826705932617 0
1729851341268 1.5249755382537842 0
1729851341325 1.6180214881896973 0
1729851341382 1.6092066764831543 0
