1715940788373 0.7609999775886536 0
1715940788405 0.7699999809265137 0
1715940788437 0.7620000243186951 0
1715940788469 0.7670000195503235 0
1715940788501 0.7770000100135803 0
1715940788533 0.7789999842643738 0
1715940788565 0.7919999957084656 0
1715940788597 0.7860000133514404 0
1715940788631 0.7940000295639038 0
1715940788664 0.8050000071525574 0
1715940788700 0.8190000057220459 0
1715940788732 0.8510000109672546 0
1715940788764 0.8769999742507935 0
1715940788797 0.9169999957084656 0
1715940788829 0.9259999990463257 0
1715940788861 0.953000009059906 0
1715940788892 0.9340000152587891 0
1715940788924 0.9319999814033508 0
1715940788957 0.9509999752044678 0
1715940788989 0.9679999947547913 0
1715940789021 0.9440000057220459 0
1715940789053 0.9610000252723694 0
1715940789085 0.9649999737739563 0
1715940789117 0.9869999885559082 0
1715940789148 0.9950000047683716 0
1715940789180 0.9990000128746033 0
1715940789212 1.003999948501587 0
1715940789244 1.0140000581741333 0
1715940789276 1.0140000581741333 0
1715940789308 0.9940000176429749 0
1715940789339 1.0119999647140503 0
1715940789371 1.0230000019073486 0
