1715940788366 0.6890845969319344 0
1715940788398 0.6795641742646694 0
1715940788430 0.6615762859582901 0
1715940788462 0.6241349019110203 0
1715940788494 0.5594896897673607 0
1715940788526 0.4819960743188858 0
1715940788558 0.4272835776209831 0
1715940788590 0.40723119862377644 0
1715940788624 0.3998851403594017 0
1715940788657 0.39583322033286095 0
1715940788693 0.393896097317338 0
1715940788725 0.3929813355207443 0
1715940788757 0.39260392636060715 0
1715940788790 0.3923845626413822 0
1715940788822 0.3921986911445856 0
1715940788854 0.3921425621956587 0
1715940788885 0.39206581376492977 0
1715940788917 0.3920806050300598 0
1715940788950 0.39193366654217243 0
1715940788983 0.3918605390936136 0
1715940789014 0.3918091915547848 0
1715940789046 0.3917401544749737 0
1715940789078 0.39162134006619453 0
1715940789110 0.3915839586406946 0
1715940789142 0.3915234673768282 0
1715940789173 0.39148223400115967 0
1715940789205 0.39136631414294243 0
1715940789237 0.3912895657122135 0
1715940789269 0.3912138007581234 0
1715940789300 0.39113686978816986 0
1715940789332 0.39108929969370365 0
1715940789364 0.39097935520112514 0
