1688120046822 0.6923786520957946 0
1688120046863 0.6835378646850586 0
1688120046929 0.6717448393503825 0
1688120046969 0.6482707420984904 0
1688120047038 0.6033218185106913 0
1688120047123 0.5323820968468984 0
1688120047212 0.4600496788819631 0
1688120047267 0.4216778477032979 0
1688120047321 0.40651007294654845 0
1688120047381 0.39846981565157574 0
1688120047433 0.39486284653345743 0
1688120047487 0.3932419836521149 0
1688120047540 0.39246166944503785 0
1688120047582 0.39204239249229433 0
1688120047637 0.3918257216612498 0
1688120047685 0.39162715872128806 0
1688120047741 0.39145185351371764 0
1688120047798 0.39128976265589394 0
1688120047848 0.39111462434132893 0
1688120047902 0.3909490625063578 0
1688120047946 0.3908249318599701 0
1688120047993 0.39060114820798236 0
