1731060881908 0.7810361385345459 0
1731060881961 0.7898338437080383 0
1731060882014 0.769305944442749 0
1731060882066 0.7634408473968506 0
1731060882119 0.7614858150482178 0
1731060882170 0.7556207180023193 0
1731060882228 0.7927663922309875 0
1731060882285 0.8269794583320618 0
1731060882338 0.8504399061203003 0
1731060882391 0.900293231010437 0
1731060882442 0.9824047088623047 0
1731060882494 0.9990224838256836 0
1731060882544 1.0175952911376953 0
1731060882593 1.041055679321289 0
1731060882642 1.0606060028076172 0
1731060882691 1.0547409057617188 0
1731060882740 1.1153470277786255 0
1731060882789 1.1192570924758911 0
1731060882837 1.140762448310852 0
1731060882888 1.172042965888977 0
1731060882937 1.1593352556228638 0
1731060882987 1.2121212482452393 0
1731060883036 1.230694055557251 0
1731060883087 1.27174973487854 0
1731060883136 1.2805473804473877 0
1731060883186 1.325513243675232 0
