1726222551195 0.6890389248728752 0
1726222551227 0.6783826649188995 0
1726222551260 0.6633717268705368 0
1726222551292 0.6404238864779472 0
1726222551495 0.6071904897689819 0
1726222551571 0.5635150596499443 0
1726222551609 0.5147593505680561 0
1726222551643 0.4715334475040436 0
1726222551676 0.4422289840877056 0
1726222551735 0.4251701422035694 0
1726222551806 0.4133065268397331 0
1726222551840 0.4042816162109375 0
1726222551873 0.3985511548817158 0
1726222551906 0.3953140415251255 0
1726222551938 0.39367931708693504 0
1726222551981 0.3927641026675701 0
1726222552015 0.39226726815104485 0
1726222552048 0.3919786065816879 0
1726222552081 0.3917502388358116 0
1726222552113 0.3915697671473026 0
1726222552145 0.39142362400889397 0
1726222552176 0.39128005877137184 0
1726222552208 0.39114533364772797 0
1726222552237 0.3910283111035824 0
1726222552268 0.3908933065831661 0
1726222552298 0.39078107103705406 0
1726222552327 0.39064184576272964 0
1726222552358 0.39050720259547234 0
1726222552387 0.3903762437403202 0
