1721988836250 0.7621407508850098 0
1721988836292 0.7700693607330322 0
1721988836336 0.7611496448516846 0
1721988836376 0.7720515131950378 0
1721988836414 0.7789890766143799 0
1721988836453 0.773042619228363 0
1721988836571 0.7829534411430359 0
1721988836688 0.7869177460670471 0
1721988836742 0.7839444875717163 0
1721988836779 0.7770069241523743 0
1721988836814 0.7740337252616882 0
1721988836854 0.7750247716903687 0
1721988836897 0.7779980301856995 0
1721988836934 0.7819623351097107 0
1721988836971 0.7869177460670471 0
1721988837007 0.799801766872406 0
1721988837042 0.8116947412490845 0
1721988837079 0.8384538888931274 0
1721988837120 0.857284426689148 0
1721988837159 0.8553022742271423 0
1721988837197 0.871159553527832 0
1721988837253 0.9038652181625366 0
1721988837355 0.9217046499252319 0
1721988837392 0.9534192085266113 0
1721988837429 0.9811694622039795 0
1721988837465 0.9841427206993103 0
1721988837501 1.0128840208053589 0
1721988837538 1.013875126838684 0
1721988837575 1.0307234525680542 0
1721988837655 1.0525273084640503 0
