1721988836240 0.6949004828929901 0
1721988836283 0.6894631832838058 0
1721988836327 0.6830612644553185 0
1721988836367 0.6741390898823738 0
1721988836404 0.6609495803713799 0
1721988836443 0.6415941491723061 0
1721988836560 0.614587590098381 0
1721988836678 0.5793814137578011 0
1721988836732 0.537459596991539 0
1721988836770 0.4938020184636116 0
1721988836806 0.45594851672649384 0
1721988836843 0.42979763448238373 0
1721988836888 0.4156089015305042 0
1721988836925 0.4080379903316498 0
1721988836963 0.4029519595205784 0
1721988836998 0.3992450311779976 0
1721988837033 0.3966093175113201 0
1721988837071 0.3949666805565357 0
1721988837110 0.3938838355243206 0
1721988837150 0.39313776418566704 0
1721988837188 0.39266815036535263 0
1721988837241 0.39232421293854713 0
1721988837346 0.3920748345553875 0
1721988837383 0.3919033668935299 0
1721988837420 0.3917461410164833 0
1721988837456 0.39164095371961594 0
1721988837492 0.3915116786956787 0
1721988837529 0.3914170451462269 0
1721988837566 0.3913206644356251 0
1721988837644 0.3912375941872597 0
