1723803242231 0.6885313168168068 0
1723803242281 0.6747550964355469 0
1723803242335 0.6518799439072609 0
1723803242411 0.610824428498745 0
1723803242493 0.5448388457298279 0
1723803242656 0.4640921540558338 0
1723803242768 0.4085025489330292 0
1723803242826 0.4002372771501541 0
1723803242890 0.3984610214829445 0
1723803242944 0.39325667172670364 0
1723803242998 0.3926863521337509 0
1723803243139 0.39260581880807877 0
1723803243266 0.39214248582720757 0
1723803243323 0.39199676364660263 0
1723803243374 0.39188670367002487 0
