1700215958892 0.6823623701930046 0
1700215958921 0.6576951220631599 0
1700215958949 0.609711192548275 0
1700215958976 0.5224829912185669 0
1700215959004 0.42619364336133003 0
1700215959031 0.40262114256620407 0
1700215959058 0.4019004888832569 0
1700215959085 0.3931349664926529 0
1700215959114 0.39377087354660034 0
1700215959142 0.392619751393795 0
1700215959169 0.39219846948981285 0
1700215959197 0.3920060098171234 0
1700215959224 0.39173005893826485 0
1700215959252 0.3915833495557308 0
1700215959280 0.391404926776886 0
1700215959307 0.39123471453785896 0
1700215959334 0.39110227674245834 0
1700215959362 0.390885628759861 0
1700215959397 0.3907198943197727 0
1700215959429 0.39058397337794304 0
1700215959459 0.3903745859861374 0
1700215959489 0.3901549316942692 0
1700215959519 0.3900076895952225 0
1700215959547 0.3898237943649292 0
1700215959575 0.38953568786382675 0
1700215959602 0.3893884904682636 0
1700215959628 0.3891000524163246 0
1700215959657 0.38885217905044556 0
1700215959685 0.3885706216096878 0
