1680948431408 0.8438818454742432 0
1680948431436 0.8217299580574036 0
1680948431462 0.8227847814559937 0
1680948431489 0.804852306842804 0
1680948431517 0.8080168962478638 0
1680948431544 0.797468364238739 0
1680948431569 0.802742600440979 0
1680948431594 0.797468364238739 0
1680948431621 0.8059071898460388 0
1680948431648 0.8111814260482788 0
1680948431675 0.8122363090515137 0
1680948431702 0.8111814260482788 0
1680948431729 0.8016877770423889 0
1680948431757 0.8037974834442139 0
1680948431783 0.8090717196464539 0
1680948431810 0.8059071898460388 0
1680948431837 0.8037974834442139 0
1680948431862 0.8175105452537537 0
1680948431888 0.8185654282569885 0
1680948431916 0.8175105452537537 0
1680948431942 0.8185654282569885 0
1680948431970 0.8196202516555786 0
1680948431996 0.8206751346588135 0
1680948432022 0.8206751346588135 0
1680948432048 0.8312236070632935 0
1680948432074 0.852320671081543 0
1680948432100 0.8628692030906677 0
1680948432127 0.8871307969093323 0
1680948432152 0.9166666865348816 0
1680948432179 0.9303797483444214 0
1680948432207 0.9567510485649109 0
1680948432233 0.9852320551872253 0
1680948432259 1.0126582384109497 0
1680948432285 1.0390294790267944 0
1680948432312 1.0654008388519287 0
1680948432343 1.0938818454742432 0
1680948432369 1.1139240264892578 0
1680948432394 1.1234177350997925 0
1680948432419 1.1318565607070923 0
