1680948431404 0.6841998100280762 0
1680948431432 0.6790485605597496 0
1680948431459 0.6721520647406578 0
1680948431486 0.662068285048008 0
1680948431514 0.6483878195285797 0
1680948431540 0.6301553398370743 0
1680948431566 0.6061280220746994 0
1680948431591 0.5779801309108734 0
1680948431617 0.5455249547958374 0
1680948431645 0.5125822797417641 0
1680948431671 0.4807850420475006 0
1680948431698 0.45501161366701126 0
1680948431726 0.4356129951775074 0
1680948431753 0.4224027134478092 0
1680948431780 0.4137415401637554 0
1680948431806 0.4081084281206131 0
1680948431833 0.40378161147236824 0
1680948431859 0.40099964663386345 0
1680948431885 0.3989645056426525 0
1680948431912 0.3971637636423111 0
1680948431939 0.39570773392915726 0
1680948431967 0.3947790563106537 0
1680948431993 0.3940619267523289 0
1680948432019 0.3935747556388378 0
1680948432045 0.39310482144355774 0
1680948432071 0.3927534148097038 0
1680948432097 0.39242424443364143 0
1680948432123 0.39222072064876556 0
1680948432149 0.3919110931456089 0
1680948432176 0.39185599610209465 0
1680948432203 0.3916401006281376 0
1680948432229 0.39150095731019974 0
1680948432256 0.3914177604019642 0
1680948432282 0.39132998138666153 0
1680948432308 0.3911850079894066 0
1680948432340 0.3910195082426071 0
1680948432365 0.39096295461058617 0
1680948432391 0.3907409869134426 0
1680948432416 0.3907868564128876 0
