1725012925157 0.6967337653040886 0
1725012925197 0.6822763867676258 0
1725012925239 0.6511487327516079 0
1725012925277 0.5879879854619503 0
1725012925324 0.4999267738312483 0
1725012925378 0.43207997269928455 0
1725012925422 0.406551506370306 0
1725012925464 0.39738025330007076 0
1725012925503 0.39371107518672943 0
1725012925549 0.39249034598469734 0
1725012925592 0.39201975613832474 0
1725012925630 0.3917459771037102 0
1725012925669 0.39155421033501625 0
1725012925708 0.391409307718277 0
1725012925749 0.3912053182721138 0
1725012925791 0.39105791226029396 0
