1696587192685 0.7685185074806213 0
1696587192738 0.7705761194229126 0
1696587192780 0.7726337313652039 0
1696587192835 0.7757201790809631 0
1696587192894 0.7746913433074951 0
1696587192955 0.7592592835426331 0
1696587193097 0.7551440596580505 0
1696587193158 0.7644032835960388 0
1696587193212 0.7685185074806213 0
1696587193265 0.7829217910766602 0
1696587193317 0.7788065671920776 0
1696587193372 0.7798354029655457 0
1696587193432 0.7767489552497864 0
1696587193483 0.7767489552497864 0
1696587193536 0.7777777910232544 0
1696587193585 0.7726337313652039 0
1696587193708 0.7736625671386719 0
1696587193768 0.7788065671920776 0
1696587193822 0.7818930149078369 0
1696587193876 0.7849794030189514 0
1696587193934 0.7798354029655457 0
1696587193988 0.7818930149078369 0
1696587194027 0.7829217910766602 0
1696587194064 0.7818930149078369 0
1696587194107 0.7890946269035339 0
1696587194148 0.790123462677002 0
1696587194185 0.7849794030189514 0
1696587194225 0.7839506268501282 0
1696587194265 0.7890946269035339 0
1696587194302 0.790123462677002 0
1696587194337 0.7942386865615845 0
1696587194372 0.7880658507347107 0
1696587194411 0.7870370149612427 0
1696587194446 0.7849794030189514 0
1696587194481 0.7890946269035339 0
1696587194521 0.7921810746192932 0
1696587194562 0.8045267462730408 0
1696587194599 0.8137860298156738 0
1696587194638 0.8405349850654602 0
1696587194672 0.8436213731765747 0
1696587194709 0.8724279999732971 0
1696587194746 0.8765432238578796 0
1696587194783 0.8827160596847534 0
1696587194821 0.8878600597381592 0
1696587194856 0.9022634029388428 0
1696587194890 0.904321014881134 0
1696587194929 0.9135802388191223 0
1696587194966 0.9228395223617554 0
1696587195000 0.943415641784668 0
