1703844742456 0.8615071177482605 0
1703844742494 0.8279022574424744 0
1703844742534 0.8167006373405457 0
1703844742571 0.8686354160308838 0
1703844742608 0.9266802668571472 0
1703844742649 0.9358451962471008 0
1703844742724 0.9246435761451721 0
1703844742768 0.9694501161575317 0
1703844742804 0.9908350110054016 0
1703844742841 1.0376782417297363 0
1703844742878 1.0295315980911255 0
1703844742916 1.105906367301941 0
1703844742960 1.1099796295166016 0
1703844742998 1.1283096075057983 0
1703844743036 1.1945010423660278 0
1703844743074 1.2087576389312744 0
1703844743114 1.2403258085250854 0
1703844743152 1.352342128753662 0
1703844743281 1.3391038179397583 0
1703844743450 1.4154785871505737 0
