1686305756201 0.7615062594413757 0
1686305756241 0.8023012280464172 0
1686305756278 0.8043932914733887 0
1686305756316 0.8023012280464172 0
1686305756353 0.8043932914733887 0
1686305756390 0.819037675857544 0
1686305756428 0.8148535490036011 0
1686305756465 0.8200836777687073 0
1686305756503 0.8263598084449768 0
1686305756601 0.8294979333877563 0
1686305756656 0.8472803235054016 0
1686305756697 0.8682008385658264 0
1686305756736 0.9069037437438965 0
1686305756783 0.918410062789917 0
1686305756825 0.9382845163345337 0
1686305756981 0.9790794849395752 0
1686305757039 1.0115063190460205 0
1686305757099 1.012552261352539 0
1686305757143 1.0334727764129639 0
1686305757180 1.047071099281311 0
1686305757218 1.0585774183273315 0
1686305757256 1.0658996105194092 0
1686305757293 1.0847280025482178 0
1686305757329 1.0941423177719116 0
1686305757367 1.0930962562561035 0
1686305757404 1.1401673555374146 0
1686305757491 1.116108775138855 0
1686305757576 1.1098326444625854 0
1686305757663 1.1589958667755127 0
1686305757730 1.1788703203201294 0
1686305757863 1.197698712348938 0
1686305757957 1.1788703203201294 0
1686305758009 1.2259414196014404 0
