1725617706736 0.6935342065989971 0
1725617706773 0.6862065233290195 0
1725617706810 0.6759343482553959 0
1725617706851 0.6557030752301216 0
1725617706889 0.6191735342144966 0
1725617706925 0.5631260722875595 0
1725617706962 0.4953922387212515 0
1725617706999 0.44037983007729053 0
1725617707036 0.413175905123353 0
1725617707073 0.4027571175247431 0
1725617707111 0.39731500670313835 0
1725617707153 0.39460892975330353 0
1725617707191 0.39331083185970783 0
1725617707228 0.3926181998103857 0
1725617707269 0.39225555397570133 0
1725617707305 0.3920073099434376 0
1725617707343 0.3918204475194216 0
1725617707379 0.39168488420546055 0
1725617707415 0.3915493432432413 0
1725617707452 0.3914373405277729 0
1725617707488 0.391300480812788 0
