1706868810754 0.7912867069244385 0
1706868810816 0.7943262457847595 0
1706868810858 0.8014184236526489 0
1706868810904 0.8166159987449646 0
1706868810945 0.80445796251297 0
1706868810987 0.8105369806289673 0
1706868811030 0.8226950168609619 0
1706868811133 0.8166159987449646 0
1706868811247 0.80445796251297 0
1706868811316 0.8004052639007568 0
1706868811362 0.8034448027610779 0
1706868811415 0.8054711222648621 0
1706868811462 0.80445796251297 0
1706868811522 0.8156028389930725 0
1706868811584 0.802431583404541 0
1706868811634 0.8156028389930725 0
1706868811758 0.8054711222648621 0
1706868811917 0.8034448027610779 0
1706868811958 0.8034448027610779 0
1706868811999 0.7983789443969727 0
1706868812052 0.7973657250404358 0
1706868812095 0.8105369806289673 0
1706868812148 0.8166159987449646 0
1706868812193 0.8287740349769592 0
1706868812238 0.8399189710617065 0
1706868812290 0.847011148929596 0
1706868812339 0.8551164865493774 0
1706868812381 0.8591691851615906 0
1706868812424 0.8784194588661194 0
1706868812556 0.8824721574783325 0
1706868812608 0.8895643353462219 0
1706868812660 0.9047619104385376 0
1706868812715 0.9209726452827454 0
1706868812758 0.9088146090507507 0
1706868812803 0.9037487506866455 0
1706868812841 0.9108409285545349 0
1706868812879 0.9179331064224243 0
1706868812920 0.9270516633987427 0
1706868812964 0.9240121841430664 0
1706868813010 0.9240121841430664 0
1706868813059 0.9300912022590637 0
1706868813111 0.9402229189872742 0
1706868813162 0.93313068151474 0
1706868813301 0.9412360787391663 0
1706868813340 0.9493414163589478 0
1706868813381 0.9554204940795898 0
