1695982373770 0.7007946036756039 0
1695982373812 0.6805993318557739 0
1695982373852 0.6392700634896755 0
1695982373893 0.5618280954658985 0
1695982373934 0.4673052616417408 0
1695982373989 0.41678227111697197 0
1695982374071 0.40157616697251797 0
1695982374136 0.39523802511394024 0
1695982374189 0.3933163434267044 0
1695982374243 0.39205908589065075 0
1695982374345 0.39158851467072964 0
1695982374390 0.3913326635956764 0
1695982374430 0.3912557438015938 0
1695982374470 0.3909280598163605 0
1695982374509 0.3905634321272373 0
1695982374601 0.39061275124549866 0
1695982374679 0.3901339266449213 0
1695982374761 0.38989043422043324 0
1695982374876 0.3896360229700804 0
1695982374916 0.38930244371294975 0
1695982374959 0.3888944033533335 0
1695982375035 0.3884234055876732 0
1695982375099 0.38817367888987064 0
1695982375162 0.38780167512595654 0
1695982375230 0.3873776774853468 0
1695982375305 0.3869426939636469 0
1695982375353 0.3865338657051325 0
