1695982373776 0.8074150085449219 0
1695982373817 0.8218331336975098 0
1695982373858 0.8032955527305603 0
1695982373898 0.7981462478637695 0
1695982373940 0.8043254613876343 0
1695982374003 0.8228630423545837 0
1695982374078 0.8115345239639282 0
1695982374144 0.870236873626709 0
1695982374200 0.9114314913749695 0
1695982374249 0.9299691319465637 0
1695982374355 0.970133900642395 0
1695982374395 0.9969103932380676 0
1695982374435 1.0442842245101929 0
1695982374475 1.0875385999679565 0
1695982374515 1.152420163154602 0
1695982374606 1.1101956367492676 0
1695982374685 1.1874356269836426 0
1695982374766 1.1977342367172241 0
1695982374881 1.1905251741409302 0
1695982374921 1.306900143623352 0
1695982374965 1.3027806282043457 0
1695982375041 1.3480947017669678 0
1695982375105 1.32131826877594 0
1695982375173 1.3305870294570923 0
1695982375238 1.3759011030197144 0
1695982375311 1.4160659313201904 0
1695982375358 1.4222451448440552 0
