1682676781080 0.8107255697250366 0
1682676781117 0.8086224794387817 0
1682676781153 0.8138801455497742 0
1682676781189 0.8044164180755615 0
1682676781225 0.8002102971076965 0
1682676781260 0.8023133277893066 0
1682676781296 0.8033648729324341 0
1682676781332 0.8023133277893066 0
1682676781368 0.8107255697250366 0
1682676781404 0.8296530246734619 0
1682676781439 0.8717139959335327 0
1682676781475 0.886435329914093 0
1682676781511 0.9053627848625183 0
1682676781547 0.9011566638946533 0
1682676781584 0.9137749671936035 0
1682676781620 0.9369085431098938 0
1682676781655 0.995793879032135 0
1682676781691 1.014721393585205 0
1682676781727 1.030494213104248 0
1682676781762 1.0536277294158936 0
1682676781798 1.069400668144226 0
1682676781833 1.1188223361968994 0
1682676781868 1.1051524877548218 0
1682676781905 1.1451103687286377 0
1682676781939 1.1692954301834106 0
1682676781975 1.2103049755096436 0
