1680948418506 0.8069620132446289 0
1680948418537 0.7953586578369141 0
1680948418567 0.7763713002204895 0
1680948418596 0.7753164768218994 0
1680948418626 0.7869198322296143 0
1680948418655 0.7921940684318542 0
1680948418685 0.7932489514350891 0
1680948418714 0.8090717196464539 0
1680948418744 0.844936728477478 0
1680948418774 0.8670886158943176 0
1680948418805 0.8955696225166321 0
1680948418836 0.950421929359436 0
1680948418866 0.9810126423835754 0
1680948418896 0.9662446975708008 0
1680948418925 0.9831223487854004 0
1680948418954 1.0263713598251343 0
1680948418984 1.0443037748336792 0
1680948419014 1.0791139602661133 0
1680948419044 1.1033755540847778 0
1680948419073 1.1265822649002075 0
