1680948418502 0.6797504350543022 0
1680948418534 0.6681646034121513 0
1680948418564 0.6485582813620567 0
1680948418593 0.6131947189569473 0
1680948418622 0.5580038875341415 0
1680948418652 0.4869944080710411 0
1680948418681 0.4286971352994442 0
1680948418711 0.4070280082523823 0
1680948418741 0.4019700102508068 0
1680948418771 0.3954286724328995 0
1680948418801 0.3929370827972889 0
1680948418833 0.39236919581890106 0
1680948418863 0.3919149227440357 0
1680948418893 0.391694575548172 0
1680948418922 0.39154649153351784 0
1680948418951 0.39129548519849777 0
1680948418981 0.39119334518909454 0
1680948419011 0.39089788123965263 0
1680948419041 0.3906848803162575 0
1680948419070 0.39050643891096115 0
