1714731260504 0.6862835735082626 0
1714731260554 0.6760756000876427 0
1714731260600 0.6631112620234489 0
1714731260646 0.6443382129073143 0
1714731260694 0.6162864938378334 0
1714731260742 0.5756722465157509 0
1714731260792 0.5227518975734711 0
1714731260841 0.46538809314370155 0
1714731260888 0.4202319569885731 0
1714731260937 0.3999750576913357 0
1714731260983 0.3969590328633785 0
1714731261028 0.3956688530743122 0
1714731261077 0.3934476412832737 0
1714731261124 0.39248162508010864 0
1714731261170 0.39238062873482704 0
1714731261217 0.3922381065785885 0
1714731261263 0.39209558442234993 0
1714731261308 0.39199330285191536 0
