1706263960747 0.8184584379196167 0
1706263960792 0.8032454252243042 0
1706263960838 0.8113590478897095 0
1706263960884 0.7890466451644897 0
1706263960929 0.7768762707710266 0
1706263960974 0.7880324721336365 0
1706263961019 0.8032454252243042 0
1706263961064 0.81947261095047 0
1706263961109 0.8580121994018555 0
1706263961153 0.8864097595214844 0
1706263961199 0.9056795239448547 0
1706263961244 0.8853955268859863 0
1706263961290 0.9046652913093567 0
1706263961336 0.9097363352775574 0
1706263961380 0.936105489730835 0
1706263961459 0.9249492883682251 0
1706263961507 0.931034505367279 0
1706263961553 0.9472616910934448 0
1706263961598 0.970588207244873 0
1706263961643 1.0060851573944092 0
1706263961690 1.0131845474243164 0
1706263961736 1.0273833274841309 0
1706263961780 1.018255591392517 0
