1706263960740 0.6892152801156044 0
1706263960786 0.6719892807304859 0
1706263960831 0.6346520185470581 0
1706263960877 0.558379054069519 0
1706263960922 0.45849629677832127 0
1706263960967 0.40644092857837677 0
1706263961012 0.3980617821216583 0
1706263961057 0.3945235572755337 0
1706263961102 0.39330741204321384 0
1706263961147 0.392795005813241 0
1706263961192 0.3925660811364651 0
1706263961237 0.39240921288728714 0
1706263961283 0.39227146841585636 0
1706263961329 0.39228248596191406 0
1706263961373 0.3920374270528555 0
1706263961426 0.39203367196023464 0
1706263961500 0.3919113948941231 0
1706263961546 0.3917763289064169 0
1706263961591 0.39169061928987503 0
1706263961636 0.3915214892476797 0
1706263961683 0.391445929184556 0
1706263961729 0.3912516385316849 0
1706263961773 0.3912432622164488 0
