1707473655935 0.7935222387313843 0
1707473656056 0.7844129800796509 0
1707473656110 0.7844129800796509 0
1707473656215 0.8006072640419006 0
1707473656280 0.807692289352417 0
1707473656321 0.8066801428794861 0
1707473656360 0.8066801428794861 0
1707473656400 0.8056679964065552 0
1707473656437 0.8036437034606934 0
1707473656478 0.7884615659713745 0
1707473656514 0.7864372730255127 0
1707473656550 0.7793522477149963 0
1707473656585 0.7702429294586182 0
1707473656621 0.7692307829856873 0
1707473656657 0.7732793688774109 0
1707473656693 0.7753036618232727 0
1707473656730 0.7813765406608582 0
1707473656767 0.7874494194984436 0
1707473656803 0.8097165822982788 0
1707473656839 0.8036437034606934 0
1707473656876 0.8097165822982788 0
1707473656912 0.8329959511756897 0
1707473656947 0.8502024412155151 0
1707473656984 0.8744939565658569 0
1707473657020 0.887651801109314 0
1707473657055 0.8866396546363831 0
1707473657092 0.8967611193656921 0
1707473657128 0.9149797558784485 0
1707473657164 0.9240890741348267 0
1707473657200 0.9372469782829285 0
1707473657236 0.9504048824310303 0
1707473657271 0.9585019946098328 0
1707473657307 0.9554656147956848 0
1707473657343 0.9605262875556946 0
1707473657378 0.9574899077415466 0
1707473657413 0.9605262875556946 0
1707473657448 0.9706477522850037 0
1707473657484 0.9797570705413818 0
1707473657519 0.9716598987579346 0
1707473657554 0.9767206311225891 0
1707473657588 0.9848178029060364 0
1707473657623 0.9868420958518982 0
1707473657658 0.9797570705413818 0
1707473657692 0.9858299493789673 0
1707473657726 0.98886638879776 0
1707473657760 0.9929149746894836 0
1707473657795 0.9969635605812073 0
1707473657829 1.0050606727600098 0
1707473657864 1.0232793092727661 0
1707473657898 1.0182186365127563 0
1707473657932 1.0212550163269043 0
