1701425849838 0.8018386363983154 0
1701425849897 0.8161389231681824 0
1701425849953 0.8089887499809265 0
1701425850000 0.8079673051834106 0
1701425850045 0.8508682250976562 0
1701425850094 0.9009193181991577 0
1701425850145 0.9182839393615723 0
1701425850190 0.9407558441162109 0
1701425850233 0.9765066504478455 0
1701425850278 0.9632278084754944 0
1701425850321 1.0020428895950317 0
1701425850363 1.0091930627822876 0
1701425850406 1.0561797618865967 0
1701425850449 1.0572012662887573 0
1701425850493 1.0520939826965332 0
1701425850538 1.0888662338256836 0
1701425850582 1.1184883117675781 0
