1701425849831 0.6889794757289271 0
1701425849887 0.6428139767339153 0
1701425849947 0.49992217075440193 0
1701425849993 0.4064629202888858 0
1701425850039 0.3950255484350266 0
1701425850087 0.3930120631571739 0
1701425850139 0.3925254816009152 0
1701425850184 0.39224891220369645 0
1701425850227 0.3920298218727112 0
1701425850272 0.39188654672714973 0
1701425850314 0.3916926383972168 0
1701425850357 0.3915074371522473 0
1701425850400 0.39135807560336205 0
1701425850443 0.39117208411616666 0
1701425850487 0.3909386444476343 0
1701425850532 0.39068538815744464 0
1701425850576 0.3905742101130947 0
