1705054437835 0.827235758304596 0
1705054437880 0.8282520174980164 0
1705054437921 0.8343495726585388 0
1705054437962 0.8983739614486694 0
1705054438004 0.934959352016449 0
1705054438053 0.9664633870124817 0
1705054438096 1.0142276287078857 0
1705054438207 1.051829218864441 0
1705054438368 1.090447187423706 0
1705054438410 1.0752032995224 0
1705054438452 1.1656503677368164 0
1705054438564 1.2367886304855347 0
1705054438649 1.2032520771026611 0
1705054438715 1.3313008546829224 0
1705054438771 1.419715404510498 0
1705054438868 1.402438998222351 0
1705054438918 1.5142276287078857 0
1705054438984 1.6636178493499756 0
1705054439031 1.6341463327407837 0
1705054439075 1.6941057443618774 0
1705054439118 1.7997967004776 0
1705054439161 1.840447187423706 0
1705054439205 1.8516260385513306 0
1705054439251 1.9288617372512817 0
1705054439295 1.9766260385513306 0
1705054439338 2.045731782913208 0
1705054439380 2.0609755516052246 0
1705054439423 2.080284595489502 0
