1719569674498 0.6940513998270035 0
1719569674566 0.6773274838924408 0
1719569674635 0.648779846727848 0
1719569674699 0.5951198861002922 0
1719569674756 0.5092227607965469 0
1719569674815 0.424482099711895 0
1719569674873 0.40093834698200226 0
1719569674936 0.40220391005277634 0
1719569675000 0.394171342253685 0
1719569675063 0.39316627755761147 0
1719569675129 0.39301831275224686 0
1719569675201 0.39234840869903564 0
1719569675271 0.39225276932120323 0
1719569675337 0.39202023297548294 0
1719569675490 0.3918767608702183 0
1719569675559 0.3917476199567318 0
1719569675615 0.39159080758690834 0
1719569675678 0.3914441503584385 0
1719569675765 0.39131857082247734 0
1719569675879 0.39116649702191353 0
1719569675948 0.3910074718296528 0
1719569676077 0.3908882960677147 0
1719569676156 0.3907112590968609 0
1719569676228 0.39055242016911507 0
1719569676367 0.39038507267832756 0
1719569676438 0.3902239464223385 0
1719569676507 0.3900595009326935 0
1719569676568 0.389842014759779 0
1719569676696 0.3896863982081413 0
1719569676772 0.38946471735835075 0
1719569676832 0.3892836235463619 0
1719569677002 0.3890524283051491 0
