1717755225945 0.689998023211956 0
1717755225977 0.6866638734936714 0
1717755226007 0.6832818984985352 0
1717755226036 0.6797215864062309 0
1717755226066 0.6758701875805855 0
1717755226095 0.6714990139007568 0
1717755226125 0.6664239764213562 0
1717755226153 0.6603795886039734 0
1717755226181 0.652976468205452 0
1717755226209 0.6440041214227676 0
1717755226237 0.6328367814421654 0
1717755226267 0.6191714629530907 0
1717755226342 0.6029374524950981 0
1717755226380 0.5842676535248756 0
1717755226408 0.5634889677166939 0
1717755226436 0.5413647145032883 0
1717755226462 0.518643282353878 0
1717755226489 0.49636128172278404 0
1717755226516 0.4753047935664654 0
1717755226544 0.45668940618634224 0
1717755226573 0.44107943028211594 0
1717755226601 0.42854568734765053 0
1717755226629 0.41913340985774994 0
1717755226693 0.4123143404722214 0
1717755226724 0.407586432993412 0
1717755226756 0.4041784778237343 0
1717755226858 0.4017966464161873 0
1717755226892 0.39996184408664703 0
1717755226931 0.3985823877155781 0
1717755226962 0.397404570132494 0
1717755227061 0.3964874632656574 0
1717755227156 0.3957401439547539 0
1717755227237 0.39505839720368385 0
1717755227277 0.3945760577917099 0
1717755227306 0.394125122576952 0
1717755227336 0.3937804512679577 0
1717755227366 0.39352571591734886 0
1717755227396 0.3932598754763603 0
1717755227423 0.39306994527578354 0
1717755227451 0.3928995542228222 0
1717755227479 0.3927539139986038 0
1717755227510 0.39263368025422096 0
1717755227539 0.3925544507801533 0
1717755227567 0.39247071743011475 0
1717755227593 0.3923853971064091 0
1717755227620 0.39230214059352875 0
1717755227647 0.39226752519607544 0
