1697796769194 0.6854486811545587 0
1697796769235 0.6483431631518949 0
1697796769274 0.5562535505140981 0
1697796769313 0.4468652452191999 0
1697796769354 0.406507114248891 0
1697796769395 0.39718366822888773 0
1697796769436 0.3941066332401768 0
1697796769607 0.39293610665106005 0
1697796769647 0.39251368180398016 0
1697796769690 0.3921998729628901 0
1697796769744 0.3920459314700096 0
1697796769814 0.39189571142196655 0
1697796769989 0.3916898129447814 0
1697796770057 0.3915185486116717 0
1697796770115 0.391272142048805 0
1697796770168 0.39115827602724873 0
1697796770239 0.3909550693727309 0
1697796770285 0.3906298231694006 0
