1697796769200 0.7944501638412476 0
1697796769239 0.769784152507782 0
1697796769279 0.770811915397644 0
1697796769318 0.7821171879768372 0
1697796769359 0.780061662197113 0
1697796769400 0.8016443848609924 0
1697796769440 0.8386433720588684 0
1697796769612 0.8591983318328857 0
1697796769652 0.9146968126296997 0
1697796769695 0.9342240691184998 0
1697796769751 0.9516957998275757 0
1697796769821 0.9609455466270447 0
1697796769996 0.9845837354660034 0
1697796770065 0.9886947870254517 0
1697796770121 1.0051387548446655 0
1697796770174 1.0277491807937622 0
1697796770244 1.0832476615905762 0
1697796770290 1.076053500175476 0
