1718359997332 0.693607747554779 0
1718359997440 0.6891353204846382 0
1718359997501 0.6846464350819588 0
1718359997545 0.6793547123670578 0
1718359997706 0.6723354309797287 0
1718359997741 0.6622645854949951 0
1718359997777 0.6477523744106293 0
1718359997837 0.627574123442173 0
1718359997977 0.6010153964161873 0
1718359998066 0.5678237527608871 0
1718359998102 0.5294674262404442 0
1718359998138 0.48974256217479706 0
1718359998173 0.45371976122260094 0
1718359998209 0.4269143342971802 0
1718359998245 0.41112419217824936 0
1718359998281 0.4036397375166416 0
1718359998356 0.4000733308494091 0
1718359998479 0.3976414315402508 0
1718359998606 0.395740557461977 0
1718359998693 0.39437563717365265 0
1718359998730 0.3935456983745098 0
1718359998767 0.39301495626568794 0
1718359998802 0.3927020877599716 0
1718359998838 0.39247455075383186 0
1718359998875 0.3923083506524563 0
1718359998911 0.3922131285071373 0
1718359998958 0.39212629571557045 0
1718359998997 0.39203017577528954 0
1718359999036 0.39194880053400993 0
1718359999073 0.39191724359989166 0
1718359999109 0.3918657526373863 0
