1713521626922 0.6881507560610771 0
1713521626980 0.6748180631548166 0
1713521627033 0.646988907828927 0
1713521627086 0.5916647836565971 0
1713521627138 0.5134864551946521 0
1713521627191 0.44749912433326244 0
1713521627243 0.41519748885184526 0
1713521627305 0.4034358933568001 0
1713521627380 0.3979492951184511 0
1713521627435 0.3953949483111501 0
1713521627490 0.39406335819512606 0
1713521627542 0.39307108242064714 0
1713521627594 0.39271407201886177 0
1713521627649 0.392268811352551 0
1713521627702 0.3921056119725108 0
1713521627753 0.39189419336616993 0
1713521627802 0.39174244832247496 0
