1718964934347 0.6904217451810837 0
1718964934402 0.6885490864515305 0
1718964934450 0.6865753307938576 0
1718964934563 0.6844448000192642 0
1718964934727 0.6820639669895172 0
1718964934785 0.6792764589190483 0
1718964934917 0.675936259329319 0
1718964935006 0.6719304248690605 0
1718964935088 0.6670316457748413 0
1718964935139 0.6610367596149445 0
1718964935194 0.6536745354533195 0
1718964935239 0.6447004452347755 0
1718964935282 0.6338773220777512 0
1718964935327 0.6211055889725685 0
1718964935386 0.6063293889164925 0
1718964935459 0.589522659778595 0
1718964935518 0.5709546655416489 0
1718964935577 0.5509751886129379 0
1718964935633 0.5301498249173164 0
1718964935690 0.5091158412396908 0
1718964935750 0.48883628472685814 0
1718964935797 0.4699794463813305 0
1718964935843 0.4532265216112137 0
1718964935889 0.43904462084174156 0
1718964935937 0.4275307059288025 0
1718964935987 0.41865336149930954 0
1718964936029 0.41216113790869713 0
1718964936077 0.40740807354450226 0
1718964936122 0.40408722683787346 0
1718964936169 0.40173644572496414 0
1718964936223 0.40012577548623085 0
1718964936289 0.39882485195994377 0
1718964936338 0.397810984402895 0
1718964936390 0.39701035991311073 0
1718964936438 0.39636367186903954 0
1718964936482 0.39576856046915054 0
1718964936527 0.3953026905655861 0
1718964936570 0.3948782905936241 0
1718964936613 0.3945213332772255 0
1718964936655 0.3942227065563202 0
1718964936699 0.3939858265221119 0
1718964936741 0.3937569074332714 0
1718964936785 0.39356396719813347 0
1718964936829 0.39338453114032745 0
1718964936874 0.3932594060897827 0
1718964936918 0.3931439481675625 0
1718964936968 0.39303602278232574 0
1718964937029 0.39294612407684326 0
1718964937084 0.39286673441529274 0
1718964937132 0.3928059972822666 0
1718964937174 0.3927336595952511 0
1718964937217 0.3926857151091099 0
1718964937260 0.3926345035433769 0
1718964937306 0.3925984725356102 0
1718964937349 0.39256493747234344 0
1718964937392 0.3925117813050747 0
1718964937435 0.3924950659275055 0
1718964937479 0.39246490225195885 0
1718964937524 0.392420157790184 0
1718964937569 0.3923999108374119 0
1718964937618 0.3923572860658169 0
1718964937662 0.3923592008650303 0
1718964937706 0.39232899993658066 0
1718964937749 0.39229148998856544 0
1718964937815 0.3922858349978924 0
1718964937867 0.39224885031580925 0
1718964937922 0.3922271654009819 0
1718964937980 0.392214871942997 0
1718964938028 0.3921892121434212 0
1718964938074 0.39216503128409386 0
1718964938120 0.39214378595352173 0
1718964938164 0.3921137638390064 0
1718964938208 0.3921026512980461 0
1718964938253 0.39208637550473213 0
1718964938296 0.3920641653239727 0
1718964938340 0.39202598109841347 0
1718964938383 0.39200707897543907 0
