1711707204382 0.6871943213045597 0
1711707204455 0.6598693057894707 0
1711707204502 0.5989870391786098 0
1711707204550 0.5015306174755096 0
1711707204598 0.42448355071246624 0
1711707204648 0.40241337567567825 0
1711707204783 0.39496232755482197 0
1711707204842 0.39274791814386845 0
1711707204895 0.39209339395165443 0
1711707204942 0.3918748777359724 0
1711707204987 0.3916173856705427 0
1711707205036 0.39141652174293995 0
1711707205173 0.39124470204114914 0
1711707205225 0.3910486940294504 0
1711707205274 0.3907370865345001 0
1711707205322 0.3905600495636463 0
1711707205367 0.3903555069118738 0
1711707205411 0.3900370765477419 0
