1690539282238 0.8525441288948059 0
1690539282291 0.8245067596435547 0
1690539282343 0.8078920245170593 0
1690539282395 0.7943925261497498 0
1690539282444 0.771547257900238 0
1690539282495 0.7850467562675476 0
1690539282546 0.8940809965133667 0
1690539282598 0.9293873310089111 0
1690539282648 0.9916926026344299 0
1690539282699 0.9532710313796997 0
1690539282749 0.9927310347557068 0
1690539282798 0.9844236969947815 0
1690539282851 1.0321910381317139 0
1690539282902 1.0342679023742676 0
1690539282952 1.097611665725708 0
1690539283005 1.1360331773757935 0
1690539283058 1.1703011989593506 0
1690539283109 1.1858774423599243 0
1690539283160 1.1973000764846802 0
1690539283210 1.1786085367202759 0
1690539283261 1.2242990732192993 0
1690539283312 1.3052959442138672 0
1690539283364 1.3239874839782715 0
1690539283415 1.3800623416900635 0
1690539283465 1.3894081115722656 0
1690539283547 1.4704049825668335 0
1690539283598 1.4714434146881104 0
1690539283649 1.5109034776687622 0
1690539283700 1.5098650455474854 0
