1697796764180 0.8335046172142029 0
1697796764223 0.8406988978385925 0
1697796764262 0.8345323801040649 0
1697796764299 0.9013360738754272 0
1697796764337 0.9373072981834412 0
1697796764374 0.9599177837371826 0
1697796764415 0.9804727435112 0
1697796764456 1.0061664581298828 0
1697796764500 1.028777003288269 0
1697796764546 1.0904419422149658 0
1697796764599 1.081192135810852 0
1697796764641 1.1151078939437866 0
1697796764682 1.212744116783142 0
1697796764727 1.2507708072662354 0
1697796764765 1.220966100692749 0
