1686910457908 0.6913596615195274 0
1686910457940 0.6784896329045296 0
1686910457972 0.6593511328101158 0
1686910458004 0.6273832395672798 0
1686910458035 0.5776324644684792 0
1686910458066 0.5109312459826469 0
1686910458098 0.4447665996849537 0
1686910458129 0.40675268322229385 0
1686910458160 0.40044889226555824 0
1686910458192 0.39808377623558044 0
1686910458224 0.3939277455210686 0
1686910458257 0.39272020757198334 0
1686910458288 0.39256345108151436 0
1686910458320 0.39230192825198174 0
1686910458352 0.3921554163098335 0
1686910458384 0.3921729475259781 0
1686910458416 0.39189064875245094 0
1686910458448 0.39192719385027885 0
1686910458482 0.39173851907253265 0
1686910458515 0.3915277160704136 0
1686910458547 0.39150622114539146 0
1686910458580 0.3914486728608608 0
1686910458613 0.3912646472454071 0
1686910458645 0.39109721407294273 0
1686910458677 0.39106569439172745 0
1686910458709 0.3909320905804634 0
1686910458741 0.39076223969459534 0
1686910458773 0.39058784022927284 0
1686910458805 0.39044784381985664 0
1686910458836 0.39026017487049103 0
1686910458870 0.39032669365406036 0
1686910458902 0.38999975845217705 0
1686910458934 0.3897661231458187 0
1686910458965 0.38965798541903496 0
1686910458996 0.3894505463540554 0
1686910459043 0.3893308825790882 0
1686910459075 0.3890206292271614 0
1686910459108 0.38879939168691635 0
1686910459140 0.3885320574045181 0
1686910459171 0.38831742480397224 0
1686910459211 0.388172410428524 0
