1714126401001 0.7835671305656433 0
1714126401036 0.7845691442489624 0
1714126401073 0.7785571217536926 0
1714126401111 0.7795591354370117 0
1714126401154 0.797595202922821 0
1714126401193 0.8116232752799988 0
1714126401230 0.8016031980514526 0
1714126401388 0.820641279220581 0
1714126401497 0.8136272430419922 0
1714126401531 0.820641279220581 0
1714126401563 0.874749481678009 0
1714126401593 0.9118236303329468 0
1714126401625 0.9288577437400818 0
1714126401740 0.9198396801948547 0
1714126401845 0.9268537163734436 0
1714126401980 0.9328657388687134 0
1714126402092 0.9468938112258911 0
1714126402138 0.9408817887306213 0
1714126402167 0.9649298787117004 0
