1690539271662 0.8037382960319519 0
1690539271775 0.8151609301567078 0
1690539271889 0.8193146586418152 0
1690539272093 0.7975077629089355 0
1690539272141 0.7892004251480103 0
1690539272189 0.7798545956611633 0
1690539272237 0.7840083241462708 0
1690539272284 0.792315661907196 0
1690539272330 0.8265835642814636 0
1690539272377 0.9023883938789368 0
1690539272423 0.940809965133667 0
1690539272494 0.9740394353866577 0
1690539272548 0.9657320976257324 0
1690539272597 0.9709241986274719 0
1690539272646 0.9937694668769836 0
1690539272771 1.0166147947311401 0
1690539272878 1.041536808013916 0
1690539272989 1.0456905364990234 0
1690539273080 1.059190034866333 0
1690539273176 1.0737279653549194 0
1690539273257 1.1048805713653564 0
1690539273343 1.1028037071228027 0
1690539273423 1.1152647733688354 0
1690539273609 1.1505711078643799 0
1690539273700 1.1744548082351685 0
