1705659154567 0.6848178915679455 0
1705659154596 0.6746174246072769 0
1705659154625 0.6595210283994675 0
1705659154654 0.6338472738862038 0
1705659154682 0.5924158692359924 0
1705659154711 0.5345512926578522 0
1705659154740 0.4727755934000015 0
1705659154768 0.42746430449187756 0
1705659154797 0.40661510825157166 0
1705659154826 0.39986059442162514 0
1705659154854 0.3963840138167143 0
1705659154883 0.39428056962788105 0
1705659154912 0.3934114892035723 0
1705659154941 0.3928692191839218 0
1705659154972 0.3924827016890049 0
1705659155001 0.3922971971333027 0
1705659155029 0.3921786695718765 0
1705659155059 0.3921160660684109 0
1705659155088 0.39206618815660477 0
1705659155120 0.3919113501906395 0
1705659155151 0.39188253693282604 0
1705659155181 0.39181893318891525 0
1705659155214 0.3917519189417362 0
1705659155243 0.3917094748467207 0
1705659155272 0.3915812596678734 0
1705659155302 0.3915215451270342 0
1705659155331 0.3914720769971609 0
1705659155364 0.391419081017375 0
1705659155394 0.39138281531631947 0
1705659155422 0.39127302169799805 0
