1706263952848 0.6934071630239487 0
1706263952900 0.6816204525530338 0
1706263952950 0.6602388098835945 0
1706263952998 0.6220878139138222 0
1706263953041 0.5620031729340553 0
1706263953084 0.4937525223940611 0
1706263953127 0.44144534319639206 0
1706263953171 0.41564140282571316 0
1706263953214 0.4041182231158018 0
1706263953257 0.39799655601382256 0
1706263953301 0.39506870880723 0
1706263953346 0.39355859346687794 0
1706263953390 0.39265013858675957 0
1706263953433 0.392206696793437 0
1706263953477 0.3919618148356676 0
1706263953520 0.3917502909898758 0
1706263953563 0.3916190601885319 0
1706263953606 0.39150848239660263 0
1706263953650 0.3913534041494131 0
1706263953693 0.3911380209028721 0
1706263953736 0.3910575769841671 0
1706263953779 0.3908386379480362 0
1706263953822 0.39073961041867733 0
1706263953865 0.39057124964892864 0
