1728037019828 0.6905391663312912 0
1728037019901 0.6809302009642124 0
1728037019967 0.6641076728701591 0
1728037020033 0.6311272159218788 0
1728037020089 0.5722724944353104 0
1728037020144 0.49273552745580673 0
1728037020199 0.4268795996904373 0
1728037020263 0.40122360177338123 0
1728037020328 0.3959828279912472 0
1728037020384 0.3936331570148468 0
1728037020505 0.3927372805774212 0
1728037020685 0.39241170696914196 0
1728037020736 0.39222290366888046 0
1728037020787 0.39209876023232937 0
1728037020842 0.3919910080730915 0
1728037020898 0.391890874132514 0
1728037021056 0.39178413338959217 0
