1728037019841 0.7426326274871826 0
1728037019916 0.7966601252555847 0
1728037019982 0.7858546376228333 0
1728037020045 0.7858546376228333 0
1728037020101 0.8064833283424377 0
1728037020156 0.8251473307609558 0
1728037020211 0.8202357292175293 0
1728037020279 0.8123772144317627 0
1728037020340 0.8241650462150574 0
1728037020397 0.8506876230239868 0
1728037020523 0.9361492991447449 0
1728037020696 0.9715127944946289 0
1728037020747 0.968565821647644 0
1728037020800 0.9931237697601318 0
1728037020854 0.9970530271530151 0
1728037020911 0.9980353713035583 0
1728037021069 1.0039292573928833 0
