1720779290223 0.6573957167565823 0
1720779290287 0.4772214936092496 0
1720779290351 0.39635562151670456 0
1720779290414 0.3928522225469351 0
1720779290478 0.3924639420583844 0
1720779290540 0.39224020671099424 0
1720779290601 0.3918944839388132 0
1720779290663 0.3916076859459281 0
1720779290736 0.39125758968293667 0
1720779290822 0.39099755603820086 0
1720779290906 0.39064040035009384 0
1720779290981 0.3902510777115822 0
1720779291046 0.3897754969075322 0
1720779291123 0.3894178392365575 0
1720779291197 0.3889489024877548 0
1720779291273 0.38852790370583534 0
1720779291347 0.38787262700498104 0
1720779291415 0.3872662242501974 0
