1725617705095 0.7940886616706848 0
1725617705158 0.7852216958999634 0
1725617705222 0.800000011920929 0
1725617705282 0.8492611050605774 0
1725617705341 0.9270936250686646 0
1725617705401 0.9507389068603516 0
1725617705463 0.9527093768119812 0
1725617705526 0.9881773591041565 0
1725617705587 1.0443350076675415 0
1725617705647 1.0354679822921753 0
1725617705705 1.0758620500564575 0
1725617705764 1.0729063749313354 0
1725617705823 1.1507389545440674 0
1725617705882 1.1556650400161743 0
1725617705941 1.1960591077804565 0
1725617706002 1.226601004600525 0
1725617706067 1.2709360122680664 0
1725617706132 1.2679803371429443 0
1725617706192 1.3379310369491577 0
1725617706254 1.3123152256011963 0
1725617706316 1.3871921300888062 0
1725617706384 1.4423645734786987 0
1725617706448 1.4394088983535767 0
1725617706512 1.4581280946731567 0
1725617706577 1.5389162302017212 0
1725617706643 1.540886640548706 0
