1725617705086 0.6774303279817104 0
1725617705149 0.5991097837686539 0
1725617705211 0.436262808740139 0
1725617705274 0.39545221626758575 0
1725617705333 0.3930600257590413 0
1725617705393 0.3926302883774042 0
1725617705454 0.39240257907658815 0
1725617705517 0.39208336640149355 0
1725617705578 0.39193331357091665 0
1725617705638 0.3916894653812051 0
1725617705697 0.3914056643843651 0
1725617705755 0.39109478425234556 0
1725617705815 0.3908192841336131 0
1725617705873 0.3905622912570834 0
1725617705932 0.3902943907305598 0
1725617705993 0.39003428164869547 0
1725617706059 0.3896351642906666 0
1725617706123 0.38930876180529594 0
1725617706183 0.3889496773481369 0
1725617706246 0.388697138056159 0
1725617706307 0.3882382344454527 0
1725617706375 0.38780817203223705 0
1725617706439 0.38741596043109894 0
1725617706504 0.38697912357747555 0
1725617706567 0.38646429497748613 0
1725617706634 0.38605027459561825 0
