1683281619748 0.6954671517014503 0
1683281619776 0.6904520988464355 0
1683281619803 0.6853110790252686 0
1683281619829 0.678691603243351 0
1683281619856 0.6695839613676071 0
1683281619883 0.6561736389994621 0
1683281619913 0.6373555287718773 0
1683281619940 0.6126552447676659 0
1683281619967 0.5825434550642967 0
1683281619993 0.5482034906744957 0
1683281620020 0.5138405561447144 0
1683281620047 0.4823615811765194 0
1683281620074 0.4566640332341194 0
1683281620101 0.4372086562216282 0
1683281620127 0.4239189252257347 0
1683281620153 0.41392800956964493 0
1683281620179 0.40770185738801956 0
1683281620205 0.4028965160250664 0
1683281620232 0.39906274154782295 0
1683281620259 0.39715660363435745 0
1683281620286 0.39567190408706665 0
1683281620313 0.3944324627518654 0
1683281620340 0.39368923008441925 0
1683281620367 0.39316118508577347 0
1683281620401 0.3929562158882618 0
1683281620442 0.3925844579935074 0
1683281620472 0.3924839124083519 0
1683281620499 0.3922179341316223 0
1683281620526 0.3920883610844612 0
1683281620552 0.3919770121574402 0
1683281620578 0.39195938035845757 0
1683281620604 0.3918168544769287 0
1683281620630 0.39173178747296333 0
1683281620656 0.39167193323373795 0
1683281620682 0.3915233761072159 0
1683281620708 0.3914837874472141 0
1683281620735 0.3914157636463642 0
1683281620761 0.3914431147277355 0
1683281620792 0.3912677504122257 0
1683281620824 0.3912354111671448 0
1683281620855 0.39109494537115097 0
1683281620886 0.39106518030166626 0
1683281620912 0.39096472412347794 0
1683281620943 0.3907972536981106 0
1683281620972 0.3907513692975044 0
1683281620998 0.3906833082437515 0
1683281621024 0.3905832841992378 0
1683281621050 0.39048128575086594 0
1683281621080 0.3904268145561218 0
1683281621106 0.3904019109904766 0
