1693563430657 0.7559462189674377 0
1693563430933 0.7497414946556091 0
1693563431215 0.759048581123352 0
1693563431370 0.7611168622970581 0
1693563431646 0.7642192244529724 0
1693563431922 0.7652533650398254 0
1693563432204 0.7735263705253601 0
1693563432482 0.7807652354240417 0
1693563432758 0.8055842518806458 0
1693563433082 0.8066183924674988 0
1693563433359 0.8169596791267395 0
1693563433649 0.8117890357971191 0
1693563433929 0.8283350467681885 0
1693563434206 0.8355739116668701 0
1693563434523 0.8304033279418945 0
1693563434802 0.8169596791267395 0
1693563434990 0.8169596791267395 0
1693563435019 0.8159255385398865 0
1693563435093 0.8159255385398865 0
1693563435212 0.8148913979530334 0
1693563435325 0.8138573169708252 0
1693563435398 0.8169596791267395 0
1693563435455 0.8252326846122742 0
1693563435485 0.8262668251991272 0
1693563435639 0.8231644034385681 0
1693563435669 0.8241985440254211 0
1693563435699 0.8293691873550415 0
1693563435853 0.8355739116668701 0
1693563436363 0.8469493389129639 0
1693563436683 0.8479834794998169 0
1693563436958 0.8448810577392578 0
1693563437236 0.8624612092971802 0
1693563437430 0.8769389986991882 0
1693563437497 0.8945191502571106 0
1693563437708 0.9162358045578003 0
1693563437957 0.9307135343551636 0
1693563438233 0.9307135343551636 0
1693563438263 0.9348500370979309 0
1693563438442 0.9410548210144043 0
1693563438717 0.9389865398406982 0
1693563438991 0.9451913237571716 0
1693563439304 0.9731127023696899 0
1693563439700 0.9793174862861633 0
1693563440000 0.987590491771698 0
1693563440199 0.9937952160835266 0
1693563440477 1.0072388648986816 0
1693563440752 1.0165460109710693 0
1693563441030 1.024819016456604 0
1693563441431 1.023784875869751 0
1693563441705 1.0434333086013794 0
1693563441875 1.051706314086914 0
1693563441987 1.0827300548553467 0
1693563442098 1.0785936117172241 0
1693563442469 1.0889348983764648 0
