1682072102870 0.685668307542801 0
1682072103091 0.6666751186052958 0
1682072103206 0.6287964840730031 0
1682072103312 0.5584687093893687 0
1682072103425 0.4719970852136612 0
1682072103549 0.4194875379403432 0
1682072103657 0.40284797648588816 0
1682072103772 0.39723526934782666 0
1682072103885 0.394716344277064 0
1682072103996 0.3934353123108546 0
1682072104108 0.39273429811000826 0
1682072104215 0.392265330751737 0
1682072104323 0.3919251183668772 0
1682072104442 0.3917090713977814 0
1682072104562 0.39155404766400653 0
1682072104666 0.3913304269313812 0
1682072104762 0.3911301136016846 0
1682072104820 0.39094491203626 0
1682072104877 0.3907733698685964 0
1682072104932 0.3905693213144938 0
1682072104987 0.39036874572436014 0
1682072105043 0.39017909367879233 0
1682072105099 0.38995501001675925 0
