1682072102878 0.8126316070556641 0
1682072103097 0.8052631616592407 0
1682072103210 0.7905263304710388 0
1682072103326 0.793684184551239 0
1682072103437 0.8010526299476624 0
1682072103553 0.8010526299476624 0
1682072103662 0.8168420791625977 0
1682072103776 0.8231579065322876 0
1682072103896 0.8452631831169128 0
1682072104001 0.8778947591781616 0
1682072104112 0.9200000166893005 0
1682072104219 0.9399999976158142 0
1682072104341 0.9526315927505493 0
1682072104457 0.9789473414421082 0
1682072104566 1.021052598953247 0
1682072104669 1.0442105531692505 0
1682072104766 1.066315770149231 0
1682072104823 1.077894687652588 0
1682072104880 1.088421106338501 0
1682072104936 1.1357895135879517 0
1682072104991 1.1515789031982422 0
1682072105047 1.1536842584609985 0
1682072105103 1.1863157749176025 0
