1718360001460 0.7788844704627991 0
1718360001521 0.769920289516449 0
1718360001581 0.7749003767967224 0
1718360001640 0.7878485918045044 0
1718360001703 0.9083665609359741 0
1718360001766 0.9073705077171326 0
1718360001887 0.9790836572647095 0
1718360001988 1.018924355506897 0
1718360002049 1.0547808408737183 0
1718360002110 1.0667331218719482 0
1718360002171 1.1394422054290771 0
1718360002230 1.1802788972854614 0
1718360002291 1.2131474018096924 0
1718360002464 1.2480080127716064 0
1718360002529 1.3107569217681885 0
1718360002592 1.4133466482162476 0
1718360002652 1.409362554550171 0
1718360002808 1.532868504524231 0
