1712312032575 0.690188268199563 0
1712312032640 0.6826409175992012 0
1712312032707 0.670159887522459 0
1712312032774 0.6462764404714108 0
1712312032839 0.6006080359220505 0
1712312032904 0.5306028723716736 0
1712312032975 0.4583056755363941 0
1712312033046 0.4149200413376093 0
1712312033113 0.4001224795356393 0
1712312033176 0.39605490025132895 0
1712312033238 0.39451046101748943 0
1712312033296 0.39367171190679073 0
1712312033358 0.3930711504071951 0
1712312033415 0.39284377451986074 0
1712312033477 0.39272300992161036 0
1712312033537 0.3925309283658862 0
1712312033592 0.3925622971728444 0
1712312033653 0.3923909403383732 0
1712312033724 0.3924206281080842 0
1712312033798 0.39212333876639605 0
