1712312032584 0.795979917049408 0
1712312032649 0.8170854449272156 0
1712312032716 0.8301507830619812 0
1712312032783 0.8522613048553467 0
1712312032847 0.8562813997268677 0
1712312032913 0.8452261090278625 0
1712312032984 0.8422110676765442 0
1712312033055 0.847236156463623 0
1712312033120 0.8361809253692627 0
1712312033184 0.8492462038993835 0
1712312033246 0.8834170699119568 0
1712312033304 0.8743718862533569 0
1712312033367 0.8783919811248779 0
1712312033424 0.8783919811248779 0
1712312033485 0.8834170699119568 0
1712312033544 0.9065326452255249 0
1712312033601 0.933668315410614 0
1712312033661 0.9477387070655823 0
1712312033733 0.9396985173225403 0
1712312033808 0.9487437009811401 0
