1729851336337 0.8041136264801025 0
1729851336388 0.8305583000183105 0
1729851336440 0.8403525948524475 0
1729851336490 0.8374143242835999 0
1729851336550 0.842311441898346 0
1729851336603 0.8540646433830261 0
1729851336655 0.868756115436554 0
1729851336708 0.8805093169212341 0
1729851336758 0.8991184830665588 0
1729851336809 0.9539666771888733 0
1729851336878 0.9774730801582336 0
1729851336937 1.0058765411376953 0
1729851337000 1.0088149309158325 0
1729851337051 1.0362390279769897 0
1729851337104 1.0597453117370605 0
