1729851336328 0.6994105968624353 0
1729851336379 0.6704315058887005 0
1729851336431 0.5856523495167494 0
1729851336480 0.4636038588359952 0
1729851336541 0.4128901232033968 0
1729851336593 0.3992989230901003 0
1729851336645 0.3947322415187955 0
1729851336698 0.3930877074599266 0
1729851336749 0.39242607448250055 0
1729851336800 0.39209332317113876 0
1729851336867 0.3919158289209008 0
1729851336926 0.39169310312718153 0
1729851336990 0.39149702712893486 0
1729851337041 0.3913711281493306 0
1729851337095 0.39116270560771227 0
