1706263966171 0.6624540340515875 0
1706263966233 0.5020696117031959 0
1706263966295 0.39795253930553315 0
1706263966359 0.3930280881543313 0
1706263966423 0.3924937786594514 0
1706263966486 0.3922158104758109 0
1706263966549 0.3919201425967678 0
1706263966613 0.3916484021371411 0
1706263966675 0.3912498931730947 0
1706263966738 0.39099881052970886 0
1706263966801 0.39052986810284274 0
1706263966865 0.390192675013696 0
1706263966929 0.38979681461088117 0
1706263967001 0.3892487739363024 0
1706263967183 0.38870851647469307 0
1706263967247 0.38810484736196454 0
