1732875421649 0.6870836748017205 0
1732875421685 0.6802425318294101 0
1732875421720 0.6724331511391534 0
1732875421758 0.6593221028645834 0
1732875421793 0.6405996746487088 0
1732875421874 0.6092811557981703 0
1732875421915 0.5673259562916226 0
1732875421954 0.5164666506979201 0
1732875421991 0.45877862970034283 0
1732875422027 0.422072665558921 0
1732875422063 0.4010082218382094 0
1732875422098 0.3981691466437446 0
1732875422135 0.39469947086440194 0
1732875422170 0.39565332730611164 0
1732875422205 0.39332498775588143 0
1732875422240 0.3926267193423377 0
1732875422277 0.3928849962022569 0
1732875422313 0.39315904180208844 0
1732875422348 0.39253635538948906 0
1732875422384 0.39194302095307243 0
1732875422419 0.39298758573002285 0
1732875422454 0.39352737532721627 0
1732875422489 0.39311041434605914 0
1732875422524 0.39255115389823914 0
1732875422560 0.39240335755878025 0
1732875422601 0.3919454912344615 0
1732875422637 0.39209280411402386 0
1732875422682 0.3913930621412065 0
1732875422724 0.3915698097811805 0
1732875422767 0.3922758665349748 0
