1703844748286 0.8553971648216248 0
1703844748444 0.8462321758270264 0
1703844748505 0.8380855321884155 0
1703844748567 0.8268839120864868 0
1703844748614 0.8452138304710388 0
1703844748662 0.8462321758270264 0
1703844748925 0.8329938650131226 0
1703844748978 0.8299388885498047 0
1703844749027 0.8329938650131226 0
1703844749074 0.8319755792617798 0
1703844749122 0.8482688665390015 0
1703844749182 0.8543788194656372 0
1703844749244 0.8828920722007751 0
1703844749293 0.904276967048645 0
1703844749570 0.9083502888679504 0
1703844749774 0.9439918398857117 0
1703844749827 0.9389002323150635 0
1703844749883 0.9592667818069458 0
1703844750002 0.9725050926208496 0
1703844750092 0.9806517362594604 0
1703844750141 0.976578414440155 0
1703844750187 0.9847250580787659 0
1703844750235 0.9928717017173767 0
1703844750282 0.9887983798980713 0
1703844750437 1.0122199058532715 0
1703844750485 1.002036690711975 0
1703844750533 1.0325865745544434 0
