1690539260163 0.8234683275222778 0
1690539260273 0.7871235609054565 0
1690539260382 0.8857735991477966 0
1690539260505 0.9262720942497253 0
1690539260600 0.9543094635009766 0
1690539260851 0.9698857665061951 0
1690539260946 1.0446521043777466 0
1690539261137 1.038421630859375 0
1690539261299 1.1038421392440796 0
1690539261528 1.1152647733688354 0
1690539261648 1.1516095399856567 0
1690539261753 1.1962616443634033 0
1690539261844 1.2118380069732666 0
1690539261937 1.2419521808624268 0
1690539262028 1.3624091148376465 0
1690539262279 1.3842159509658813 0
1690539262420 1.40809965133667 0
1690539262511 1.4890965223312378 0
1690539262605 1.5555555820465088 0
1690539262699 1.504672884941101 0
