1690539260149 0.666894676223878 0
1690539260268 0.5104356667687816 0
1690539260377 0.39705739578893107 0
1690539260500 0.393105193491905 0
1690539260595 0.39268549026981475 0
1690539260845 0.39222751029076114 0
1690539260935 0.39179828186188975 0
1690539261131 0.39157871180965054 0
1690539261289 0.39131809722992683 0
1690539261517 0.3908983776646276 0
1690539261643 0.39077808876191417 0
1690539261747 0.3901998948666357 0
1690539261839 0.39002151066257107 0
1690539261932 0.38942031802669647 0
1690539262022 0.38897293709939523 0
1690539262273 0.3883930040944007 0
1690539262410 0.3879469911898336 0
1690539262505 0.38716287959006523 0
1690539262599 0.38682410505510145 0
1690539262694 0.3860859101818454 0
