1720779288691 0.6836186461150646 0
1720779288743 0.6513313949108124 0
1720779288807 0.561581851914525 0
1720779288867 0.4372693654149771 0
1720779288919 0.4026066716760397 0
1720779288986 0.39410137943923473 0
1720779289034 0.3926266487687826 0
1720779289082 0.39213175140321255 0
1720779289130 0.3919005189090967 0
1720779289177 0.391710938885808 0
1720779289226 0.3914634846150875 0
1720779289274 0.39129919186234474 0
1720779289322 0.3910760171711445 0
1720779289372 0.39082925394177437 0
1720779289428 0.39061703346669674 0
1720779289522 0.39025033824145794 0
1720779289568 0.39001663215458393 0
1720779289621 0.38965179957449436 0
1720779289687 0.38930028676986694 0
1720779289747 0.3890370950102806 0
1720779289807 0.38862459175288677 0
1720779289866 0.3881944455206394 0
1720779289936 0.3877383377403021 0
1720779290092 0.3873341791331768 0
