1721384026366 0.7817460298538208 0
1721384026400 0.7867063283920288 0
1721384026435 0.8303571343421936 0
1721384026468 0.8253968358039856 0
1721384026502 0.846230149269104 0
1721384026536 0.8373016119003296 0
1721384026570 0.8402777910232544 0
1721384026604 0.8680555820465088 0
1721384026637 0.8730158805847168 0
1721384026671 0.91567462682724 0
1721384026705 0.9642857313156128 0
1721384026818 0.995039701461792 0
1721384026852 1.028769850730896 0
1721384026886 1.0555555820465088 0
1721384026920 1.1021825075149536 0
1721384026953 1.163690447807312 0
1721384026987 1.1884920597076416 0
1721384027020 1.1835317611694336 0
