1717150458280 0.8213573098182678 0
1717150458537 0.8233532905578613 0
1717150458584 0.8103792667388916 0
1717150458630 0.8183632493019104 0
1717150458675 0.8303393125534058 0
1717150458720 0.8053892254829407 0
1717150458765 0.7984032034873962 0
1717150458810 0.8093812465667725 0
1717150458857 0.8093812465667725 0
1717150458902 0.8203592896461487 0
1717150458949 0.8672654628753662 0
1717150458996 0.9381237626075745 0
1717150459043 0.9580838084220886 0
1717150459178 0.955089807510376 0
1717150459224 0.9600798487663269 0
1717150459270 0.9600798487663269 0
1717150459317 0.970059871673584 0
1717150459362 0.9860279560089111 0
1717150459408 1.0069860219955444 0
1717150459454 1.0099800825119019 0
1717150459500 1.0029940605163574 0
1717150459546 1.0369261503219604 0
1717150459593 1.0309381484985352 0
