1732875413415 0.6878199998070212 0
1732875413543 0.6841798424720764 0
1732875413584 0.6793736605083242 0
1732875413624 0.6727697007796344 0
1732875413663 0.6652931465822107 0
1732875413703 0.6555780382717357 0
1732875413741 0.6440948598525104 0
1732875413780 0.6297696758719051 0
1732875413819 0.6133120130090153 0
1732875413862 0.5952743291854858 0
1732875413903 0.5736694265814388 0
1732875413946 0.5537879572195166 0
1732875413999 0.5281585367286906 0
1732875414050 0.5084800737745622 0
1732875414098 0.4856331541257746 0
1732875414147 0.46571370258050804 0
1732875414188 0.44919174033052783 0
1732875414234 0.4376440696856555 0
1732875414282 0.42776305009337035 0
1732875414324 0.4167696360279532 0
1732875414362 0.41262009915183573 0
1732875414400 0.40843069202759685 0
1732875414439 0.40586737324209776 0
1732875414477 0.4047400495585273 0
1732875414515 0.40128230172045093 0
1732875414554 0.4010724302600412 0
1732875414592 0.3989588004701278 0
1732875414632 0.39829912431099834 0
1732875414671 0.3974085958564983 0
1732875414711 0.3950572890393874 0
1732875414753 0.3954598851063672 0
1732875414795 0.3946969614309423 0
1732875414842 0.39475325801793265 0
1732875414895 0.3947795121108784 0
1732875414941 0.39303015610750985 0
1732875414990 0.3934873693129596 0
1732875415031 0.39294915690141563 0
1732875415083 0.39288804110358744 0
1732875415124 0.3931858925258412 0
1732875415167 0.3926618747851428 0
1732875415214 0.39237911911571727 0
1732875415263 0.39233730470432954 0
1732875415308 0.3921935190172756 0
1732875415358 0.3925876985577976 0
1732875415410 0.3920886446447933 0
1732875415457 0.3921942482976353 0
1732875415501 0.39187482700628395 0
1732875415555 0.39153337303329916 0
1732875415605 0.3920276725993437 0
1732875415658 0.39164817683836994 0
1732875415704 0.391721050528919 0
1732875415753 0.39164240220013785 0
1732875415802 0.3916247697437511 0
1732875415845 0.39137856749927297 0
1732875415885 0.39160242676734924 0
1732875415924 0.391117406242034 0
1732875415963 0.3913336834486793 0
1732875416002 0.3913224812816171 0
