1697796760540 0.8150051236152649 0
1697796760564 0.8057553768157959 0
1697796760618 0.7913669347763062 0
1697796760700 0.8108941316604614 0
1697796760758 0.817060649394989 0
1697796760816 0.8211716413497925 0
1697796760840 0.7965056300163269 0
1697796760863 0.80781090259552 0
1697796760885 0.8180884122848511 0
1697796760907 0.8119218945503235 0
1697796760930 0.8150051236152649 0
1697796760981 0.817060649394989 0
1697796761035 0.8180884122848511 0
1697796761084 0.8406988978385925 0
1697796761121 0.854059636592865 0
1697796761153 0.9003083109855652 0
1697796761192 0.9003083109855652 0
1697796761215 0.9085302948951721 0
1697796761239 0.9311407804489136 0
1697796761275 0.9362795352935791 0
1697796761312 0.9547790288925171 0
1697796761338 0.9640287756919861 0
1697796761363 0.9732785224914551 0
1697796761387 0.9958890080451965 0
1697796761411 1.0092496871948242 0
1697796761434 1.0113052129745483 0
1697796761489 1.028777003288269 0
1697796761539 1.026721477508545 0
1697796761574 1.076053500175476 0
