1717150471061 0.7774451375007629 0
1717150471112 0.7904191613197327 0
1717150471164 0.8043912053108215 0
1717150471214 0.8143712282180786 0
1717150471262 0.8123752474784851 0
1717150471314 0.8093812465667725 0
1717150471364 0.8033931851387024 0
1717150471414 0.8013972043991089 0
1717150471463 0.7974051833152771 0
1717150471511 0.7974051833152771 0
1717150471562 0.8043912053108215 0
1717150471618 0.7864271402359009 0
1717150471665 0.7714570760726929 0
1717150471825 0.7774451375007629 0
1717150471872 0.7794411182403564 0
1717150471920 0.78742516040802 0
1717150471970 0.7804391384124756 0
1717150472019 0.7774451375007629 0
1717150472068 0.7844311594963074 0
1717150472118 0.7884231805801392 0
1717150472169 0.811377227306366 0
1717150472303 0.8043912053108215 0
1717150472349 0.8343313336372375 0
1717150472399 0.847305417060852 0
1717150472446 0.8652694821357727 0
1717150472492 0.8732534646987915 0
1717150472537 0.8832335472106934 0
1717150472582 0.8962075710296631 0
1717150472628 0.9231536984443665 0
1717150472674 0.9021956324577332 0
1717150472719 0.9121756553649902 0
1717150472764 0.9121756553649902 0
1717150472811 0.9181636571884155 0
1717150472856 0.916167676448822 0
1717150472901 0.9201596975326538 0
1717150472947 0.9231536984443665 0
1717150472993 0.9321357011795044 0
1717150473040 0.9201596975326538 0
1717150473085 0.9361277222633362 0
1717150473129 0.9271457195281982 0
