1693563424695 0.6665487039473749 0
1693563425265 0.5165313828376031 0
1693563425586 0.3975467614589199 0
1693563425697 0.39300360602717244 0
1693563425936 0.39255570788537303 0
1693563426260 0.39227474697174564 0
1693563426584 0.3918091289458736 0
1693563426909 0.39174129693738874 0
1693563427229 0.39135477235240324 0
1693563427547 0.39091887589423885 0
1693563427701 0.3905281357226833 0
1693563428021 0.39012604759585473 0
1693563428346 0.38967822347917863 0
1693563428668 0.3894059677277842 0
1693563428988 0.3887507761678388 0
1693563429228 0.38820999764627023 0
1693563429553 0.38757915746781135 0
