1694772788693 0.7001156210899353 0
1694772788723 0.6987353041768074 0
1694772788753 0.697307288646698 0
1694772788783 0.696056418120861 0
1694772788814 0.6946649625897408 0
1694772788845 0.693184569478035 0
1694772788876 0.6916869580745697 0
1694772788907 0.6901412978768349 0
1694772788937 0.6883689388632774 0
1694772788969 0.6865069568157196 0
1694772789002 0.6843406707048416 0
1694772789032 0.681988999247551 0
1694772789063 0.6794159784913063 0
1694772789093 0.676506869494915 0
1694772789125 0.6732246279716492 0
1694772789156 0.669721208512783 0
1694772789190 0.66585873067379 0
1694772789221 0.6616253405809402 0
1694772789255 0.6568343862891197 0
1694772789285 0.6516271978616714 0
1694772789315 0.6459551975131035 0
1694772789347 0.6394584327936172 0
1694772789377 0.6323968544602394 0
1694772789407 0.6243807300925255 0
1694772789437 0.6158690080046654 0
1694772789467 0.606622189283371 0
1694772789498 0.596754863858223 0
1694772789527 0.5862429141998291 0
1694772789557 0.5749159753322601 0
1694772789587 0.5631458088755608 0
1694772789617 0.5506167262792587 0
1694772789646 0.5382821038365364 0
1694772789676 0.5260324627161026 0
1694772789706 0.5141725018620491 0
1694772789737 0.5025067552924156 0
1694772789766 0.4913986325263977 0
1694772789796 0.48135632649064064 0
1694772789827 0.4717494584619999 0
1694772789856 0.4630070775747299 0
1694772789885 0.45490385591983795 0
1694772789915 0.44758450612425804 0
1694772789944 0.44103626534342766 0
1694772789974 0.4352544732391834 0
1694772790004 0.42988768965005875 0
1694772790034 0.4254116117954254 0
1694772790064 0.421306561678648 0
1694772790094 0.41791118308901787 0
1694772790123 0.41529636830091476 0
1694772790153 0.4125719517469406 0
1694772790182 0.4106116071343422 0
1694772790211 0.4086728058755398 0
1694772790241 0.40675536170601845 0
1694772790270 0.4053417444229126 0
1694772790300 0.40418270230293274 0
1694772790330 0.40280839428305626 0
1694772790360 0.40189091116189957 0
1694772790392 0.4008926711976528 0
1694772790424 0.40008049830794334 0
1694772790454 0.39948688447475433 0
1694772790484 0.3987365737557411 0
1694772790515 0.3981391564011574 0
1694772790546 0.39741308614611626 0
1694772790576 0.39698750525712967 0
1694772790606 0.39652521908283234 0
1694772790635 0.39595502614974976 0
1694772790664 0.3955928087234497 0
1694772790694 0.3954128213226795 0
1694772790724 0.3949681930243969 0
1694772790756 0.3948105350136757 0
1694772790786 0.39431189000606537 0
1694772790816 0.39416176080703735 0
1694772790846 0.39387286826968193 0
1694772790875 0.39374350756406784 0
1694772790906 0.39356353133916855 0
1694772790935 0.39351991936564445 0
1694772790966 0.39325830340385437 0
1694772790996 0.39318228140473366 0
