1690539286942 0.8463135957717896 0
1690539287018 0.8182762265205383 0
1690539287091 0.8110072612762451 0
1690539287164 0.7902388572692871 0
1690539287250 0.8026999235153198 0
1690539287348 0.8037382960319519 0
1690539287422 0.8099688291549683 0
1690539287493 0.8442367315292358 0
1690539287566 0.8598130941390991 0
1690539287640 0.8774662613868713 0
1690539287712 0.8909657597541809 0
1690539287784 0.9262720942497253 0
1690539287854 0.9885773658752441 0
1690539287925 0.9916926026344299 0
1690539287994 1.0166147947311401 0
1690539288065 1.020768404006958 0
1690539288134 1.0612668991088867 0
1690539288206 1.0841121673583984 0
