1690539286937 0.6819523553694448 0
1690539287012 0.6614905980325514 0
1690539287085 0.6113796983995745 0
1690539287158 0.5273772708831295 0
1690539287242 0.4482437458730513 0
1690539287326 0.4125468586721728 0
1690539287416 0.4016105830669403 0
1690539287488 0.3960430775919268 0
1690539287561 0.39464067451415524 0
1690539287634 0.39332292445244327 0
1690539287707 0.39247783826243493 0
1690539287778 0.39242492087425723 0
1690539287849 0.3919221028204887 0
1690539287919 0.3915812719252802 0
1690539287989 0.39147885864780796 0
1690539288059 0.3913374302848693 0
1690539288129 0.39122789521371165 0
1690539288200 0.39085605644410654 0
