1688120046056 0.6894761249423027 0
1688120046088 0.6775741130113602 0
1688120046120 0.6574914827942848 0
1688120046152 0.6234766021370888 0
1688120046182 0.5713835135102272 0
1688120046213 0.504467036575079 0
1688120046243 0.44285840168595314 0
1688120046274 0.4103286787867546 0
1688120046305 0.4036257527768612 0
1688120046336 0.3993830904364586 0
1688120046367 0.39470645785331726 0
1688120046398 0.39329254254698753 0
1688120046470 0.3928629904985428 0
1688120046554 0.39242229238152504 0
1688120046587 0.3922395519912243 0
1688120046622 0.3921782188117504 0
1688120046657 0.39200907945632935 0
1688120046691 0.3918927237391472 0
