1709892870357 0.6930688321590424 0
1709892870389 0.6890164539217949 0
1709892870421 0.6848016530275345 0
1709892870452 0.6797610148787498 0
1709892870482 0.6735540702939034 0
1709892870514 0.6653492078185081 0
1709892870546 0.6543631255626678 0
1709892870575 0.6394140422344208 0
1709892870605 0.6194995418190956 0
1709892870637 0.5937330648303032 0
1709892870668 0.5619086176156998 0
1709892870700 0.5252447798848152 0
1709892870732 0.4870747737586498 0
1709892870764 0.45223087444901466 0
1709892870796 0.4253236688673496 0
1709892870824 0.4086441770195961 0
1709892870855 0.4005495198071003 0
1709892870925 0.3974558971822262 0
1709892870970 0.3960662893950939 0
1709892870999 0.39503422379493713 0
1709892871051 0.3941449001431465 0
1709892871109 0.39349693059921265 0
1709892871142 0.39314014837145805 0
1709892871172 0.3928513452410698 0
1709892871204 0.3926646262407303 0
1709892871237 0.3925071842968464 0
1709892871268 0.39240144193172455 0
1709892871299 0.3923092149198055 0
1709892871332 0.39226916804909706 0
1709892871361 0.3922092765569687 0
1709892871392 0.3921871893107891 0
1709892871425 0.3921234719455242 0
1709892871458 0.39205750077962875 0
1709892871493 0.39204203337430954 0
1709892871545 0.39198020845651627 0
1709892871572 0.39192962646484375 0
