1700820826866 0.7985684871673584 0
1700820826926 0.7995910048484802 0
1700820827038 0.800613522529602 0
1700820827114 0.8159509301185608 0
1700820827168 0.8077709674835205 0
1700820827233 0.8128834366798401 0
1700820827277 0.8159509301185608 0
1700820827334 0.8241308927536011 0
1700820827505 0.86094069480896 0
1700820827563 0.8670756816864014 0
1700820827829 0.9049080014228821 0
1700820828012 0.9243353605270386 0
1700820828164 0.9263803958892822 0
1700820828242 0.919222891330719 0
1700820828308 0.952965259552002 0
1700820828383 0.9631901979446411 0
1700820828446 0.9785276055335999 0
1700820828509 0.9734151363372803 0
1700820828820 0.9744376540184021 0
1700820828883 1.0061349868774414 0
1700820828944 1.0020450353622437 0
1700820829193 1.0357873439788818 0
1700820829316 1.0408997535705566 0
1700820829393 1.0531697273254395 0
1700820829506 1.0715746879577637 0
