1712916802349 0.7841365337371826 0
1712916802386 0.7821285128593445 0
1712916802422 0.7851405739784241 0
1712916802458 0.8082329034805298 0
1712916802495 0.913654625415802 0
1712916802531 0.9678714871406555 0
1712916802567 0.9959839582443237 0
1712916802604 1.0150601863861084 0
1712916802640 1.0552208423614502 0
1712916802675 1.0963855981826782 0
1712916802711 1.123494029045105 0
1712916802748 1.2158634662628174 0
1712916802787 1.2540160417556763 0
1712916802823 1.2861446142196655 0
1712916802860 1.3353413343429565 0
1712916802897 1.358433723449707 0
