1717755228890 0.8005982041358948 0
1717755228924 0.7856430411338806 0
1717755228957 0.7826520204544067 0
1717755228989 0.7706879377365112 0
1717755229022 0.7587238550186157 0
1717755229068 0.756729781627655 0
1717755229103 0.7676969170570374 0
1717755229139 0.7736789584159851 0
1717755229174 0.7776669859886169 0
1717755229210 0.7966101765632629 0
1717755229244 0.8095712661743164 0
1717755229281 0.8305084705352783 0
1717755229321 0.8843469619750977 0
1717755229357 0.8883349895477295 0
1717755229393 0.9072781801223755 0
1717755229428 0.9212362766265869 0
1717755229464 0.9571285843849182 0
1717755229520 0.9451645016670227 0
1717755229615 0.9740777611732483 0
1717755229727 0.9670987129211426 0
