1717755228883 0.6892821155488491 0
1717755228916 0.6805513016879559 0
1717755228950 0.6639733277261257 0
1717755228982 0.62875721976161 0
1717755229014 0.5667093880474567 0
1717755229060 0.4900847114622593 0
1717755229095 0.43362250179052353 0
1717755229131 0.4107521940022707 0
1717755229167 0.40173255652189255 0
1717755229202 0.39694324880838394 0
1717755229237 0.3945831321179867 0
1717755229273 0.3933539595454931 0
1717755229312 0.3927683811634779 0
1717755229349 0.39243935234844685 0
1717755229385 0.392263974994421 0
1717755229420 0.39206443168222904 0
1717755229455 0.3919868469238281 0
1717755229507 0.3918767590075731 0
1717755229602 0.3917740546166897 0
1717755229720 0.3916881177574396 0
