1714731248802 0.8148148059844971 0
1714731248853 0.793793797492981 0
1714731248915 0.7577577829360962 0
1714731248966 0.7637637853622437 0
1714731249013 0.7617617845535278 0
1714731249060 0.7677677869796753 0
1714731249113 0.7747747898101807 0
1714731249190 0.7797797918319702 0
1714731249253 0.8128128051757812 0
1714731249369 0.879879891872406 0
1714731249492 0.9199199080467224 0
1714731249559 0.924924910068512 0
1714731249633 0.9229229092597961 0
1714731249684 0.9429429173469543 0
1714731249741 0.9579579830169678 0
1714731249815 0.9699699878692627 0
