1714731248794 0.6875611990690231 0
1714731248844 0.671953983604908 0
1714731248905 0.6473494619131088 0
1714731248958 0.6033665239810944 0
1714731249005 0.5339066870510578 0
1714731249052 0.45412445813417435 0
1714731249099 0.407867856323719 0
1714731249175 0.40290410071611404 0
1714731249242 0.39807478338479996 0
1714731249359 0.3931545466184616 0
1714731249478 0.392953097820282 0
1714731249548 0.392560638487339 0
1714731249621 0.3921377472579479 0
1714731249676 0.392054446041584 0
1714731249732 0.3919081278145313 0
1714731249801 0.39174626022577286 0
