1718360007860 0.6729333847761154 0
1718360007915 0.5575548419728875 0
1718360007970 0.40497501753270626 0
1718360008028 0.39345483388751745 0
1718360008089 0.39258313830941916 0
1718360008147 0.39240522123873234 0
1718360008385 0.3920487845316529 0
1718360008451 0.39180817268788815 0
1718360008508 0.3916664607822895 0
1718360008567 0.39142102748155594 0
1718360008622 0.39105293806642294 0
1718360008684 0.39076873287558556 0
1718360008740 0.3905361471697688 0
1718360008797 0.39016155153512955 0
1718360008862 0.3898145891726017 0
1718360008931 0.3894763346761465 0
1718360008983 0.38907704316079617 0
1718360009037 0.3885911554098129 0
1718360009102 0.38809009175747633 0
1718360009157 0.387551155872643 0
