1726827306176 0.823992133140564 0
1726827306217 0.8259587287902832 0
1726827306258 0.8210422992706299 0
1726827306298 0.818092405796051 0
1726827306337 0.8033431768417358 0
1726827306378 0.8112094402313232 0
1726827306419 0.8102261424064636 0
1726827306458 0.8348082304000854 0
1726827306498 0.886922299861908 0
1726827306537 0.9026548862457275 0
1726827306577 0.9115044474601746 0
1726827306616 0.9498525261878967 0
1726827306654 0.9360865354537964 0
1726827306719 0.9419862627983093 0
1726827306771 0.9351032376289368 0
1726827306828 0.9390363693237305 0
1726827306884 0.95476895570755 0
1726827306933 0.9655850529670715 0
1726827306983 0.9773844480514526 0
1726827307022 1.0078662633895874 0
1726827307062 1.02949857711792 0
1726827307101 1.0157325267791748 0
1726827307144 1.051130771636963 0
1726827307185 1.0275319814682007 0
1726827307225 1.0766961574554443 0
1726827307266 1.0786627531051636 0
1726827307305 1.107177972793579 0
1726827307348 1.101278305053711 0
1726827307388 1.122910499572754 0
1726827307428 1.1199606657028198 0
1726827307466 1.1622419357299805 0
1726827307505 1.1848573684692383 0
1726827307545 1.1799410581588745 0
1726827307587 1.1897737979888916 0
1726827307627 1.2232054471969604 0
1726827307678 1.2281218767166138 0
1726827307720 1.2645034790039062 0
