1721384015498 0.8144841194152832 0
1721384015540 0.7817460298538208 0
1721384015582 0.7827380895614624 0
1721384015622 0.7876983880996704 0
1721384015663 0.795634925365448 0
1721384015703 0.7996031641960144 0
1721384015743 0.807539701461792 0
1721384015784 0.8234127163887024 0
1721384015824 0.8948412537574768 0
1721384015865 0.9375 0
1721384015905 0.9384920597076416 0
1721384015946 0.9583333134651184 0
1721384015988 1.0029761791229248 0
1721384016028 1.0257936716079712 0
1721384016069 1.0307539701461792 0
1721384016110 1.0952380895614624 0
1721384016151 1.0972222089767456 0
1721384016190 1.091269850730896 0
1721384016231 1.110119104385376 0
1721384016270 1.110119104385376 0
1721384016311 1.1746032238006592 0
1721384016351 1.1914682388305664 0
1721384016392 1.2192460298538208 0
