1721384015490 0.6927718594670296 0
1721384015533 0.6783131435513496 0
1721384015574 0.6535941958427429 0
1721384015614 0.6080813035368919 0
1721384015655 0.534610103815794 0
1721384015695 0.45058076456189156 0
1721384015735 0.40734070912003517 0
1721384015776 0.4035003148019314 0
1721384015816 0.3963259533047676 0
1721384015857 0.3925917223095894 0
1721384015898 0.3926369324326515 0
1721384015939 0.39202142134308815 0
1721384015980 0.39177917689085007 0
1721384016020 0.3916044123470783 0
1721384016061 0.3913814164698124 0
1721384016102 0.39121735095977783 0
1721384016143 0.39104489609599113 0
1721384016183 0.3908761329948902 0
1721384016223 0.39068489521741867 0
1721384016262 0.3904857039451599 0
1721384016303 0.39031507819890976 0
1721384016343 0.3900815024971962 0
1721384016384 0.38989151269197464 0
