1704449583684 0.6825065593565663 0
1704449583739 0.6707825660705566 0
1704449583793 0.6518003306081218 0
1704449583849 0.6185606852654488 0
1704449583900 0.5650833749002026 0
1704449583956 0.4975126972121577 0
1704449584009 0.4400712626595651 0
1704449584058 0.41076881847073954 0
1704449584105 0.400634229183197 0
1704449584153 0.396819967416025 0
1704449584201 0.3949118516137523 0
1704449584248 0.39382809496695 0
1704449584296 0.3932792217500748 0
1704449584344 0.3928910147759222 0
1704449584391 0.39266108985870113 0
1704449584438 0.39250594665927274 0
1704449584494 0.3923506755982676 0
1704449584552 0.39228847046052256 0
1704449584604 0.39219536512128766 0
1704449584658 0.3921003226310976 0
1704449584713 0.39206580385085077 0
1704449584766 0.39195109375061526 0
1704449584818 0.39190008755653133 0
1704449584870 0.39185002830720717 0
1704449584945 0.39172007864521396 0
1704449585036 0.39166392626300933 0
1704449585090 0.3915975199591729 0
1704449585149 0.3915389689706987 0
1704449585203 0.39146392095473503 0
