1694167990965 0.6782550811767578 0
1694167991006 0.6705043613910675 0
1694167991059 0.6586166769266129 0
1694167991110 0.640345573425293 0
1694167991164 0.6139149814844131 0
1694167991215 0.57889074832201 0
1694167991268 0.5365541875362396 0
1694167991319 0.49241017177700996 0
1694167991379 0.45338498428463936 0
1694167991424 0.42591093480587006 0
1694167991470 0.4110249951481819 0
1694167991520 0.4037669226527214 0
1694167991573 0.39925089851021767 0
1694167991628 0.39585845172405243 0
1694167991680 0.39407042786478996 0
1694167991728 0.3930566683411598 0
1694167991779 0.3925471045076847 0
1694167991831 0.3922552950680256 0
1694167991886 0.3920408897101879 0
1694167991939 0.39181672781705856 0
1694167991990 0.3916897177696228 0
1694167992043 0.39151618257164955 0
1694167992090 0.3914315141737461 0
1694167992143 0.3912574462592602 0
1694167992200 0.39116185158491135 0
1694167992247 0.39111093059182167 0
1694167992290 0.39094028621912 0
1694167992335 0.39080990478396416 0
1694167992436 0.39070048183202744 0
1694167992493 0.3905993849039078 0
1694167992553 0.39047472551465034 0
1694167992602 0.3902461379766464 0
1694167992654 0.3901878856122494 0
1694167992707 0.3899555988609791 0
1694167992753 0.389790304005146 0
