1694167990970 0.7902892827987671 0
1694167991018 0.7923553586006165 0
1694167991066 0.8316115736961365 0
1694167991122 0.8202479481697083 0
1694167991174 0.8026859760284424 0
1694167991225 0.8047520518302917 0
1694167991277 0.7995867729187012 0
1694167991330 0.8026859760284424 0
1694167991387 0.817148745059967 0
1694167991431 0.8254132270812988 0
1694167991478 0.8047520518302917 0
1694167991529 0.8181818127632141 0
1694167991583 0.8150826692581177 0
1694167991639 0.81611567735672 0
1694167991687 0.8491735458374023 0
1694167991740 0.8956611752510071 0
1694167991791 0.9204545617103577 0
1694167991840 0.9287189841270447 0
1694167991895 0.9638429880142212 0
1694167991948 0.9690082669258118 0
1694167991997 0.9865702390670776 0
1694167992051 0.9989669322967529 0
1694167992099 1.0227272510528564 0
1694167992155 1.0495867729187012 0
1694167992209 1.0630165338516235 0
1694167992254 1.077479362487793 0
1694167992298 1.0712809562683105 0
1694167992343 1.094008207321167 0
1694167992448 1.1043388843536377 0
1694167992506 1.11776864528656 0
1694167992559 1.1301653385162354 0
1694167992613 1.1601239442825317 0
1694167992663 1.1601239442825317 0
1694167992713 1.1838842630386353 0
1694167992764 1.172520637512207 0
