1728641698716 0.8155053853988647 0
1728641698760 0.8086358904838562 0
1728641698802 0.8213935494422913 0
1728641698846 0.826300323009491 0
1728641698888 0.8243376016616821 0
1728641698930 0.826300323009491 0
1728641698971 0.843964695930481 0
1728641699019 0.8999018669128418 0
1728641699079 0.9067713618278503 0
1728641699137 0.9165849089622498 0
1728641699216 0.9342492818832397 0
1728641699289 0.9313052296638489 0
1728641699358 0.9715407490730286 0
1728641699431 0.9735034108161926 0
1728641699501 0.9725220799446106 0
1728641699791 1.0068694353103638 0
1728641699842 0.9950932264328003 0
1728641699893 1.0166829824447632 0
1728641699952 1.0196270942687988 0
1728641700022 1.0402355194091797 0
1728641700084 1.085377812385559 0
1728641700139 1.0794897079467773 0
1728641700191 1.0873404741287231 0
1728641700241 1.1256133317947388 0
1728641700291 1.1256133317947388 0
1728641700337 1.1167811155319214 0
1728641700393 1.1491658687591553 0
1728641700440 1.1599607467651367 0
