1691143969267 0.8006230592727661 0
1691143969327 0.7871235609054565 0
1691143969386 0.781931459903717 0
1691143969548 0.7954309582710266 0
1691143969665 0.8660436272621155 0
1691143969774 0.8753893971443176 0
1691143969863 0.9532710313796997 0
1691143970019 0.9937694668769836 0
1691143970109 1.0031152963638306 0
1691143970240 0.9989615678787231 0
1691143970332 1.0010384321212769 0
1691143970392 1.0477674007415771 0
1691143970561 1.0716511011123657 0
1691143970637 1.1131879091262817 0
1691143970735 1.1214953660964966 0
1691143970833 1.1578401327133179 0
1691143971001 1.159916877746582 0
1691143971089 1.1723779439926147 0
1691143971296 1.2284528017044067 0
1691143971410 1.2606438398361206 0
