1712312029618 0.688400387763977 0
1712312029696 0.6849245652556419 0
1712312029731 0.6802752688527107 0
1712312029765 0.6729457750916481 0
1712312029800 0.6621297001838684 0
1712312029833 0.6467744931578636 0
1712312029869 0.6258545368909836 0
1712312029910 0.5991585329174995 0
1712312029948 0.5683011785149574 0
1712312029984 0.5349914953112602 0
1712312030037 0.5022895187139511 0
1712312030080 0.4731408767402172 0
1712312030118 0.44963930174708366 0
1712312030155 0.4328399896621704 0
1712312030226 0.42154262959957123 0
1712312030284 0.41373248770833015 0
1712312030319 0.40794774144887924 0
1712312030355 0.4037231579422951 0
1712312030392 0.40035177767276764 0
1712312030455 0.3979845866560936 0
1712312030516 0.3963465876877308 0
1712312030554 0.39506886899471283 0
1712312030589 0.39416421577334404 0
1712312030625 0.3934573419392109 0
1712312030660 0.39290884882211685 0
1712312030694 0.3925173208117485 0
1712312030726 0.3921547196805477 0
1712312030760 0.39186910912394524 0
1712312030795 0.3916579484939575 0
1712312030829 0.39147408679127693 0
1712312030864 0.39129044488072395 0
1712312030898 0.3911139592528343 0
1712312030933 0.3909629136323929 0
1712312030967 0.39081499725580215 0
1712312031000 0.390701062977314 0
1712312031038 0.39057547971606255 0
1712312031073 0.3904103823006153 0
1712312031107 0.3903008960187435 0
1712312031143 0.3902014531195164 0
1712312031181 0.390056774020195 0
1712312031224 0.38990842178463936 0
1712312031266 0.38977036997675896 0
1712312031300 0.38962703570723534 0
1712312031334 0.38953157141804695 0
