1730456148318 0.8170254230499268 0
1730456148357 0.8043052554130554 0
1730456148394 0.8023483157157898 0
1730456148432 0.7925636172294617 0
1730456148470 0.8043052554130554 0
1730456148509 0.8043052554130554 0
1730456148549 0.7896282076835632 0
1730456148587 0.790606677532196 0
1730456148636 0.8101761341094971 0
1730456148675 0.8003913760185242 0
1730456148717 0.7759295701980591 0
1730456148754 0.7641878724098206 0
1730456148791 0.7886496782302856 0
1730456148828 0.801369845867157 0
1730456148864 0.8268101811408997 0
1730456148901 0.8679060935974121 0
1730456148938 0.8855186104774475 0
1730456148976 0.8992172479629517 0
1730456149014 0.908023476600647 0
1730456149051 0.8992172479629517 0
1730456149087 0.9295498728752136 0
1730456149124 0.9471624493598938 0
1730456149162 0.9814090132713318 0
1730456149199 1.0019569396972656 0
1730456149236 1.0322896242141724 0
1730456149274 1.0322896242141724 0
1730456149326 1.0499022006988525 0
1730456149367 1.057729959487915 0
1730456149407 1.068493127822876 0
1730456149447 1.0675146579742432 0
1730456149484 1.0772993564605713 0
1730456149520 1.0929549932479858 0
