1730456148309 0.6917657889425755 0
1730456148348 0.6844476722180843 0
1730456148385 0.675024289637804 0
1730456148423 0.660992868244648 0
1730456148460 0.6390776187181473 0
1730456148500 0.6060666888952255 0
1730456148540 0.5626698881387711 0
1730456148578 0.5142021775245667 0
1730456148626 0.4688114747405052 0
1730456148666 0.4341489430516958 0
1730456148706 0.41395970061421394 0
1730456148745 0.4044545851647854 0
1730456148782 0.3997379057109356 0
1730456148819 0.3969815783202648 0
1730456148855 0.3952431119978428 0
1730456148892 0.3940797261893749 0
1730456148929 0.393360061571002 0
1730456148967 0.3928461316972971 0
1730456149004 0.3924920279532671 0
1730456149041 0.3922179099172354 0
1730456149078 0.39202411100268364 0
1730456149115 0.3918582368642092 0
1730456149152 0.39172022975981236 0
1730456149190 0.3916106019169092 0
1730456149227 0.3914980459958315 0
1730456149265 0.3913837652653456 0
1730456149302 0.3912910223007202 0
1730456149357 0.3911977466195822 0
1730456149397 0.3910965081304312 0
1730456149437 0.39102418161928654 0
1730456149474 0.39094170928001404 0
1730456149511 0.3908326104283333 0
