1732270590056 0.690832849704858 0
1732270590125 0.6777799382354274 0
1732270590195 0.652861172502691 0
1732270590267 0.6053546630974972 0
1732270590347 0.5292183720704281 0
1732270590420 0.45462310946348944 0
1732270590489 0.41614826971834357 0
1732270590565 0.40271651473912323 0
1732270590744 0.39727291826045874 0
1732270590846 0.3956035745866371 0
1732270590912 0.39430056647820905 0
1732270591020 0.3935277633594744 0
1732270591146 0.39294694318915857 0
1732270591206 0.39275897362015466 0
1732270591262 0.3925544899521452 0
1732270591315 0.39246637441895227 0
1732270591371 0.3921486157359499 0
1732270591430 0.39232327269785333 0
1732270591497 0.3924712764494347 0
1732270591553 0.3920314438415296 0
1732270591623 0.3918162855235013 0
1732270591686 0.39198465871088434 0
1732270591745 0.3921237389246623 0
1732270591805 0.3918552209030498 0
1732270591875 0.39169395963350934 0
1732270591937 0.39187333619955816 0
1732270591998 0.3914864171635021 0
1732270592058 0.39148365728782886 0
1732270592114 0.3915489839785027 0
1732270592168 0.3913995190100236 0
1732270592222 0.3913010060787201 0
