1718964928296 0.7950248718261719 0
1718964928344 0.8009950518608093 0
1718964928417 0.8039801120758057 0
1718964928691 0.8099502325057983 0
1718964928828 0.8189054727554321 0
1718964929014 0.8029850721359253 0
1718964929073 0.813930332660675 0
1718964929124 0.8218905329704285 0
1718964929271 0.804975152015686 0
1718964929429 0.8009950518608093 0
1718964929527 0.8039801120758057 0
1718964929582 0.804975152015686 0
1718964929626 0.8019900321960449 0
1718964929671 0.7940298318862915 0
1718964929715 0.7940298318862915 0
1718964929757 0.7960199117660522 0
1718964929800 0.8089552521705627 0
1718964929844 0.8218905329704285 0
1718964929887 0.8208954930305481 0
1718964929930 0.8208954930305481 0
1718964929972 0.8318408131599426 0
1718964930025 0.8437811136245728 0
1718964930092 0.8557214140892029 0
1718964930172 0.8487561941146851 0
1718964930224 0.8666666746139526 0
1718964930277 0.8825870752334595 0
1718964930337 0.8835821151733398 0
1718964930388 0.8915423154830933 0
1718964930445 0.8945273756980896 0
1718964930497 0.8895522356033325 0
1718964930544 0.9094527363777161 0
1718964930902 0.9034826159477234 0
1718964931044 0.9104477763175964 0
1718964931283 0.911442756652832 0
1718964931425 0.939303457736969 0
1718964931482 0.9402984976768494 0
1718964931542 0.9353233575820923 0
1718964931603 0.9522387981414795 0
1718964931666 0.9562188982963562 0
1718964931727 0.9601989984512329 0
1718964931776 0.9701492786407471 0
1718964931824 0.9601989984512329 0
1718964931874 0.9761193990707397 0
1718964931928 0.9631840586662292 0
1718964931987 0.9691542387008667 0
1718964932046 0.9880596995353699 0
1718964932090 0.9960198998451233 0
1718964932166 1.0109453201293945 0
1718964932265 1.0089552402496338 0
1718964932310 1.0089552402496338 0
1718964932358 1.0268657207489014 0
1718964932426 1.0288556814193726 0
1718964932476 1.029850721359253 0
1718964932532 1.0218905210494995 0
1718964932585 1.039801001548767 0
1718964932636 1.036815881729126 0
