1718964928278 0.6945843547582626 0
1718964928331 0.6897074654698372 0
1718964928395 0.6845680549740791 0
1718964928669 0.6786136403679848 0
1718964928770 0.6711630970239639 0
1718964928996 0.6615689173340797 0
1718964929063 0.6487720236182213 0
1718964929109 0.6317435204982758 0
1718964929219 0.6094046086072922 0
1718964929404 0.5812077298760414 0
1718964929503 0.5475737527012825 0
1718964929572 0.5109217613935471 0
1718964929615 0.4756675660610199 0
1718964929661 0.4462173357605934 0
1718964929704 0.42568810656666756 0
1718964929747 0.41355113685131073 0
1718964929790 0.4068186804652214 0
1718964929834 0.40283913537859917 0
1718964929876 0.39995142444968224 0
1718964929920 0.3976841904222965 0
1718964929962 0.3960551731288433 0
1718964930011 0.3949209786951542 0
1718964930071 0.39415569975972176 0
1718964930155 0.3936093598604202 0
1718964930212 0.3932371735572815 0
1718964930261 0.39293892309069633 0
1718964930322 0.3927036412060261 0
1718964930374 0.39255203679203987 0
1718964930434 0.3924209624528885 0
1718964930482 0.3923185244202614 0
1718964930533 0.39223483204841614 0
1718964930887 0.39215199276804924 0
1718964930955 0.39209090545773506 0
1718964931269 0.3920118622481823 0
1718964931410 0.39197760447859764 0
1718964931468 0.39191974699497223 0
1718964931525 0.39186304062604904 0
1718964931586 0.39182519540190697 0
1718964931648 0.39177412912249565 0
1718964931713 0.39172644540667534 0
1718964931766 0.39166920632123947 0
1718964931814 0.39164499938488007 0
1718964931862 0.39160991460084915 0
1718964931911 0.3915436156094074 0
1718964931971 0.391522154211998 0
1718964932030 0.3914604038000107 0
1718964932079 0.3914315924048424 0
1718964932133 0.3913770914077759 0
1718964932254 0.3913375474512577 0
1718964932299 0.391297560185194 0
1718964932346 0.39125337824225426 0
1718964932401 0.3912018649280071 0
1718964932461 0.39115000516176224 0
1718964932519 0.39110540971159935 0
1718964932572 0.3910733386874199 0
1718964932623 0.39102739095687866 0
