1691748742582 0.8101660013198853 0
1691748742638 0.8163900375366211 0
1691748742793 0.8049792647361755 0
1691748742912 0.7811203598976135 0
1691748742999 0.7987551689147949 0
1691748743096 0.7987551689147949 0
1691748743200 0.8641079068183899 0
1691748743361 0.910788357257843 0
1691748743488 0.9242738485336304 0
1691748743575 0.9190871119499207 0
1691748743702 0.9481327533721924 0
1691748743824 0.9771783947944641 0
1691748743912 1.0145227909088135 0
1691748744020 0.9595435857772827 0
1691748744113 1.0082987546920776 0
1691748744179 1.0456432104110718 0
1691748744285 1.0331950187683105 0
1691748744346 1.0612033605575562 0
1691748744395 1.0549792051315308 0
1691748744513 1.0394190549850464 0
