1691748742576 0.6938208378851414 0
1691748742633 0.6756250523030758 0
1691748742784 0.6321913711726665 0
1691748742903 0.5424578376114368 0
1691748742988 0.44236722961068153 0
1691748743066 0.40486515685915947 0
1691748743187 0.39648234099149704 0
1691748743270 0.3936110734939575 0
1691748743472 0.39260139875113964 0
1691748743569 0.39236265048384666 0
1691748743670 0.3920313846319914 0
1691748743810 0.3917603027075529 0
1691748743901 0.39188012667000294 0
1691748744014 0.3917325846850872 0
1691748744097 0.39134592935442924 0
1691748744172 0.39102309569716454 0
1691748744241 0.3914079889655113 0
1691748744341 0.3912837617099285 0
1691748744390 0.3907426167279482 0
1691748744507 0.3909410312771797 0
