1717755212344 0.6730952467769384 0
1717755212410 0.5625718124210835 0
1717755212723 0.40865861624479294 0
1717755212787 0.39362314250320196 0
1717755212977 0.3924927515909076 0
1717755213050 0.39222774654626846 0
1717755213240 0.39189253095537424 0
1717755213385 0.3916539642959833 0
1717755213450 0.3914061523973942 0
1717755213516 0.39107836317270994 0
1717755213702 0.39077476505190134 0
1717755213763 0.3904176792129874 0
1717755213863 0.3899421989917755 0
1717755213987 0.389683173969388 0
1717755214050 0.38917086739093065 0
1717755214112 0.3887591101229191 0
1717755214176 0.38830341678112745 0
1717755214241 0.3877850854769349 0
1717755214308 0.38723580073565245 0
1717755214494 0.3867242904379964 0
