1717755212352 0.7916251420974731 0
1717755212417 0.8025922179222107 0
1717755212731 0.8185443878173828 0
1717755212795 0.9002991318702698 0
1717755212986 0.9252243041992188 0
1717755213062 0.9670987129211426 0
1717755213326 1.0129611492156982 0
1717755213393 1.0458624362945557 0
1717755213458 1.10468590259552 0
1717755213524 1.0687936544418335 0
1717755213710 1.1704884767532349 0
1717755213771 1.1605184078216553 0
1717755213873 1.2502492666244507 0
1717755213995 1.2911266088485718 0
1717755214058 1.3130607604980469 0
1717755214120 1.3419740200042725 0
1717755214184 1.4187437295913696 0
1717755214248 1.4955134391784668 0
1717755214316 1.5304087400436401 0
1717755214501 1.5972083806991577 0
