1699006367654 0.6903582476079464 0
1699006367684 0.669616412371397 0
1699006367714 0.628189492970705 0
1699006367742 0.5514715053141117 0
1699006367771 0.46264455281198025 0
1699006367799 0.41542613692581654 0
1699006367828 0.40188043750822544 0
1699006367856 0.3959289565682411 0
1699006367885 0.3936720993369818 0
1699006368105 0.39255692809820175 0
1699006368163 0.3922970835119486 0
1699006368192 0.39211451075971127 0
1699006368222 0.3918965980410576 0
1699006368251 0.39174807630479336 0
1699006368280 0.39173613488674164 0
1699006368308 0.3913756553083658 0
1699006368337 0.3912712298333645 0
1699006368366 0.3909518960863352 0
1699006368395 0.390964362770319 0
1699006368425 0.39055199921131134 0
1699006368454 0.39040225744247437 0
