1699006367659 0.8338461518287659 0
1699006367689 0.8153846263885498 0
1699006367718 0.7979487180709839 0
1699006367747 0.8061538338661194 0
1699006367776 0.7907692193984985 0
1699006367804 0.8010256290435791 0
1699006367833 0.8102564215660095 0
1699006367861 0.8246153593063354 0
1699006367890 0.8666666746139526 0
1699006368111 0.9158974289894104 0
1699006368168 0.9200000166893005 0
1699006368197 0.9353846311569214 0
1699006368227 0.9661538600921631 0
1699006368256 0.9753845930099487 0
1699006368285 0.9907692074775696 0
1699006368313 1.0133333206176758 0
1699006368342 1.005128264427185 0
1699006368371 1.0399999618530273 0
1699006368400 1.0461539030075073 0
1699006368430 1.0912820100784302 0
1699006368460 1.0943589210510254 0
