1721988837782 0.8007928729057312 0
1721988837826 0.7978196144104004 0
1721988837920 0.7561942338943481 0
1721988837992 0.766105055809021 0
1721988838034 0.7789890766143799 0
1721988838076 0.7641229033470154 0
1721988838119 0.7720515131950378 0
1721988838160 0.7770069241523743 0
1721988838205 0.7779980301856995 0
1721988838317 0.7720515131950378 0
1721988838372 0.7888998985290527 0
1721988838414 0.7958374619483948 0
1721988838456 0.8602576851844788 0
1721988838496 0.8840436339378357 0
1721988838537 0.9147670865058899 0
1721988838577 0.9276511669158936 0
1721988838617 0.9514370560646057 0
1721988838660 0.9890981316566467 0
1721988838702 0.9722497463226318 0
1721988838743 0.9910802841186523 0
1721988838783 1.0158573389053345 0
1721988838824 1.0099108219146729 0
1721988838916 1.0 0
1721988838995 1.0247770547866821 0
