1721988837772 0.6912184357643127 0
1721988837817 0.6831341683864594 0
1721988837909 0.6724337041378021 0
1721988837983 0.6560938358306885 0
1721988838026 0.6296206191182137 0
1721988838067 0.5886257067322731 0
1721988838109 0.5321010276675224 0
1721988838151 0.4692362993955612 0
1721988838195 0.4204597771167755 0
1721988838307 0.40051862597465515 0
1721988838363 0.39817463979125023 0
1721988838405 0.39622852951288223 0
1721988838447 0.39359528943896294 0
1721988838487 0.39261532202363014 0
1721988838528 0.3924203887581825 0
1721988838568 0.39222799614071846 0
1721988838608 0.3920624554157257 0
1721988838650 0.3919636458158493 0
1721988838692 0.391893420368433 0
1721988838734 0.3918198272585869 0
1721988838774 0.39172789081931114 0
1721988838815 0.3916308730840683 0
1721988838897 0.3915400393307209 0
1721988838986 0.3914203718304634 0
