1731665757542 0.689556423574686 0
1731665757592 0.6844103373587132 0
1731665757642 0.6767583582550287 0
1731665757691 0.6630723439157009 0
1731665757741 0.6393208932131529 0
1731665757791 0.5996078476309776 0
1731665757840 0.5464977994561195 0
1731665757890 0.4957388062030077 0
1731665757939 0.45832678861916065 0
1731665757988 0.4348423648625612 0
1731665758038 0.42031634878367186 0
1731665758088 0.4111578203737736 0
1731665758138 0.40518214274197817 0
1731665758187 0.4008545447140932 0
1731665758236 0.3978108000010252 0
1731665758289 0.39582816045731306 0
1731665758338 0.39451947156339884 0
1731665758388 0.39363286551088095 0
1731665758438 0.3930216785520315 0
1731665758488 0.39261435344815254 0
1731665758538 0.3923359652981162 0
1731665758588 0.3920940663665533 0
1731665758639 0.39192808885127306 0
1731665758689 0.39177601784467697 0
1731665758739 0.3916805684566498 0
1731665758789 0.3915821360424161 0
1731665758839 0.3914773929864168 0
1731665758889 0.39138756785541773 0
1731665758939 0.39130076114088297 0
1731665758989 0.3912003692239523 0
1731665759039 0.3911136705428362 0
