1731665757551 0.8076171875 0
1731665757602 0.796875 0
1731665757651 0.7861328125 0
1731665757701 0.767578125 0
1731665757750 0.7470703125 0
1731665757801 0.7470703125 0
1731665757850 0.7373046875 0
1731665757899 0.7353515625 0
1731665757949 0.728515625 0
1731665757998 0.7373046875 0
1731665758048 0.748046875 0
1731665758098 0.740234375 0
1731665758148 0.748046875 0
1731665758197 0.7470703125 0
1731665758246 0.76953125 0
1731665758298 0.7861328125 0
1731665758348 0.8076171875 0
1731665758398 0.8134765625 0
1731665758448 0.8212890625 0
1731665758498 0.8623046875 0
1731665758548 0.8759765625 0
1731665758598 0.8837890625 0
1731665758648 0.9306640625 0
1731665758698 0.9560546875 0
1731665758748 0.9775390625 0
1731665758799 0.9931640625 0
1731665758849 0.99609375 0
1731665758899 1.0234375 0
1731665758949 1.025390625 0
1731665758999 1.0439453125 0
1731665759049 1.0556640625 0
