1691143984762 0.6845393478870392 0
1691143984795 0.6743554770946503 0
1691143984828 0.6604916676878929 0
1691143984862 0.6400983855128288 0
1691143984896 0.6105976775288582 0
1691143984928 0.5704648569226265 0
1691143984961 0.5215405561029911 0
1691143984994 0.4711768962442875 0
1691143985026 0.43128301948308945 0
1691143985058 0.410073921084404 0
1691143985091 0.40288179740309715 0
1691143985124 0.399355985224247 0
1691143985156 0.39621907100081444 0
1691143985188 0.3940133564174175 0
1691143985226 0.39318715408444405 0
1691143985378 0.39273737743496895 0
1691143985411 0.392482977360487 0
1691143985444 0.3922693245112896 0
1691143985476 0.39218735694885254 0
1691143985508 0.39209382981061935 0
1691143985541 0.3919827230274677 0
1691143985573 0.39189374074339867 0
1691143985607 0.3918166309595108 0
1691143985639 0.3917517848312855 0
1691143985673 0.3916717395186424 0
1691143985705 0.3916570879518986 0
1691143985738 0.3915315605700016 0
1691143985770 0.3914072997868061 0
1691143985802 0.3913560174405575 0
1691143985834 0.3912164568901062 0
1691143985867 0.3911302536725998 0
1691143985900 0.39106034860014915 0
1691143985932 0.3909127078950405 0
1691143985964 0.3908138833940029 0
1691143985996 0.39070889726281166 0
1691143986029 0.3906164802610874 0
1691143986062 0.39052577689290047 0
