1710497571250 0.8104838728904724 0
1710497571354 0.8225806355476379 0
1710497571407 0.819556474685669 0
1710497571457 0.8165322542190552 0
1710497571504 0.8215726017951965 0
1710497571548 0.8175403475761414 0
1710497571599 0.8185483813285828 0
1710497571731 0.8155242204666138 0
1710497571779 0.8497983813285828 0
1710497571830 0.8860887289047241 0
1710497571932 0.90625 0
1710497572002 0.9495967626571655 0
1710497572053 0.96875 0
1710497572149 0.9889112710952759 0
1710497572358 1.0252015590667725 0
1710497572457 1.0272177457809448 0
1710497572510 1.055443525314331 0
1710497572555 1.086693525314331 0
1710497572605 1.086693525314331 0
