1710497571217 0.6892155967652798 0
1710497571346 0.6689556688070297 0
1710497571395 0.618879783898592 0
1710497571448 0.5293771959841251 0
1710497571495 0.4438683670014143 0
1710497571537 0.411681504920125 0
1710497571589 0.4005427807569504 0
1710497571722 0.3953984286636114 0
1710497571770 0.3934863302856684 0
1710497571820 0.3926714863628149 0
1710497571922 0.3922769334167242 0
1710497571994 0.3920409195125103 0
1710497572042 0.39189463667571545 0
1710497572092 0.39179605059325695 0
1710497572331 0.39161023683845997 0
1710497572445 0.3914986550807953 0
1710497572499 0.39128287695348263 0
1710497572545 0.3911245334893465 0
1710497572593 0.390899246558547 0
