1717150467955 0.7794411182403564 0
1717150468018 0.7794411182403564 0
1717150468160 0.7894211411476135 0
1717150468220 0.7914171814918518 0
1717150468285 0.9041916131973267 0
1717150468348 0.9301397204399109 0
1717150468414 0.9540917873382568 0
1717150468557 1.0059880018234253 0
1717150468716 1.018962025642395 0
1717150469012 1.0728542804718018 0
1717150469165 1.0608782768249512 0
1717150469227 1.1157684326171875 0
1717150469485 1.1457085609436035 0
1717150469585 1.1996008157730103 0
1717150469644 1.2245508432388306 0
1717150469702 1.2654690742492676 0
1717150469801 1.276447057723999 0
1717150469911 1.3193613290786743 0
1717150470431 1.361277461051941 0
1717150470631 1.4720559120178223 0
1717150470730 1.4720559120178223 0
