1717150467946 0.6836216188967228 0
1717150468007 0.6282261535525322 0
1717150468150 0.49888353794813156 0
1717150468208 0.4055814892053604 0
1717150468273 0.39636646769940853 0
1717150468337 0.39281035400927067 0
1717150468402 0.39228364638984203 0
1717150468548 0.3920267876237631 0
1717150468647 0.3917629811912775 0
1717150468946 0.39155902713537216 0
1717150469154 0.3913026060909033 0
1717150469217 0.3910576067864895 0
1717150469472 0.3907824158668518 0
1717150469575 0.39043873734772205 0
1717150469634 0.39016040973365307 0
1717150469692 0.3898144904524088 0
1717150469784 0.38942929543554783 0
1717150469863 0.38907917961478233 0
1717150470361 0.38862827979028225 0
1717150470617 0.3881953712552786 0
1717150470717 0.38770461082458496 0
