1701425848830 0.6811608150601387 0
1701425848890 0.6217375658452511 0
1701425848955 0.4841731730848551 0
1701425849015 0.40597952902317047 0
1701425849082 0.3949769139289856 0
1701425849151 0.39253683015704155 0
1701425849214 0.3918957430869341 0
1701425849277 0.39168765023350716 0
1701425849342 0.3914613164961338 0
1701425849405 0.39117787778377533 0
1701425849460 0.3908778317272663 0
1701425849514 0.390459394082427 0
1701425849568 0.39013461396098137 0
1701425849622 0.3897536117583513 0
1701425849675 0.3893427699804306 0
1701425849729 0.38892279751598835 0
