1696587195090 0.6973174624145031 0
1696587195144 0.6867433823645115 0
1696587195191 0.6725665926933289 0
1696587195240 0.6461123898625374 0
1696587195291 0.5986487939953804 0
1696587195341 0.5265325587242842 0
1696587195387 0.4523021038621664 0
1696587195434 0.4110446535050869 0
1696587195484 0.3995392192155123 0
1696587195532 0.39584653824567795 0
1696587195582 0.3936578035354614 0
1696587195631 0.3928973600268364 0
1696587195683 0.3924825079739094 0
1696587195739 0.3924124240875244 0
1696587195791 0.39200175553560257 0
1696587195842 0.39198690839111805 0
1696587195893 0.3918492216616869 0
1696587195985 0.39167326875030994 0
1696587196040 0.39158946834504604 0
1696587196120 0.39153515361249447 0
