1696587195096 0.8045267462730408 0
1696587195150 0.7839506268501282 0
1696587195197 0.7962962985038757 0
1696587195245 0.7890946269035339 0
1696587195298 0.7674897313117981 0
1696587195346 0.7788065671920776 0
1696587195393 0.7952674627304077 0
1696587195441 0.7788065671920776 0
1696587195489 0.806584358215332 0
1696587195538 0.8508230447769165 0
1696587195588 0.8621399402618408 0
1696587195637 0.8744856119155884 0
1696587195689 0.9125514626502991 0
1696587195746 0.9629629850387573 0
1696587195797 0.9681069850921631 0
1696587195848 1.0010287761688232 0
1696587195899 1.0092592239379883 0
1696587195991 1.0051440000534058 0
1696587196046 1.002057671546936 0
1696587196261 1.0267490148544312 0
