1681553220013 0.6881053447723389 0
1681553220046 0.6820664927363396 0
1681553220076 0.67486272752285 0
1681553220106 0.6647443547844887 0
1681553220137 0.6504602879285812 0
1681553220166 0.6305648237466812 0
1681553220196 0.6041703522205353 0
1681553220227 0.5716913416981697 0
1681553220259 0.5339479520916939 0
1681553220288 0.49478887766599655 0
1681553220317 0.45980254560709 0
1681553220348 0.4324873872101307 0
1681553220377 0.4149262569844723 0
1681553220406 0.40671465545892715 0
1681553220436 0.40274620801210403 0
1681553220467 0.3996042162179947 0
1681553220497 0.39718539640307426 0
1681553220527 0.3956828750669956 0
1681553220557 0.39438533037900925 0
1681553220586 0.39368249848484993 0
1681553220615 0.39326202124357224 0
1681553220645 0.39278852194547653 0
1681553220673 0.3923349380493164 0
1681553220702 0.3921869099140167 0
1681553220733 0.39202258735895157 0
1681553220763 0.3918849974870682 0
1681553220792 0.39171724393963814 0
1681553220822 0.3916819654405117 0
1681553220853 0.39154796302318573 0
1681553220882 0.39148809388279915 0
1681553220910 0.3914812132716179 0
1681553220939 0.39139001443982124 0
1681553220969 0.39124060794711113 0
1681553220998 0.3911951631307602 0
1681553221030 0.39106566086411476 0
1681553221059 0.3911156579852104 0
1681553221091 0.3908003345131874 0
1681553221120 0.39085617661476135 0
1681553221150 0.3907281570136547 0
1681553221179 0.39066413044929504 0
1681553221208 0.3905413821339607 0
1681553221237 0.3904852382838726 0
