1681553220016 0.8198103308677673 0
1681553220049 0.805057942867279 0
1681553220079 0.7892518639564514 0
1681553220110 0.7955743074417114 0
1681553220140 0.8071654438972473 0
1681553220170 0.8198103308677673 0
1681553220200 0.8187565803527832 0
1681553220231 0.8092729449272156 0
1681553220262 0.8324552178382874 0
1681553220291 0.8440463542938232 0
1681553220321 0.8482613563537598 0
1681553220351 0.8324552178382874 0
1681553220380 0.8282402753829956 0
1681553220409 0.8366701602935791 0
1681553220439 0.8461538553237915 0
1681553220470 0.8377239108085632 0
1681553220500 0.8461538553237915 0
1681553220530 0.841938853263855 0
1681553220560 0.8756585717201233 0
1681553220589 0.8714436292648315 0
1681553220619 0.8661749362945557 0
1681553220648 0.8693361282348633 0
1681553220676 0.8767123222351074 0
1681553220705 0.8967334032058716 0
1681553220736 0.918861985206604 0
1681553220766 0.9367755651473999 0
1681553220796 0.9304531216621399 0
1681553220826 0.9736564755439758 0
1681553220856 0.9884088635444641 0
1681553220885 0.9820864200592041 0
1681553220914 0.9915700554847717 0
1681553220943 1.0042150020599365 0
1681553220972 0.9989462494850159 0
1681553221001 1.0052686929702759 0
1681553221033 1.0189673900604248 0
1681553221063 1.0210747718811035 0
1681553221094 1.0421496629714966 0
1681553221123 1.0442571640014648 0
1681553221153 1.0495258569717407 0
1681553221182 1.068493127822876 0
1681553221212 1.0853530168533325 0
1681553221241 1.089568018913269 0
