1720174488763 0.6704208329319954 0
1720174488838 0.5636659152805805 0
1720174488912 0.4110051104798913 0
1720174488988 0.3937389887869358 0
1720174489087 0.39245182275772095 0
1720174489162 0.39213040564209223 0
1720174489234 0.3919061692431569 0
1720174489305 0.39160943031311035 0
1720174489385 0.3911724127829075 0
1720174489461 0.3910050569102168 0
1720174489534 0.390581869520247 0
1720174489619 0.3902989672496915 0
1720174489717 0.38987950049340725 0
1720174489837 0.3894932894036174 0
1720174489956 0.38901248667389154 0
1720174490052 0.38861473090946674 0
