1723803256176 0.6938071623444557 0
1723803256240 0.656403636559844 0
1723803256315 0.5581492306664586 0
1723803256385 0.44317703135311604 0
1723803256453 0.40284649189561605 0
1723803256508 0.39501820132136345 0
1723803256569 0.3931286120787263 0
1723803256630 0.3924997989088297 0
1723803256687 0.39219370018690825 0
1723803256744 0.3919916609302163 0
1723803256795 0.3918125070631504 0
1723803256847 0.39156755059957504 0
1723803256899 0.3914404707029462 0
1723803256951 0.3912071790546179 0
1723803257005 0.39099857956171036 0
1723803257065 0.3907158449292183 0
1723803257146 0.3904890576377511 0
1723803257211 0.39022958651185036 0
1723803257269 0.38995158951729536 0
1723803257427 0.3896396439522505 0
1723803257483 0.3893383601680398 0
