1689934431644 0.6894611194729805 0
1689934431690 0.6607668995857239 0
1689934431734 0.6008953899145126 0
1689934431779 0.5006372667849064 0
1689934431822 0.41843464225530624 0
1689934431865 0.40826253965497017 0
1689934431909 0.39822595566511154 0
1689934431953 0.3925733119249344 0
1689934431996 0.3931337296962738 0
1689934432040 0.3918985202908516 0
1689934432083 0.3916567377746105 0
1689934432126 0.3913560211658478 0
1689934432170 0.39109519124031067 0
1689934432213 0.3907807134091854 0
1689934432256 0.39067038521170616 0
1689934432300 0.39034528657794 0
1689934432350 0.39017366617918015 0
1689934432394 0.3898131884634495 0
1689934432438 0.3895239531993866 0
1689934432481 0.38914915174245834 0
1689934432526 0.3888755701482296 0
1689934432570 0.3884308412671089 0
1689934432615 0.3880872614681721 0
1689934432659 0.3876827508211136 0
1689934432703 0.387189157307148 0
1689934432746 0.3867012560367584 0
1689934432789 0.386148352175951 0
