1706263956440 0.6821659915149212 0
1706263956494 0.6378437988460064 0
1706263956545 0.5361816715449095 0
1706263956598 0.41938370652496815 0
1706263956650 0.39816049486398697 0
1706263956703 0.3933979161083698 0
1706263956763 0.3927701357752085 0
1706263956823 0.3923129513859749 0
1706263956880 0.39211602322757244 0
1706263956938 0.3920138571411371 0
1706263956996 0.39168425276875496 0
1706263957048 0.39162507094442844 0
1706263957102 0.3913183659315109 0
1706263957154 0.39116639271378517 0
1706263957206 0.39093409292399883 0
1706263957258 0.3907358516007662 0
1706263957313 0.3903681393712759 0
1706263957367 0.39020393230021 0
1706263957420 0.3898636009544134 0
1706263957474 0.3896770551800728 0
1706263957527 0.3894387762993574 0
1706263957581 0.38910469226539135 0
1706263957634 0.3888335730880499 0
