1715940786926 0.8190000057220459 0
1715940786980 0.8399999737739563 0
1715940787039 0.8709999918937683 0
1715940787096 0.9079999923706055 0
1715940787153 0.9589999914169312 0
1715940787215 0.996999979019165 0
1715940787273 1.0199999809265137 0
1715940787329 1.0709999799728394 0
1715940787389 1.0720000267028809 0
1715940787449 1.1469999551773071 0
1715940787504 1.1890000104904175 0
1715940787561 1.2480000257492065 0
1715940787621 1.274999976158142 0
1715940787672 1.2960000038146973 0
1715940787724 1.3609999418258667 0
1715940787776 1.3839999437332153 0
1715940787827 1.468000054359436 0
