1714126413734 0.7695390582084656 0
1714126413778 0.7735471129417419 0
1714126413813 0.7805611491203308 0
1714126413845 0.7815631031990051 0
1714126413876 0.7825651168823242 0
1714126413908 0.788577139377594 0
1714126413941 0.797595202922821 0
1714126413973 0.788577139377594 0
1714126414005 0.8086172342300415 0
1714126414036 0.8146292567253113 0
1714126414067 0.8276553153991699 0
1714126414098 0.8096192479133606 0
1714126414129 0.8276553153991699 0
1714126414162 0.7995991706848145 0
1714126414194 0.796593189239502 0
1714126414225 0.7935871481895447 0
1714126414256 0.8056111931800842 0
1714126414288 0.8006011843681335 0
1714126414319 0.8016031980514526 0
1714126414351 0.8156312704086304 0
1714126414383 0.8106212615966797 0
1714126414414 0.8036072254180908 0
1714126414446 0.8056111931800842 0
1714126414484 0.8116232752799988 0
1714126414520 0.8166332840919495 0
1714126414553 0.8106212615966797 0
1714126414587 0.8096192479133606 0
1714126414618 0.8146292567253113 0
1714126414649 0.8186372518539429 0
1714126414681 0.8186372518539429 0
1714126414713 0.820641279220581 0
1714126414745 0.8266533017158508 0
1714126414777 0.828657329082489 0
1714126414811 0.8416833877563477 0
1714126414842 0.8557114005088806 0
1714126414873 0.874749481678009 0
1714126414906 0.8857715725898743 0
1714126414938 0.8937875628471375 0
1714126414969 0.8837675452232361 0
1714126415000 0.8977956175804138 0
1714126415031 0.8837675452232361 0
1714126415063 0.8937875628471375 0
1714126415095 0.891783595085144 0
1714126415126 0.9008015990257263 0
1714126415158 0.9218437075614929 0
1714126415190 0.9268537163734436 0
1714126415223 0.9438877701759338 0
1714126415254 0.9529058337211609 0
1714126415286 0.9629258513450623 0
1714126415317 0.9579158425331116 0
1714126415348 0.9639278650283813 0
1714126415379 0.9709419012069702 0
1714126415412 0.9699398875236511 0
1714126415444 0.9849699139595032 0
1714126415478 0.9799599051475525 0
1714126415511 0.9799599051475525 0
1714126415543 0.9759519100189209 0
1714126415577 0.9829659461975098 0
1714126415613 0.9899799823760986 0
1714126415646 0.9969939589500427 0
1714126415679 1.0 0
1714126415711 1.0030059814453125 0
1714126415745 1.0100200176239014 0
1714126415777 1.0110220909118652 0
1714126415808 1.0230461359024048 0
1714126415844 1.0290580987930298 0
1714126415879 1.037074089050293 0
1714126415913 1.0290580987930298 0
1714126415947 1.0390781164169312 0
1714126415983 1.0380761623382568 0
1714126416017 1.0450901985168457 0
1714126416112 1.0531061887741089 0
1714126416150 1.0541082620620728 0
1714126416183 1.0601202249526978 0
1714126416215 1.0691382884979248 0
1714126416249 1.0761523246765137 0
