1723198526813 0.8150346279144287 0
1723198527043 0.8377843499183655 0
1723198527130 0.8219584822654724 0
1723198527213 0.8130564093589783 0
1723198527409 0.8140454888343811 0
1723198527493 0.8100889921188354 0
1723198527688 0.8071216344833374 0
1723198527776 0.8090999126434326 0
1723198527864 0.805143415927887 0
1723198527947 0.8120672702789307 0
1723198528187 0.8249258399009705 0
1723198528286 0.8783382773399353 0
1723198528354 0.9090009927749634 0
1723198528423 0.9188922047615051 0
1723198528489 0.9357072114944458 0
1723198528774 0.9396637082099915 0
1723198528869 0.9742828607559204 0
1723198528960 0.9604352116584778 0
1723198529040 0.9821958541870117 0
1723198529185 1.012858510017395 0
1723198529518 1.0346192121505737 0
1723198529599 1.0286844968795776 0
1723198529677 1.046488642692566 0
1723198529750 1.0573689937591553 0
1723198529908 1.0751731395721436 0
1723198529986 1.0999010801315308 0
