1723198526790 0.692277230322361 0
1723198527021 0.6827624663710594 0
1723198527114 0.6689315214753151 0
1723198527197 0.6462480872869492 0
1723198527394 0.6095883697271347 0
1723198527476 0.5555102527141571 0
1723198527666 0.4892699867486954 0
1723198527756 0.43122854828834534 0
1723198527850 0.40338292345404625 0
1723198527932 0.399008072912693 0
1723198528171 0.39677317813038826 0
1723198528272 0.39364681765437126 0
1723198528341 0.3924526683986187 0
1723198528409 0.3923184983432293 0
1723198528476 0.39209581166505814 0
1723198528757 0.391922190785408 0
1723198528847 0.3918183371424675 0
1723198528941 0.3917509354650974 0
1723198529024 0.3916251063346863 0
1723198529163 0.39152446761727333 0
1723198529502 0.3914168030023575 0
1723198529585 0.39129751548171043 0
1723198529663 0.391204297542572 0
1723198529733 0.39107925817370415 0
1723198529894 0.3909686915576458 0
1723198529972 0.3908384293317795 0
