1712916793205 0.6908411830663681 0
1712916793234 0.6872323602437973 0
1712916793262 0.683402456343174 0
1712916793292 0.6788277179002762 0
1712916793320 0.673021636903286 0
1712916793348 0.665193185210228 0
1712916793377 0.654571957886219 0
1712916793406 0.6401415094733238 0
1712916793434 0.6207818239927292 0
1712916793461 0.5959861129522324 0
1712916793489 0.5656475201249123 0
1712916793516 0.5310695692896843 0
1712916793545 0.49523475766181946 0
1712916793573 0.4620784521102905 0
1712916793604 0.4355139210820198 0
1712916793636 0.41745491325855255 0
1712916793664 0.4073730558156967 0
1712916793693 0.4022087976336479 0
1712916793722 0.39936918765306473 0
1712916793751 0.39742106199264526 0
1712916793780 0.39582623913884163 0
1712916793809 0.39473769813776016 0
1712916793838 0.3939848355948925 0
1712916793867 0.39348842203617096 0
1712916794250 0.39312953129410744 0
1712916794296 0.39289990067481995 0
1712916794334 0.3927377499639988 0
1712916794365 0.3926204852759838 0
1712916794395 0.3925488479435444 0
1712916794423 0.392456728965044 0
1712916794451 0.39238416031003 0
1712916794479 0.39234014600515366 0
1712916794507 0.39226875081658363 0
1712916794535 0.3922523446381092 0
1712916794563 0.3921901024878025 0
1712916794591 0.39215919375419617 0
1712916794619 0.39215658232569695 0
1712916794647 0.3920900486409664 0
1712916794675 0.3920521065592766 0
1712916794703 0.3920040726661682 0
1712916794730 0.3919839933514595 0
1712916794758 0.3919443227350712 0
1712916794785 0.3919120542705059 0
