1716545639775 0.8071928024291992 0
1716545639833 0.8021978139877319 0
1716545639887 0.8001998066902161 0
1716545639952 0.8031967878341675 0
1716545640013 0.953046977519989 0
1716545640165 0.9810189604759216 0
1716545640364 0.9990010261535645 0
1716545640494 1.0289710760116577 0
1716545640571 1.0499500036239624 0
1716545640635 1.1148850917816162 0
1716545640695 1.1488511562347412 0
1716545640759 1.136863112449646 0
1716545640821 1.2217782735824585 0
1716545640881 1.2887113094329834 0
1716545640935 1.3096903562545776 0
1716545640989 1.3706294298171997 0
1716545641043 1.3906093835830688 0
1716545641097 1.4645354747772217 0
1716545641152 1.5424575805664062 0
