1715940778343 0.8240000009536743 0
1715940778374 0.8309999704360962 0
1715940778405 0.8519999980926514 0
1715940778436 0.8420000076293945 0
1715940778469 0.8259999752044678 0
1715940778499 0.8529999852180481 0
1715940778530 0.8569999933242798 0
1715940778560 0.8349999785423279 0
1715940778590 0.8529999852180481 0
1715940778622 0.8640000224113464 0
1715940778653 0.8349999785423279 0
1715940778684 0.8659999966621399 0
1715940778714 0.8920000195503235 0
1715940778745 0.9340000152587891 0
1715940778776 0.9449999928474426 0
1715940778807 0.9509999752044678 0
1715940778837 0.9700000286102295 0
1715940778868 0.9710000157356262 0
1715940778898 0.9750000238418579 0
1715940778929 0.9860000014305115 0
1715940778959 1.003999948501587 0
1715940778992 1.0210000276565552 0
1715940779022 1.0329999923706055 0
1715940779053 1.0410000085830688 0
1715940779083 1.059000015258789 0
