1688724881093 0.6907652840018272 0
1688724881131 0.6823642775416374 0
1688724881167 0.6718599572777748 0
1688724881205 0.6573129594326019 0
1688724881242 0.6364629492163658 0
1688724881279 0.6067704260349274 0
1688724881315 0.5660409703850746 0
1688724881351 0.5160215236246586 0
1688724881387 0.4632341042160988 0
1688724881422 0.42146648466587067 0
1688724881460 0.400703776627779 0
1688724881495 0.39651626721024513 0
1688724881530 0.3959255516529083 0
1688724881569 0.39433612674474716 0
1688724881608 0.39322805032134056 0
1688724881651 0.3928208574652672 0
1688724881742 0.39266836270689964 0
1688724881784 0.3925756476819515 0
1688724881825 0.39237482473254204 0
1688724881864 0.3923688381910324 0
1688724881904 0.3922906033694744 0
1688724882014 0.39220627397298813 0
1688724882155 0.39209260791540146 0
1688724882241 0.39207475259900093 0
1688724882304 0.3920143097639084 0
1688724882477 0.3919638656079769 0
1688724882517 0.39186902716755867 0
1688724882554 0.3918270990252495 0
1688724882590 0.39167311787605286 0
1688724882627 0.39160963147878647 0
1688724882662 0.3914758004248142 0
1688724882696 0.39145463332533836 0
1688724882731 0.39134998992085457 0
1688724882767 0.391262773424387 0
1688724882801 0.3912389799952507 0
1688724882837 0.39111094176769257 0
1688724882872 0.390994343906641 0
1688724882907 0.3909069634974003 0
1688724882942 0.3908694423735142 0
1688724882978 0.39078400656580925 0
1688724883013 0.39067405834794044 0
1688724883047 0.3905242457985878 0
1688724883082 0.39058303087949753 0
1688724883181 0.39038868248462677 0
1688724883221 0.39031756296753883 0
1688724883261 0.3901571296155453 0
1688724883302 0.3901239074766636 0
1688724883342 0.38988999277353287 0
1688724883378 0.3898206204175949 0
1688724883414 0.3897428512573242 0
1688724883452 0.38963981717824936 0
1688724883487 0.3895120657980442 0
1688724883522 0.38935431465506554 0
1688724883557 0.3893117345869541 0
