1688724881097 0.7947916388511658 0
1688724881135 0.7989583611488342 0
1688724881172 0.7927083373069763 0
1688724881209 0.815625011920929 0
1688724881247 0.8041666746139526 0
1688724881283 0.815625011920929 0
1688724881319 0.796875 0
1688724881355 0.7979166507720947 0
1688724881391 0.800000011920929 0
1688724881427 0.8041666746139526 0
1688724881464 0.8020833134651184 0
1688724881499 0.8104166388511658 0
1688724881534 0.8104166388511658 0
1688724881574 0.8291666507720947 0
1688724881613 0.9010416865348816 0
1688724881656 0.9052083492279053 0
1688724881747 0.9041666388511658 0
1688724881789 0.9291666746139526 0
1688724881830 0.9322916865348816 0
1688724881869 0.9375 0
1688724881909 0.9395833611488342 0
1688724882037 0.9760416746139526 0
1688724882175 0.9666666388511658 0
1688724882248 0.9520833492279053 0
1688724882310 0.9697916507720947 0
1688724882483 0.9750000238418579 0
1688724882522 1.0041667222976685 0
1688724882559 1.009374976158142 0
1688724882595 1.0020833015441895 0
1688724882631 0.9989583492279053 0
1688724882667 1.0083333253860474 0
1688724882701 0.9916666746139526 0
1688724882735 1.0166666507720947 0
1688724882771 1.0333333015441895 0
1688724882805 1.0302083492279053 0
1688724882841 1.0385416746139526 0
1688724882877 1.0635416507720947 0
1688724882911 1.0760416984558105 0
1688724882947 1.0750000476837158 0
1688724882982 1.0947916507720947 0
1688724883017 1.1302083730697632 0
1688724883052 1.1302083730697632 0
1688724883087 1.1302083730697632 0
1688724883186 1.1552083492279053 0
1688724883225 1.1552083492279053 0
1688724883266 1.1749999523162842 0
1688724883307 1.181249976158142 0
1688724883346 1.1833332777023315 0
1688724883382 1.178125023841858 0
1688724883419 1.1979166269302368 0
1688724883456 1.2177083492279053 0
1688724883491 1.2177083492279053 0
1688724883526 1.2354166507720947 0
1688724883562 1.2510416507720947 0
