1688724858957 0.793749988079071 0
1688724859015 0.800000011920929 0
1688724859073 0.8031250238418579 0
1688724859132 0.8104166388511658 0
1688724859187 0.8114583492279053 0
1688724859248 0.8052083253860474 0
1688724859306 0.8041666746139526 0
1688724859364 0.8062499761581421 0
1688724859409 0.8166666626930237 0
1688724859459 0.8374999761581421 0
1688724859515 0.8729166388511658 0
1688724859568 0.9239583611488342 0
1688724859615 0.934374988079071 0
1688724859669 0.9520833492279053 0
1688724859723 0.9750000238418579 0
1688724859792 0.9635416865348816 0
1688724859842 1.0 0
1688724859896 1.0177083015441895 0
1688724859948 1.0145833492279053 0
1688724860008 1.0229166746139526 0
1688724860076 1.0395833253860474 0
1688724860138 0.9885416626930237 0
1688724860195 1.03125 0
1688724860251 1.0604166984558105 0
1688724860307 1.0552083253860474 0
1688724860366 1.0968749523162842 0
1688724860424 1.1135417222976685 0
1688724860478 1.1229166984558105 0
1688724860542 1.1291667222976685 0
1688724860779 1.1354166269302368 0
1688724860848 1.1677082777023315 0
1688724861020 1.1739583015441895 0
1688724861078 1.1989582777023315 0
1688724861125 1.2145832777023315 0
1688724861180 1.243749976158142 0
1688724861246 1.256250023841858 0
1688724861306 1.3010417222976685 0
1688724861356 1.2833333015441895 0
1688724861394 1.3250000476837158 0
1688724861433 1.3489583730697632 0
1688724861469 1.3666666746139526 0
1688724861506 1.3947917222976685 0
1688724861547 1.3989583253860474 0
