1688724858948 0.691225029528141 0
1688724859010 0.6784104034304619 0
1688724859064 0.6589760184288025 0
1688724859127 0.6271489337086678 0
1688724859179 0.5770535916090012 0
1688724859242 0.5090973526239395 0
1688724859298 0.4415424317121506 0
1688724859356 0.40612994879484177 0
1688724859404 0.40138669684529305 0
1688724859454 0.39814016595482826 0
1688724859503 0.3938555270433426 0
1688724859563 0.3929964490234852 0
1688724859610 0.39279891178011894 0
1688724859660 0.39245498925447464 0
1688724859714 0.3922858014702797 0
1688724859786 0.3922400660812855 0
1688724859837 0.39201557263731956 0
1688724859891 0.3919425532221794 0
1688724859940 0.39185022190213203 0
1688724860003 0.391691118478775 0
1688724860071 0.3915927931666374 0
1688724860127 0.39147670939564705 0
1688724860186 0.39135026186704636 0
1688724860245 0.39123790338635445 0
1688724860302 0.3911426290869713 0
1688724860360 0.3909896984696388 0
1688724860416 0.3908086083829403 0
1688724860471 0.39072584733366966 0
1688724860537 0.3906257227063179 0
1688724860599 0.39042549207806587 0
1688724860839 0.3903363347053528 0
1688724861016 0.3901166096329689 0
1688724861072 0.3900430202484131 0
1688724861119 0.3898474834859371 0
1688724861174 0.3896952085196972 0
1688724861234 0.3894716687500477 0
1688724861298 0.3893820345401764 0
1688724861349 0.38913101330399513 0
1688724861389 0.3889852426946163 0
1688724861429 0.3887771666049957 0
1688724861464 0.38851936161518097 0
1688724861501 0.38840117678046227 0
1688724861542 0.38817252591252327 0
