1714126406332 0.7035462856292725 0
1714126406362 0.7002451568841934 0
1714126406392 0.6970074325799942 0
1714126406422 0.6935717090964317 0
1714126406452 0.6896224096417427 0
1714126406481 0.6846822649240494 0
1714126406508 0.6781571730971336 0
1714126406536 0.6695210486650467 0
1714126406567 0.6581138446927071 0
1714126406600 0.6435646936297417 0
1714126406633 0.6259590536355972 0
1714126406666 0.6052576079964638 0
1714126406700 0.5816338583827019 0
1714126406772 0.555614598095417 0
1714126406797 0.5284172371029854 0
1714126406823 0.5012858659029007 0
1714126406848 0.47685302793979645 0
1714126406873 0.45609522610902786 0
1714126406899 0.4398016184568405 0
1714126406924 0.42772792652249336 0
1714126406950 0.4191518649458885 0
1714126406975 0.41277361288666725 0
1714126407001 0.408264447003603 0
1714126407027 0.40479733422398567 0
1714126407054 0.40205568075180054 0
1714126407079 0.39990614727139473 0
1714126407105 0.398202259093523 0
1714126407131 0.3969142623245716 0
1714126407156 0.39585866034030914 0
1714126407182 0.3950386270880699 0
1714126407208 0.39441119506955147 0
1714126407235 0.3938963934779167 0
1714126407261 0.39348889142274857 0
1714126407286 0.3931673616170883 0
1714126407312 0.39291976019740105 0
1714126407382 0.39270660653710365 0
1714126407411 0.3925415314733982 0
1714126407443 0.3924200162291527 0
1714126407474 0.3923410661518574 0
1714126407507 0.39220432192087173 0
1714126407649 0.392104834318161 0
1714126407677 0.39202437549829483 0
1714126407705 0.3919614814221859 0
1714126407732 0.3919023163616657 0
1714126407758 0.39180802926421165 0
1714126407832 0.39179017022252083 0
1714126407907 0.3917153552174568 0
1714126407980 0.3916808031499386 0
1714126408031 0.39160727337002754 0
1714126408064 0.3915863446891308 0
1714126408097 0.39150580391287804 0
1714126408129 0.39145780354738235 0
1714126408161 0.39140576124191284 0
1714126408191 0.3913700021803379 0
1714126408224 0.39132165536284447 0
1714126408262 0.3912467248737812 0
1714126408307 0.3911968171596527 0
1714126408354 0.391146007925272 0
1714126408395 0.391089603304863 0
1714126408425 0.39101584628224373 0
1714126408451 0.3909710980951786 0
1714126408477 0.3909294866025448 0
1714126408503 0.39086949452757835 0
1714126408529 0.39078836143016815 0
1714126408554 0.39073246717453003 0
1714126408580 0.3906772769987583 0
1714126408607 0.39060867205262184 0
1714126408633 0.3905619755387306 0
1714126408660 0.3904971294105053 0
1714126408686 0.3904383033514023 0
1714126408711 0.3903650678694248 0
