1714126406340 0.7875751256942749 0
1714126406369 0.788577139377594 0
1714126406401 0.8016031980514526 0
1714126406430 0.8176352977752686 0
1714126406460 0.8316633105278015 0
1714126406488 0.8416833877563477 0
1714126406515 0.8266533017158508 0
1714126406543 0.8276553153991699 0
1714126406576 0.797595202922821 0
1714126406609 0.7925851941108704 0
1714126406641 0.7805611491203308 0
1714126406676 0.7635270357131958 0
1714126406708 0.7705410718917847 0
1714126406778 0.7525050044059753 0
1714126406804 0.7494990229606628 0
1714126406829 0.7505009770393372 0
1714126406854 0.7474949955940247 0
1714126406880 0.7585170269012451 0
1714126406906 0.7735471129417419 0
1714126406931 0.7725450992584229 0
1714126406956 0.7845691442489624 0
1714126406982 0.7855711579322815 0
1714126407008 0.7855711579322815 0
1714126407034 0.7865731716156006 0
1714126407060 0.7895791530609131 0
1714126407086 0.7915831804275513 0
1714126407112 0.7995991706848145 0
1714126407137 0.8026052117347717 0
1714126407163 0.8026052117347717 0
1714126407189 0.8136272430419922 0
1714126407215 0.8476954102516174 0
1714126407241 0.8657314777374268 0
1714126407267 0.8617234230041504 0
1714126407293 0.8737474679946899 0
1714126407361 0.8847695589065552 0
1714126407389 0.8837675452232361 0
1714126407419 0.8867735266685486 0
1714126407451 0.8977956175804138 0
1714126407484 0.905811607837677 0
1714126407513 0.913827657699585 0
1714126407656 0.9278557300567627 0
1714126407684 0.9318637251853943 0
1714126407712 0.9488977789878845 0
1714126407739 0.9498997926712036 0
1714126407766 0.9509018063545227 0
1714126407843 0.9559118151664734 0
1714126407918 0.9619238376617432 0
1714126407991 0.9749498963356018 0
1714126408039 0.9969939589500427 0
1714126408072 0.9989979863166809 0
1714126408105 1.0170340538024902 0
1714126408136 1.0210421085357666 0
1714126408170 1.0340681076049805 0
1714126408198 1.0290580987930298 0
1714126408231 1.037074089050293 0
1714126408279 1.037074089050293 0
1714126408317 1.0390781164169312 0
1714126408364 1.0541082620620728 0
1714126408403 1.0751502513885498 0
1714126408432 1.0811623334884644 0
1714126408458 1.0651302337646484 0
1714126408484 1.0761523246765137 0
1714126408510 1.0821642875671387 0
1714126408535 1.0881763696670532 0
1714126408561 1.0921844244003296 0
1714126408587 1.1002004146575928 0
1714126408613 1.099198341369629 0
1714126408641 1.1092184782028198 0
1714126408667 1.1312625408172607 0
1714126408692 1.1312625408172607 0
1714126408718 1.1312625408172607 0
