1712916781361 0.6872620433568954 0
1712916781501 0.6762898862361908 0
1712916781533 0.66197320073843 0
1712916781566 0.6389178782701492 0
1712916781602 0.5997829809784889 0
1712916781751 0.5387250483036041 0
1712916781783 0.4651455171406269 0
1712916781818 0.4130455031991005 0
1712916781849 0.4023733362555504 0
1712916782087 0.3996668681502342 0
1712916782126 0.39418305084109306 0
1712916782156 0.393125232309103 0
1712916782186 0.3928881734609604 0
1712916782216 0.3924329802393913 0
1712916782246 0.3923049084842205 0
1712916782275 0.3922250419855118 0
1712916782304 0.39210518822073936 0
1712916782334 0.3919956125319004 0
1712916782364 0.3919026479125023 0
1712916782395 0.3918219432234764 0
1712916782426 0.3916778489947319 0
1712916782457 0.39157870039343834 0
1712916782488 0.39146360009908676 0
1712916782668 0.3913528397679329 0
1712916782781 0.3912379667162895 0
1712916782867 0.3911285139620304 0
1712916782896 0.39102260023355484 0
1712916782927 0.39089324325323105 0
1712916782959 0.3907669149339199 0
1712916782990 0.39064400643110275 0
1712916783020 0.390495240688324 0
1712916783050 0.39037130400538445 0
1712916783080 0.3902115635573864 0
1712916783111 0.3900613598525524 0
1712916783143 0.38988082483410835 0
1712916783178 0.38972217962145805 0
1712916783213 0.3895394690334797 0
1712916783249 0.38934479281306267 0
1712916783289 0.38920872658491135 0
1712916783323 0.38893451914191246 0
1712916783357 0.38873061910271645 0
1712916783391 0.38852665200829506 0
1712916783425 0.3882330320775509 0
1712916783458 0.3879972957074642 0
