1683281611223 0.6848450973629951 0
1683281611251 0.6768597438931465 0
1683281611278 0.6663976535201073 0
1683281611305 0.6524673104286194 0
1683281611331 0.6340346112847328 0
1683281611358 0.6106826364994049 0
1683281611384 0.5828391686081886 0
1683281611411 0.5510618090629578 0
1683281611438 0.5175445824861526 0
1683281611465 0.48551712557673454 0
1683281611491 0.4583568125963211 0
1683281611518 0.4377325065433979 0
1683281611545 0.4243496283888817 0
1683281611572 0.4150860533118248 0
1683281611598 0.4085126593708992 0
1683281611626 0.40405023097991943 0
1683281611653 0.4003004878759384 0
1683281611683 0.3977315165102482 0
1683281611710 0.39620234817266464 0
1683281611737 0.39469875395298004 0
1683281611764 0.39391618967056274 0
1683281611790 0.39324886724352837 0
1683281611817 0.3927535265684128 0
1683281611843 0.3923843093216419 0
1683281611869 0.39215514808893204 0
1683281611896 0.3920339420437813 0
1683281611923 0.3917732797563076 0
1683281611950 0.39177264645695686 0
