1694772786315 0.7843137383460999 0
1694772786354 0.818369448184967 0
1694772786394 0.8049535751342773 0
1694772786434 0.8121774792671204 0
1694772786475 0.8080495595932007 0
1694772786514 0.8028895854949951 0
1694772786553 0.7997936010360718 0
1694772786596 0.8080495595932007 0
1694772786636 0.8059855699539185 0
1694772786676 0.8008255958557129 0
1694772786715 0.792569637298584 0
1694772786752 0.7822497487068176 0
1694772786791 0.8214654326438904 0
1694772786829 0.8441692590713501 0
1694772786867 0.8802889585494995 0
1694772786906 0.8998968005180359 0
1694772786948 0.9050567746162415 0
1694772786985 0.91744065284729 0
