1697796765819 0.8036999106407166 0
1697796765894 0.8057553768157959 0
1697796765954 0.8098663687705994 0
1697796765982 0.8088386654853821 0
1697796766011 0.8047276735305786 0
1697796766039 0.8006166219711304 0
1697796766068 0.806783139705658 0
1697796766173 0.8036999106407166 0
1697796766216 0.8129496574401855 0
1697796766244 0.8622816205024719 0
1697796766273 0.9249743223190308 0
1697796766301 0.9568345546722412 0
1697796766335 0.9743062853813171 0
1697796766373 0.9743062853813171 0
1697796766407 1.0318602323532104 0
1697796766438 1.0256937742233276 0
