1697796765813 0.6903477348387241 0
1697796765888 0.6737278252840042 0
1697796765950 0.6420224346220493 0
1697796765977 0.5843742676079273 0
1697796766006 0.5038949083536863 0
1697796766034 0.43793101608753204 0
1697796766063 0.4113377220928669 0
1697796766165 0.39950350672006607 0
1697796766211 0.39512318558990955 0
1697796766240 0.3932953793555498 0
1697796766268 0.3924375809729099 0
1697796766297 0.39220790937542915 0
1697796766330 0.3918730989098549 0
1697796766367 0.391797823831439 0
1697796766401 0.3916742205619812 0
1697796766433 0.39144833385944366 0
