1699611128622 0.6801208779215813 0
1699611128651 0.6525441557168961 0
1699611128679 0.5982329323887825 0
1699611128707 0.5065193884074688 0
1699611128735 0.4183874540030956 0
1699611128762 0.4030742086470127 0
1699611128794 0.40081365779042244 0
1699611128822 0.393221914768219 0
1699611128851 0.39381441101431847 0
1699611128910 0.39268117025494576 0
1699611128937 0.3923186659812927 0
1699611128965 0.39209261909127235 0
1699611128993 0.39186736196279526 0
1699611129020 0.39166369661688805 0
1699611129050 0.39148836582899094 0
1699611129079 0.39130739122629166 0
1699611129107 0.39113837480545044 0
1699611129135 0.39097071811556816 0
1699611129165 0.39072583243250847 0
1699611129197 0.3904540129005909 0
1699611129227 0.3903474360704422 0
1699611129255 0.3901098556816578 0
1699611129283 0.389888696372509 0
1699611129311 0.38963189721107483 0
1699611129341 0.38942477107048035 0
1699611129370 0.3891792558133602 0
1699611129397 0.38888562470674515 0
1699611129426 0.38862380757927895 0
