1699611128627 0.8350409865379333 0
1699611128657 0.8227459192276001 0
1699611128684 0.8104507923126221 0
1699611128712 0.8155737519264221 0
1699611128739 0.8176229596138 0
1699611128767 0.8165983557701111 0
1699611128800 0.8995901346206665 0
1699611128827 0.9159836173057556 0
1699611128886 0.9375 0
1699611128914 0.9569672346115112 0
1699611128942 0.9743852615356445 0
1699611128970 0.9877049326896667 0
1699611128998 1.0092213153839111 0
1699611129026 1.002049207687378 0
1699611129054 1.0040984153747559 0
1699611129084 1.050204873085022 0
1699611129112 1.064549207687378 0
1699611129140 1.065573811531067 0
1699611129172 1.113729476928711 0
1699611129202 1.123975396156311 0
1699611129232 1.1506147384643555 0
1699611129260 1.1875 0
1699611129288 1.2079918384552002 0
1699611129316 1.2038934230804443 0
1699611129346 1.252049207687378 0
1699611129375 1.2264344692230225 0
1699611129403 1.2694672346115112 0
1699611129431 1.3278688192367554 0
