1730456160353 0.6855044364929199 0
1730456160388 0.6750539988279343 0
1730456160422 0.6596000492572784 0
1730456160463 0.6350540295243263 0
1730456160505 0.5980584621429443 0
1730456160541 0.5483062714338303 0
1730456160578 0.49210429564118385 0
1730456160620 0.4443465434014797 0
1730456160702 0.417268268764019 0
1730456160738 0.4067266620695591 0
1730456160774 0.40058334171772003 0
1730456160809 0.3958513215184212 0
1730456160844 0.39355121925473213 0
1730456160880 0.3925752602517605 0
1730456160915 0.39204875379800797 0
1730456160949 0.3917194530367851 0
1730456160984 0.39153390005230904 0
1730456161019 0.39134248346090317 0
1730456161054 0.39120611920952797 0
1730456161089 0.3910748362541199 0
1730456161123 0.39094728603959084 0
