1715940780737 0.6941158920526505 0
1715940780774 0.6849616356194019 0
1715940780811 0.6718275472521782 0
1715940780848 0.6491528302431107 0
1715940780884 0.6097529493272305 0
1715940780921 0.5497784987092018 0
1715940780958 0.47937121242284775 0
1715940780995 0.4246273245662451 0
1715940781033 0.4018838796764612 0
1715940781069 0.396579222753644 0
1715940781105 0.39463899098336697 0
1715940781141 0.3934585750102997 0
1715940781178 0.39285298623144627 0
1715940781214 0.39260033145546913 0
1715940781249 0.3924062270671129 0
1715940781286 0.3922898657619953 0
1715940781322 0.39215429313480854 0
1715940781360 0.3921098168939352 0
1715940781396 0.3920108452439308 0
1715940781432 0.39192699640989304 0
1715940781468 0.3918647300451994 0
1715940781508 0.39179678820073605 0
1715940781544 0.39170538634061813 0
1715940781579 0.3916366584599018 0
1715940781615 0.39151787012815475 0
1715940781651 0.3914576880633831 0
1715940781686 0.3913573008030653 0
1715940781722 0.3912745378911495 0
1715940781757 0.39114985242486 0
1715940781794 0.3911354783922434 0
