1696587207535 0.6720848294996447 0
1696587207604 0.5458299940632235 0
1696587207672 0.40547238434514693 0
1696587207738 0.39338649569019196 0
1696587207806 0.3924505460646845 0
1696587207871 0.3921998585424116 0
1696587207937 0.3917671634304908 0
1696587208031 0.3916505488657182 0
1696587208100 0.3912703356435222 0
1696587208166 0.39086142278486685 0
1696587208232 0.3905562691150173 0
1696587208296 0.3902248297968218 0
1696587208367 0.38964033126831055 0
1696587208437 0.389204494414791 0
1696587208516 0.3885300640136965 0
