1696587207542 0.8271604776382446 0
1696587207609 0.8230452537536621 0
1696587207678 0.8343621492385864 0
1696587207744 0.8858024477958679 0
1696587207812 0.9372428059577942 0
1696587207877 0.9763374328613281 0
1696587207942 1.002057671546936 0
1696587208038 1.0267490148544312 0
1696587208105 1.1162551641464233 0
1696587208172 1.106995940208435 0
1696587208237 1.1923868656158447 0
1696587208302 1.2469135522842407 0
1696587208373 1.252057671546936 0
1696587208443 1.2767490148544312 0
1696587208523 1.4043209552764893 0
