1706868817962 0.6813311129808426 0
1706868817999 0.675415888428688 0
1706868818030 0.6683031395077705 0
1706868818061 0.6591997072100639 0
1706868818090 0.6468430012464523 0
1706868818119 0.6297009438276291 0
1706868818151 0.6066682785749435 0
1706868818189 0.57618498057127 0
1706868818224 0.5377688482403755 0
1706868818254 0.49418048560619354 0
1706868818286 0.452917642891407 0
1706868818321 0.42273130640387535 0
1706868818357 0.40739868953824043 0
1706868818389 0.40173331275582314 0
1706868818421 0.3991445526480675 0
1706868818452 0.3967716209590435 0
1706868818484 0.3949875310063362 0
1706868818515 0.3939448706805706 0
1706868818545 0.39337780326604843 0
1706868818625 0.3930273987352848 0
1706868818686 0.39287006109952927 0
1706868818717 0.3926403522491455 0
1706868818746 0.39255833625793457 0
1706868818781 0.39245234429836273 0
1706868818880 0.39238937571644783 0
1706868818955 0.39235080033540726 0
1706868818993 0.3922831751406193 0
1706868819036 0.3922423794865608 0
1706868819075 0.3921249024569988 0
1706868819117 0.39213335141539574 0
1706868819155 0.3920627012848854 0
1706868819189 0.392021045088768 0
1706868819221 0.3919753432273865 0
1706868819256 0.3919208198785782 0
1706868819286 0.39184193313121796 0
1706868819317 0.3918117620050907 0
1706868819347 0.39173634722828865 0
1706868819376 0.39170585945248604 0
1706868819408 0.39167918264865875 0
1706868819440 0.3915954977273941 0
1706868819472 0.39154259860515594 0
1706868819502 0.39147524163126945 0
1706868819535 0.39145367965102196 0
1706868819563 0.3914065398275852 0
1706868819594 0.39131762832403183 0
1706868819623 0.3912516348063946 0
1706868819652 0.3912188299000263 0
1706868819682 0.3911403752863407 0
1706868819719 0.39106954261660576 0
1706868819773 0.39099761471152306 0
1706868819814 0.3909599594771862 0
1706868819853 0.39090150594711304 0
1706868819895 0.3908468037843704 0
1706868819934 0.3907577842473984 0
1706868819975 0.390668798238039 0
1706868820018 0.390580203384161 0
1706868820055 0.39051415026187897 0
1706868820090 0.3903874568641186 0
1706868820124 0.3903811648488045 0
1706868820152 0.3902699239552021 0
