1701425847709 0.6518975727019771 0
1701425847770 0.45196688175201416 0
1701425847829 0.395457713834701 0
1701425847889 0.39275463742594563 0
1701425847953 0.39227476043085896 0
1701425848019 0.39204240902777643 0
1701425848080 0.39161505622248494 0
1701425848140 0.39108770508919993 0
1701425848197 0.39067458145080075 0
1701425848258 0.39007726984639324 0
1701425848323 0.38960093740494023 0
1701425848387 0.3890812397003174 0
1701425848446 0.38822501320992747 0
1701425848504 0.387463943612191 0
1701425848560 0.3865513955393145 0
1701425848616 0.38559230873661654 0
1701425848671 0.3845509319536148 0
1701425848727 0.3832109916594721 0
