1701425847716 0.7946884632110596 0
1701425847776 0.8038815259933472 0
1701425847835 0.8978549838066101 0
1701425847896 0.9172624945640564 0
1701425847960 0.9918283820152283 0
1701425848026 1.0306434631347656 0
1701425848087 1.0551583766937256 0
1701425848146 1.1225740909576416 0
1701425848203 1.2073544263839722 0
1701425848265 1.2298263311386108 0
1701425848330 1.2104188203811646 0
1701425848394 1.3094995021820068 0
1701425848452 1.3922369480133057 0
1701425848509 1.5352400541305542 0
1701425848566 1.5219612121582031 0
1701425848622 1.6281920671463013 0
1701425848677 1.6813074350357056 0
1701425848733 1.6864147186279297 0
