1695982357173 0.6934245452284813 0
1695982357221 0.690195307135582 0
1695982357294 0.6868515685200691 0
1695982357332 0.6831532046198845 0
1695982357370 0.6787531301379204 0
1695982357410 0.6733784675598145 0
1695982357483 0.6664901152253151 0
1695982357542 0.6576659455895424 0
1695982357770 0.646146684885025 0
1695982357813 0.631102904677391 0
1695982357851 0.612130418419838 0
1695982357904 0.5888193175196648 0
1695982357980 0.5611062422394753 0
1695982358059 0.5307211130857468 0
1695982358117 0.4990970902144909 0
1695982358160 0.4689590819180012 0
1695982358200 0.44276853650808334 0
1695982358264 0.4225412979722023 0
1695982358373 0.4092854894697666 0
1695982358441 0.4016043059527874 0
1695982358509 0.397891778498888 0
1695982358558 0.39619170874357224 0
1695982358608 0.3952753394842148 0
1695982358834 0.3945573680102825 0
1695982358918 0.39404092356562614 0
1695982358976 0.3936038874089718 0
1695982359017 0.3932962976396084 0
1695982359056 0.3930271230638027 0
1695982359127 0.39282920584082603 0
1695982359175 0.3926979824900627 0
1695982359212 0.3925817869603634 0
1695982359249 0.3924597352743149 0
1695982359320 0.39236894994974136 0
1695982359422 0.3923286385834217 0
1695982359463 0.3922729454934597 0
1695982359509 0.3921970874071121 0
1695982359598 0.39212876930832863 0
1695982359677 0.3920825645327568 0
1695982359713 0.392037820070982 0
1695982359751 0.3920438289642334 0
