1695982357178 0.7682801485061646 0
1695982357233 0.7723996043205261 0
1695982357299 0.7971163988113403 0
1695982357337 0.7981462478637695 0
1695982357375 0.7991760969161987 0
1695982357415 0.794026792049408 0
1695982357505 0.8032955527305603 0
1695982357596 0.809474766254425 0
1695982357777 0.8063851594924927 0
1695982357819 0.794026792049408 0
1695982357856 0.786817729473114 0
1695982357919 0.794026792049408 0
1695982357995 0.8012358546257019 0
1695982358073 0.792996883392334 0
1695982358125 0.7816683650016785 0
1695982358165 0.7816683650016785 0
1695982358206 0.7816683650016785 0
1695982358316 0.78578782081604 0
1695982358393 0.7971163988113403 0
1695982358450 0.8002059459686279 0
1695982358519 0.794026792049408 0
1695982358563 0.7878475785255432 0
1695982358620 0.7899073362350464 0
1695982358840 0.7960864901542664 0
1695982358923 0.8002059459686279 0
1695982358981 0.8341915607452393 0
1695982359023 0.8578784465789795 0
1695982359063 0.900102972984314 0
1695982359142 0.9155510067939758 0
1695982359180 0.9309989809989929 0
1695982359217 0.9412976503372192 0
1695982359254 0.9423274993896484 0
1695982359334 0.9526261687278748 0
1695982359427 0.9588053822517395 0
1695982359469 0.9515963196754456 0
1695982359514 0.9588053822517395 0
1695982359627 0.9515963196754456 0
1695982359682 0.9670442938804626 0
1695982359718 0.9649845361709595 0
1695982359756 0.9608650803565979 0
