1709287955628 0.8242424130439758 0
1709287955689 0.8272727131843567 0
1709287955740 0.8252525329589844 0
1709287955792 0.9040403962135315 0
1709287955844 0.9575757384300232 0
1709287955906 0.9777777791023254 0
1709287955965 1.016161561012268 0
1709287956021 1.042424201965332 0
1709287956072 1.0565656423568726 0
1709287956124 1.1353535652160645 0
1709287956177 1.18989896774292 0
1709287956236 1.1767677068710327 0
1709287956288 1.2696969509124756 0
1709287956344 1.2696969509124756 0
1709287956396 1.3333333730697632 0
