1709287955619 0.6714649181212148 0
1709287955682 0.5483654554813139 0
1709287955733 0.4116306506818341 0
1709287955785 0.39447028406204715 0
1709287955837 0.3926177842001761 0
1709287955899 0.3922420528627211 0
1709287955957 0.39203598326252354 0
1709287956014 0.39176652219987684 0
1709287956066 0.39155769636554105 0
1709287956117 0.3911930226510571 0
1709287956170 0.39092783005006854 0
1709287956229 0.3906358278566791 0
1709287956281 0.39021710811122773 0
1709287956336 0.38981391729847076 0
1709287956390 0.3893482569725283 0
