1698401506701 0.6936288783627171 0
1698401506740 0.6771224410303177 0
1698401506778 0.6426618291485694 0
1698401506818 0.5766232052157002 0
1698401506855 0.48810557876863786 0
1698401506893 0.4233158019281203 0
1698401506930 0.4018525981133984 0
1698401506968 0.3962973750406696 0
1698401507006 0.3940283175437681 0
1698401507045 0.39308651128122885 0
1698401507084 0.3925505261267385 0
1698401507123 0.39226212616889705 0
1698401507162 0.39204665922349496 0
1698401507200 0.39190291877715816 0
1698401507238 0.39176845454400583 0
1698401507275 0.39170694543469337 0
1698401507313 0.391568862622784 0
1698401507350 0.39135837170385546 0
1698401507387 0.3912685648087532 0
1698401507424 0.3911527347180151 0
1698401507462 0.3909772624892573 0
1698401507499 0.39086787258425065 0
