1695982352558 0.6820777803659439 0
1695982352618 0.6755687594413757 0
1695982352680 0.668075680732727 0
1695982352743 0.6589883267879486 0
1695982352803 0.647233173251152 0
1695982352868 0.6319616511464119 0
1695982352923 0.6126599907875061 0
1695982352985 0.5887663140892982 0
1695982353042 0.5606533512473106 0
1695982353102 0.5300501808524132 0
1695982353159 0.499115914106369 0
1695982353213 0.4704841636121273 0
1695982353279 0.4471733197569847 0
1695982353336 0.4296272583305836 0
1695982353403 0.41809456422924995 0
1695982353456 0.4104721024632454 0
1695982353523 0.4057627096772194 0
1695982353585 0.4023773819208145 0
1695982353646 0.3994060903787613 0
1695982353781 0.39738399162888527 0
1695982353849 0.3958357535302639 0
1695982353917 0.3949122317135334 0
1695982353975 0.394072238355875 0
1695982354038 0.39352523162961006 0
1695982354101 0.3930479548871517 0
1695982354153 0.3927300274372101 0
1695982354198 0.392529871314764 0
1695982354247 0.3923839293420315 0
1695982354297 0.3922092467546463 0
1695982354344 0.39211635664105415 0
1695982354392 0.3920019157230854 0
1695982354439 0.39194146543741226 0
1695982354471 0.3918160982429981 0
1695982354501 0.3918089121580124 0
1695982354530 0.39174576476216316 0
1695982354559 0.3916412778198719 0
1695982354588 0.39166126400232315 0
1695982354617 0.3915686681866646 0
