1721384018215 0.6729199793189764 0
1721384018260 0.6056065578013659 0
1721384018304 0.46012196876108646 0
1721384018348 0.40507795102894306 0
1721384018393 0.3958008475601673 0
1721384018440 0.3934431802481413 0
1721384018486 0.39251949824392796 0
1721384018534 0.3920130245387554 0
1721384018582 0.3916469309478998 0
1721384018637 0.3914102176204324 0
1721384018686 0.39110859110951424 0
1721384018734 0.3907587332651019 0
1721384018783 0.3904536599293351 0
1721384018838 0.39018792659044266 0
1721384018889 0.3898045113310218 0
1721384018936 0.3893610183149576 0
1721384018984 0.3889665240421891 0
1721384019029 0.3884887872263789 0
