1721384018223 0.8035714030265808 0
1721384018268 0.8095238208770752 0
1721384018312 0.7976190447807312 0
1721384018356 0.8055555820465088 0
1721384018401 0.879960298538208 0
1721384018448 0.9226190447807312 0
1721384018494 0.932539701461792 0
1721384018542 0.9553571343421936 0
1721384018590 1.0079364776611328 0
1721384018646 1.0416666269302368 0
1721384018693 1.0535714626312256 0
1721384018742 1.0853174924850464 0
1721384018792 1.1418651342391968 0
1721384018847 1.1597222089767456 0
1721384018897 1.1875 0
1721384018944 1.2390873432159424 0
1721384018991 1.259920597076416 0
1721384019040 1.3244047164916992 0
