1685700741478 0.6846889793872833 0
1685700741536 0.6739559948444367 0
1685700741593 0.6549985547860463 0
1685700741650 0.611991838614146 0
1685700741705 0.535657920440038 0
1685700741818 0.4554264297087987 0
1685700741918 0.4138591895500819 0
1685700741977 0.4015599618355433 0
1685700742032 0.397196880976359 0
1685700742100 0.3950369010368983 0
1685700742157 0.3938665250937144 0
1685700742218 0.3932494541009267 0
1685700742279 0.3928568760553996 0
1685700742336 0.39264226257801055 0
1685700742392 0.3924550712108612 0
1685700742449 0.3923332740863164 0
1685700742506 0.3922569751739502 0
