1691143979815 0.7798545956611633 0
1691143979878 0.7892004251480103 0
1691143979941 0.7995846271514893 0
1691143980004 0.7964693903923035 0
1691143980067 0.8338525295257568 0
1691143980142 0.8348909616470337 0
1691143980205 0.8961578607559204 0
1691143980268 0.9273104667663574 0
1691143980330 0.9221183657646179 0
1691143980394 0.9065420627593994 0
1691143980486 0.9626168012619019 0
1691143980546 0.9875389337539673 0
1691143980607 0.9574247002601624 0
1691143980669 0.9885773658752441 0
1691143980729 1.0145379304885864 0
1691143980789 1.0269989967346191 0
1691143980851 1.0176531076431274 0
1691143980913 0.9802699685096741 0
1691143980977 1.0186915397644043 0
