1685096053005 0.8165618181228638 0
1685096053054 0.8301886916160583 0
1685096053102 0.805031418800354 0
1685096053159 0.7893081903457642 0
1685096053213 0.7819706201553345 0
1685096053263 0.7840670943260193 0
1685096053311 0.7976939082145691 0
1685096053361 0.8857442140579224 0
1685096053409 0.9308176040649414 0
1685096053458 0.9716981053352356 0
1685096053504 0.9884696006774902 0
1685096053550 1.00104820728302 0
1685096053595 0.9790356159210205 0
1685096053642 1.00419282913208 0
1685096053689 1.0345911979675293 0
1685096053735 1.0387840270996094 0
1685096053780 1.048218011856079 0
1685096053824 1.0775681734085083 0
1685096053871 1.0786163806915283 0
1685096053918 1.0786163806915283 0
1685096053965 1.090146780014038 0
1685096054025 1.105870008468628 0
1685096054074 1.1750524044036865 0
1685096054121 1.1624737977981567 0
1685096054173 1.1855345964431763 0
1685096054219 1.196016788482666 0
1685096054266 1.2222222089767456 0
1685096054313 1.2190775871276855 0
1685096054361 1.2264150381088257 0
1685096054407 1.2756813764572144 0
1685096054457 1.2882599830627441 0
1685096054503 1.3197064399719238 0
1685096054550 1.3228511810302734 0
1685096054597 1.351153016090393 0
1685096054643 1.3333333730697632 0
1685096054688 1.348008394241333 0
1685096054734 1.396226406097412 0
1685096054779 1.410901427268982 0
