1714731256015 0.8128128051757812 0
1714731256050 0.804804801940918 0
1714731256085 0.7977977991104126 0
1714731256126 0.7857857942581177 0
1714731256161 0.7967967987060547 0
1714731256202 0.7887887954711914 0
1714731256237 0.7947947978973389 0
1714731256273 0.8018018007278442 0
1714731256308 0.8008008003234863 0
1714731256342 0.7907907962799072 0
1714731256378 0.7857857942581177 0
1714731256412 0.7877877950668335 0
1714731256446 0.7877877950668335 0
1714731256482 0.782782793045044 0
1714731256518 0.7877877950668335 0
1714731256552 0.792792797088623 0
1714731256587 0.8008008003234863 0
1714731256622 0.7997997999191284 0
1714731256658 0.8038038015365601 0
1714731256693 0.7977977991104126 0
1714731256727 0.8018018007278442 0
1714731256762 0.8038038015365601 0
1714731256798 0.7947947978973389 0
1714731256834 0.793793797492981 0
1714731256870 0.8038038015365601 0
1714731256906 0.8188188076019287 0
1714731256940 0.826826810836792 0
1714731256976 0.8448448181152344 0
1714731257011 0.8448448181152344 0
1714731257046 0.8568568825721741 0
1714731257082 0.8788788914680481 0
1714731257117 0.879879891872406 0
1714731257152 0.8958958983421326 0
1714731257188 0.912912905216217 0
1714731257224 0.9199199080467224 0
1714731257258 0.9339339137077332 0
1714731257292 0.9339339137077332 0
1714731257327 0.9279279112815857 0
1714731257362 0.9529529809951782 0
1714731257396 0.9399399161338806 0
1714731257430 0.9419419169425964 0
1714731257465 0.9479479193687439 0
1714731257501 0.9619619846343994 0
1714731257536 0.9569569826126099 0
1714731257575 0.954954981803894 0
