1722593686952 0.7722772359848022 0
1722593687010 0.7693069577217102 0
1722593687079 0.7663366198539734 0
1722593687299 0.7732673287391663 0
1722593687352 0.7643564343452454 0
1722593687399 0.7673267126083374 0
1722593687453 0.7732673287391663 0
1722593687508 0.7821782231330872 0
1722593687614 0.7801980376243591 0
1722593687761 0.7752475142478943 0
1722593687914 0.7683168053627014 0
1722593687966 0.7683168053627014 0
1722593688013 0.7792079448699951 0
1722593688062 0.7742574214935303 0
1722593688115 0.7792079448699951 0
1722593688160 0.7772276997566223 0
1722593688217 0.7811881303787231 0
1722593688265 0.7970296740531921 0
1722593688352 0.7950494885444641 0
1722593688444 0.8326732516288757 0
1722593688492 0.8435643315315247 0
1722593688543 0.8544554710388184 0
1722593688685 0.8544554710388184 0
1722593688809 0.8574257493019104 0
1722593688859 0.8732673525810242 0
1722593688913 0.8831683397293091 0
1722593688963 0.895049512386322 0
1722593689011 0.8851485252380371 0
1722593689116 0.8900989890098572 0
1722593689246 0.894059419631958 0
1722593689441 0.8990098834037781 0
1722593689496 0.896039605140686 0
1722593689544 0.9108911156654358 0
1722593689594 0.9108911156654358 0
1722593689645 0.9158415794372559 0
1722593689704 0.9118812084197998 0
1722593689817 0.9128713011741638 0
1722593689880 0.9366336464881897 0
1722593689944 0.9455445408821106 0
1722593690002 0.9584158658981323 0
1722593690053 0.9475247263908386 0
1722593690099 0.9564356207847595 0
1722593690143 0.9603960514068604 0
1722593690189 0.9485148787498474 0
1722593690233 0.9534653425216675 0
1722593690281 0.9633663296699524 0
1722593690332 0.9821782112121582 0
1722593690376 0.9742574095726013 0
1722593690426 0.9891089200973511 0
1722593690478 0.9782178401947021 0
1722593690527 0.9792079329490662 0
1722593690572 0.996039628982544 0
1722593690625 0.997029721736908 0
1722593690719 0.9930692911148071 0
1722593690828 1.0118812322616577 0
1722593690875 1.0069307088851929 0
1722593690915 1.0178217887878418 0
