1685096049757 0.794549286365509 0
1685096049799 0.8071278929710388 0
1685096049840 0.8144654035568237 0
1685096049881 0.8238993883132935 0
1685096049923 0.8155136108398438 0
1685096049963 0.8259958028793335 0
1685096050002 0.8207547068595886 0
1685096050043 0.8375262022018433 0
1685096050083 0.8522012829780579 0
1685096050125 0.8605870008468628 0
1685096050166 0.8563941121101379 0
1685096050207 0.8637316823005676 0
1685096050248 0.8763102889060974 0
1685096050292 0.893081784248352 0
1685096050334 0.8962264060974121 0
1685096050376 0.9203354120254517 0
1685096050416 0.9318658113479614 0
1685096050457 0.9213836193084717 0
1685096050498 0.945492684841156 0
1685096050537 0.9685534834861755 0
1685096050578 0.9643605947494507 0
1685096050621 0.9937106966972351 0
1685096050661 1.00104820728302 0
1685096050701 1.0387840270996094 0
