1713521625737 0.6895817779004574 0
1713521625779 0.683287724852562 0
1713521625819 0.6744021996855736 0
1713521625869 0.6599223278462887 0
1713521625911 0.6362913325428963 0
1713521625953 0.6018616035580635 0
1713521625995 0.5580519698560238 0
1713521626037 0.5096384361386299 0
1713521626086 0.46457894891500473 0
1713521626130 0.4326931331306696 0
1713521626178 0.41496643237769604 0
1713521626231 0.40591269731521606 0
1713521626279 0.4005341771990061 0
1713521626323 0.3972490280866623 0
1713521626365 0.3952555041760206 0
1713521626406 0.3940115775913 0
1713521626449 0.3931809030473232 0
1713521626495 0.39270078763365746 0
1713521626536 0.3923486918210983 0
1713521626581 0.3920654561370611 0
1713521626623 0.3919711746275425 0
1713521626668 0.3917954061180353 0
1713521626711 0.3917114417999983 0
1713521626754 0.3916358035057783 0
1713521626799 0.3915286771953106 0
