1708683279876 0.6901875510811806 0
1708683279922 0.6815671250224113 0
1708683279965 0.6710666939616203 0
1708683280006 0.6565073803067207 0
1708683280049 0.6349217966198921 0
1708683280091 0.6031623780727386 0
1708683280133 0.55973681807518 0
1708683280174 0.5069765411317348 0
1708683280215 0.454042486846447 0
1708683280257 0.4156877286732197 0
1708683280301 0.39943668991327286 0
1708683280344 0.396831925958395 0
1708683280385 0.39585480839014053 0
1708683280426 0.3939851000905037 0
1708683280469 0.3928900398313999 0
1708683280513 0.3926125019788742 0
1708683280556 0.39243465289473534 0
1708683280598 0.3922977037727833 0
1708683280639 0.39219392091035843 0
1708683280681 0.39217834174633026 0
1708683280722 0.3920721337199211 0
1708683280762 0.3919984698295593 0
1708683280805 0.3919620141386986 0
1708683280847 0.39185984805226326 0
1708683280890 0.3918132670223713 0
1708683280932 0.3917260356247425 0
1708683280974 0.39167776331305504 0
1708683281018 0.39159075915813446 0
1708683281063 0.39146174117922783 0
1708683281106 0.39143554493784904 0
1708683281150 0.391339473426342 0
1708683281193 0.39126427099108696 0
1708683281234 0.3911962918937206 0
1708683281276 0.39112701639533043 0
1708683281319 0.39102691039443016 0
1708683281360 0.3909556604921818 0
1708683281402 0.3908963091671467 0
1708683281442 0.39076031371951103 0
1708683281483 0.39071912690997124 0
1708683281525 0.39059407263994217 0
1708683281566 0.3905487656593323 0
1708683281608 0.3904668614268303 0
1708683281651 0.39035629481077194 0
1708683281695 0.3902755081653595 0
1708683281739 0.39020274952054024 0
1708683281789 0.3900895528495312 0
1708683281858 0.3899962604045868 0
1708683281900 0.3898782730102539 0
1708683281944 0.38978542014956474 0
1708683281985 0.38968728855252266 0
1708683282026 0.38962188735604286 0
1708683282068 0.38948076218366623 0
1708683282110 0.3893894925713539 0
1708683282150 0.38931407406926155 0
