1699611126635 0.6946278512477875 0
1699611126667 0.6905349045991898 0
1699611126696 0.6860819570720196 0
1699611126723 0.6799015291035175 0
1699611126750 0.6694645695388317 0
1699611126777 0.6521335504949093 0
1699611126805 0.6241230145096779 0
1699611126834 0.584770567715168 0
1699611126864 0.5371639654040337 0
1699611126893 0.48956300504505634 0
1699611126936 0.45066086389124393 0
1699611126967 0.42582300119102 0
1699611126998 0.412742180749774 0
1699611127026 0.4055964816361666 0
1699611127054 0.40167754516005516 0
1699611127082 0.3991916887462139 0
1699611127110 0.3971794918179512 0
1699611127141 0.39585262537002563 0
1699611127170 0.39492731913924217 0
1699611127198 0.3940811548382044 0
1699611127225 0.39368141256272793 0
1699611127253 0.3932583499699831 0
1699611127281 0.39299606531858444 0
1699611127308 0.3927830159664154 0
1699611127341 0.39270519465208054 0
1699611127372 0.3924861717969179 0
1699611127401 0.39250822737812996 0
1699611127472 0.39238715916872025 0
1699611127499 0.3923742454499006 0
1699611127526 0.3922613747417927 0
1699611127553 0.39212854765355587 0
1699611127580 0.3921250142157078 0
1699611127607 0.39220415242016315 0
1699611127634 0.39210647344589233 0
1699611127664 0.391962505877018 0
1699611127692 0.3920217752456665 0
1699611127720 0.39205876737833023 0
1699611127749 0.39191403798758984 0
1699611127779 0.3918364066630602 0
1699611127807 0.39179058372974396 0
1699611127834 0.3918484654277563 0
1699611127862 0.3916626311838627 0
1699611127889 0.3915987405925989 0
1699611127917 0.39156436920166016 0
1699611127944 0.39155607111752033 0
