1686305766661 0.8179916143417358 0
1686305766888 0.8211296796798706 0
1686305766954 0.8525104522705078 0
1686305767049 0.9947698712348938 0
1686305767142 1.03556489944458 0
1686305767237 1.0658996105194092 0
1686305767338 1.064853549003601 0
1686305767451 1.151673674583435 0
1686305767562 1.2301255464553833 0
1686305767628 1.284518837928772 0
1686305767693 1.3462343215942383 0
1686305767807 1.3891212940216064 0
1686305767890 1.4895397424697876 0
1686305767970 1.5679916143417358 0
1686305768099 1.6307531595230103 0
1686305768232 1.669456124305725 0
