1686305766657 0.6693280677000681 0
1686305766884 0.507861245671908 0
1686305766950 0.4002310037612915 0
1686305767043 0.39287392795085907 0
1686305767138 0.39209800759951274 0
1686305767229 0.39175282220045726 0
1686305767328 0.3912306010723114 0
1686305767441 0.39080054859320323 0
1686305767552 0.3901125301917394 0
1686305767624 0.3896289855241776 0
1686305767688 0.3889417032400767 0
1686305767803 0.3883346438407898 0
1686305767886 0.3873913963635763 0
1686305767958 0.38647795617580416 0
1686305768084 0.38553517758846284 0
1686305768221 0.38433269659678143 0
