1691143962355 0.6846748292446136 0
1691143962430 0.6807681769132614 0
1691143962487 0.6762926280498505 0
1691143962560 0.6707752570509911 0
1691143962627 0.6636707931756973 0
1691143962710 0.6547457650303841 0
1691143962778 0.6431447118520737 0
1691143962836 0.6287068650126457 0
1691143962886 0.6105991378426552 0
1691143962952 0.5896985456347466 0
1691143963004 0.5654837414622307 0
1691143963057 0.5395090952515602 0
1691143963121 0.5129848495125771 0
1691143963176 0.48767170682549477 0
1691143963265 0.4649508111178875 0
1691143963366 0.4456699639558792 0
1691143963473 0.4312766157090664 0
1691143963584 0.42007699236273766 0
1691143963635 0.41275668516755104 0
1691143963677 0.40732985362410545 0
1691143963717 0.40326596051454544 0
1691143963752 0.400547057390213 0
1691143963801 0.3986533507704735 0
1691143963839 0.3969172090291977 0
1691143963874 0.3956754766404629 0
1691143963925 0.3948791138827801 0
1691143963981 0.39407554268836975 0
1691143964060 0.39341607317328453 0
1691143964093 0.39300594106316566 0
1691143964128 0.3927341476082802 0
1691143964176 0.3924540542066097 0
1691143964234 0.39228085428476334 0
1691143964406 0.392002135515213 0
1691143964481 0.3918834999203682 0
1691143964548 0.3917381875216961 0
1691143964597 0.3916569612920284 0
1691143964643 0.391576174646616 0
1691143964690 0.3914809040725231 0
1691143964728 0.39144596457481384 0
1691143964767 0.3913124166429043 0
1691143964803 0.3912704139947891 0
1691143964836 0.39120692387223244 0
1691143964869 0.3910788930952549 0
1691143964920 0.39106983691453934 0
1691143964961 0.3910064361989498 0
1691143964992 0.3909626454114914 0
1691143965115 0.39088472723960876 0
1691143965237 0.3908604010939598 0
1691143965412 0.3907596990466118 0
1691143965493 0.3906613476574421 0
1691143965541 0.39050721004605293 0
1691143965597 0.3905091993510723 0
1691143965647 0.3904748633503914 0
1691143965692 0.3903874270617962 0
1691143965731 0.39031246304512024 0
1691143965765 0.39028990641236305 0
1691143965795 0.39014968648552895 0
1691143965831 0.3900800533592701 0
1691143965869 0.3900061845779419 0
