1694772787908 0.760577917098999 0
1694772787940 0.7688338756561279 0
1694772787970 0.7801857590675354 0
1694772788000 0.7843137383460999 0
1694772788029 0.7863777279853821 0
1694772788058 0.7822497487068176 0
1694772788088 0.7977296113967896 0
1694772788118 0.7894737124443054 0
1694772788148 0.7863777279853821 0
1694772788178 0.7905056476593018 0
1694772788207 0.7863777279853821 0
1694772788248 0.7822497487068176 0
1694772788277 0.7791537642478943 0
1694772788305 0.7874097228050232 0
1694772788334 0.8090815544128418 0
1694772788363 0.8194014430046082 0
1694772788392 0.826625406742096 0
1694772788421 0.843137264251709 0
1694772788451 0.8627451062202454 0
1694772788480 0.8606811165809631 0
1694772788509 0.8864809274673462 0
1694772788538 0.9143446683883667 0
1694772788569 0.9164086580276489 0
1694772788597 0.9318885207176208 0
1694772788625 0.9607843160629272 0
