1694772794092 0.676841628166937 0
1694772794173 0.5744368443565984 0
1694772794251 0.41475172196665117 0
1694772794326 0.39406396592817 0
1694772794402 0.3925433014669726 0
1694772794479 0.3921813637979569 0
1694772794553 0.3919262770683535 0
1694772794627 0.3916135065017208 0
1694772794703 0.3913826855920976 0
1694772794786 0.391018686756011 0
1694772794864 0.3907061238442698 0
1694772794942 0.39031356188558763 0
1694772795017 0.39001907360169197 0
1694772795095 0.3895840144926502 0
1694772795176 0.38906349001392243 0
1694772795252 0.3886719845956372 0
1694772795326 0.38810949364016134 0
1694772795402 0.3875959746299251 0
1694772795477 0.3869365588311226 0
