1694772794098 0.8617131114006042 0
1694772794178 0.8421052694320679 0
1694772794256 0.8369452953338623 0
1694772794331 0.8875129222869873 0
1694772794407 0.9979360103607178 0
1694772794484 1.0103199481964111 0
1694772794558 1.042311668395996 0
1694772794633 1.0712074041366577 0
1694772794709 1.0970072746276855 0
1694772794792 1.1403508186340332 0
1694772794870 1.1547987461090088 0
1694772794947 1.2321981191635132 0
1694772795023 1.272445797920227 0
1694772795100 1.303405523300171 0
1694772795182 1.388028860092163 0
1694772795257 1.4324045181274414 0
1694772795331 1.4540764093399048 0
1694772795407 1.4943240880966187 0
1694772795482 1.586171269416809 0
