1713521627907 0.6895895972847939 0
1713521627951 0.6688262149691582 0
1713521627994 0.6187529265880585 0
1713521628037 0.526004271581769 0
1713521628081 0.43486633338034153 0
1713521628124 0.40501017309725285 0
1713521628167 0.39592756889760494 0
1713521628210 0.39297487027943134 0
1713521628253 0.39205816574394703 0
1713521628295 0.3917468711733818 0
1713521628338 0.3915448281913996 0
1713521628381 0.39127540960907936 0
1713521628423 0.3910697530955076 0
1713521628468 0.3908883146941662 0
1713521628510 0.39063812233507633 0
1713521628557 0.3904138058423996 0
1713521628599 0.39013116620481014 0
