1732270611842 0.6947417524125841 0
1732270611884 0.6883287496036954 0
1732270611923 0.6824921435779996 0
1732270611989 0.6756968233320448 0
1732270612086 0.6693395243750678 0
1732270612137 0.6585396395789253 0
1732270612186 0.6475317345725166 0
1732270612256 0.6332226130697463 0
1732270612328 0.6118679708904691 0
1732270612379 0.5843991769684685 0
1732270612435 0.5550632609261407 0
1732270612492 0.5185303820504082 0
1732270612541 0.4858555595080058 0
1732270612583 0.4595007797082265 0
1732270612636 0.43351765473683673 0
1732270612679 0.4191050993071662 0
1732270612728 0.40931328468852574 0
1732270612775 0.4017348852422502 0
1732270612825 0.39805588788456386 0
1732270612871 0.397854831483629 0
1732270612924 0.39405161142349243 0
1732270612973 0.3956257667806413 0
1732270613023 0.3958431018723382 0
1732270613073 0.39572151170836556 0
1732270613114 0.39368175135718453 0
1732270613155 0.39387668503655326 0
1732270613200 0.392884545856052 0
1732270613318 0.3927816715505388 0
1732270613413 0.39418380128012764 0
1732270613475 0.39358214537302655 0
1732270613519 0.39452037546369767 0
1732270613568 0.39286251531706917 0
1732270613616 0.3920175400045183 0
1732270613668 0.39341336488723755 0
1732270613723 0.3921303153038025 0
1732270613809 0.3929061558511522 0
1732270613863 0.3925556441148122 0
1732270613912 0.39229342010286117 0
1732270614035 0.3928290439976586 0
1732270614097 0.39290307958920795 0
1732270614142 0.39300570554203457 0
1732270614193 0.39225492543644375 0
1732270614305 0.39157043894131977 0
1732270614416 0.3931507302655114 0
