1732270611853 0.7795121669769287 0
1732270611895 0.7980487942695618 0
1732270611935 0.8058536648750305 0
1732270612005 0.800000011920929 0
1732270612103 0.7931707501411438 0
1732270612150 0.81658536195755 0
1732270612202 0.8117073178291321 0
1732270612267 0.7912195324897766 0
1732270612344 0.8078048825263977 0
1732270612395 0.8107317090034485 0
1732270612452 0.8185365796089172 0
1732270612507 0.8087804913520813 0
1732270612552 0.8097561001777649 0
1732270612596 0.8039024472236633 0
1732270612648 0.8039024472236633 0
1732270612691 0.8029268383979797 0
1732270612740 0.7882927060127258 0
1732270612792 0.7931707501411438 0
1732270612836 0.7990244030952454 0
1732270612884 0.8078048825263977 0
1732270612940 0.8068292737007141 0
1732270612986 0.8009756207466125 0
1732270613035 0.7970731854438782 0
1732270613085 0.7892683148384094 0
1732270613125 0.8087804913520813 0
1732270613170 0.8068292737007141 0
1732270613215 0.8195121884346008 0
1732270613335 0.8429268002510071 0
1732270613430 0.8409755825996399 0
1732270613489 0.8409755825996399 0
1732270613532 0.8536585569381714 0
1732270613582 0.8419511914253235 0
1732270613631 0.8712195158004761 0
1732270613683 0.8887804746627808 0
1732270613738 0.8643902540206909 0
1732270613826 0.8682926893234253 0
1732270613874 0.9034146070480347 0
1732270613925 0.8936585187911987 0
1732270614050 0.8887804746627808 0
1732270614109 0.8946341276168823 0
1732270614156 0.8936585187911987 0
1732270614209 0.9082927107810974 0
1732270614325 0.9160975813865662 0
1732270614435 0.8985365629196167 0
