1691143981045 0.6941396072506905 0
1691143981078 0.6899656280875206 0
1691143981111 0.6851427406072617 0
1691143981142 0.679510310292244 0
1691143981173 0.6724775731563568 0
1691143981204 0.6631165966391563 0
1691143981235 0.6505712494254112 0
1691143981266 0.6345997601747513 0
1691143981307 0.6135544776916504 0
1691143981342 0.5879505574703217 0
1691143981373 0.5572948604822159 0
1691143981405 0.5238422825932503 0
1691143981437 0.48980332911014557 0
1691143981469 0.45923684909939766 0
1691143981500 0.43528473749756813 0
1691143981531 0.41868648678064346 0
1691143981561 0.4090529903769493 0
1691143981592 0.4035918638110161 0
1691143981622 0.4004572965204716 0
1691143981653 0.3981098234653473 0
1691143981684 0.39620860666036606 0
1691143981717 0.39503829926252365 0
1691143981751 0.39416179805994034 0
1691143981784 0.3935515210032463 0
1691143981818 0.39314762502908707 0
1691143981851 0.392774298787117 0
1691143981959 0.39267728850245476 0
1691143981998 0.39249037951231003 0
1691143982034 0.39230457693338394 0
1691143982069 0.3923325054347515 0
1691143982103 0.392247810959816 0
1691143982136 0.3920532688498497 0
1691143982168 0.39211253821849823 0
1691143982199 0.39201342314481735 0
1691143982231 0.3918963223695755 0
1691143982263 0.39190543070435524 0
1691143982294 0.3919162303209305 0
1691143982325 0.3917911797761917 0
1691143982357 0.3917425163090229 0
1691143982388 0.39166344329714775 0
1691143982419 0.3916752561926842 0
1691143982450 0.3915913626551628 0
1691143982481 0.39152706786990166 0
1691143982513 0.39146527647972107 0
1691143982545 0.3914329260587692 0
1691143982576 0.39142078906297684 0
1691143982607 0.39134322851896286 0
1691143982638 0.3913106471300125 0
1691143982669 0.3912026435136795 0
1691143982700 0.3911438323557377 0
1691143982731 0.3911145254969597 0
1691143982763 0.39099356532096863 0
