1711707202533 0.6957368478178978 0
1711707202574 0.6881702691316605 0
1711707202614 0.6769478023052216 0
1711707202650 0.6599889472126961 0
1711707202689 0.63416987657547 0
1711707202773 0.5963158458471298 0
1711707202805 0.5458686426281929 0
1711707202835 0.48889513313770294 0
1711707202864 0.43982672691345215 0
1711707202895 0.4117063023149967 0
1711707202926 0.40225114673376083 0
1711707202955 0.398771695792675 0
1711707202985 0.39551280438899994 0
1711707203015 0.3933621309697628 0
1711707203045 0.3925604149699211 0
1711707203079 0.3922635540366173 0
1711707203115 0.3920501731336117 0
1711707203155 0.39188680425286293 0
1711707203201 0.3918653167784214 0
1711707203239 0.3917587734758854 0
1711707203283 0.39169102162122726 0
1711707203441 0.39163320511579514 0
1711707203475 0.39155879616737366 0
1711707203514 0.39147865027189255 0
1711707203551 0.3914273604750633 0
1711707203590 0.3913024887442589 0
1711707203639 0.3912232220172882 0
1711707203735 0.3911725804209709 0
1711707203771 0.39109838381409645 0
1711707203804 0.391017310321331 0
1711707203848 0.39094142615795135 0
1711707203887 0.390829224139452 0
1711707203923 0.3907338120043278 0
1711707203954 0.3906318284571171 0
1711707203986 0.39056330919265747 0
1711707204022 0.3904481418430805 0
1711707204060 0.390323281288147 0
1711707204180 0.3902489058673382 0
1711707204222 0.39014894142746925 0
