1680948416820 0.8343881964683533 0
1680948416872 0.8059071898460388 0
1680948416926 0.8080168962478638 0
1680948416980 0.8037974834442139 0
1680948417034 0.8101266026496887 0
1680948417088 0.8122363090515137 0
1680948417159 0.8175105452537537 0
1680948417211 0.8122363090515137 0
1680948417264 0.8059071898460388 0
1680948417317 0.8101266026496887 0
1680948417369 0.8175105452537537 0
1680948417422 0.8333333134651184 0
1680948417475 0.8544303774833679 0
1680948417527 0.8681434392929077 0
1680948417586 0.8839662671089172 0
1680948417644 0.8945147395133972 0
1680948417695 0.9103375673294067 0
1680948417747 0.9303797483444214 0
1680948417799 0.9409282803535461 0
1680948417851 0.9578059315681458 0
1680948417904 0.9746835231781006 0
1680948417958 1.0 0
1680948418010 1.0284810066223145 0
1680948418064 1.0274261236190796 0
1680948418117 1.0263713598251343 0
1680948418170 1.0548523664474487 0
1680948418224 1.0305907726287842 0
1680948418279 1.0643459558486938 0
1680948418332 1.0864979028701782 0
1680948418386 1.0854430198669434 0
1680948418438 1.101265788078308 0
