1680948416816 0.6944903949896495 0
1680948416869 0.6772286732991536 0
1680948416923 0.6410732249418895 0
1680948416977 0.5772643725077311 0
1680948417031 0.49869610567887623 0
1680948417085 0.441840132077535 0
1680948417156 0.41606572369734446 0
1680948417207 0.4055774062871933 0
1680948417260 0.399983490506808 0
1680948417314 0.3968381772438685 0
1680948417366 0.3949971556663513 0
1680948417419 0.39389986991882325 0
1680948417472 0.39323088228702546 0
1680948417523 0.3926923523346583 0
1680948417582 0.3924370527267456 0
1680948417640 0.39220046202341713 0
1680948417692 0.39207401871681213 0
1680948417744 0.3919199019670486 0
1680948417796 0.3917757232983907 0
1680948417848 0.39169527192910514 0
1680948417901 0.391623189051946 0
1680948417955 0.39146904746691386 0
1680948418007 0.39138249556223553 0
1680948418061 0.39129942456881206 0
1680948418114 0.39120136499404906 0
1680948418167 0.3911210626363754 0
1680948418221 0.3910282174746195 0
1680948418275 0.3909066875775655 0
1680948418329 0.39081266323725383 0
1680948418382 0.3907039721806844 0
1680948418435 0.39058985908826194 0
