1694167983913 0.7902892827987671 0
1694167984210 0.7778925895690918 0
1694167984398 0.8026859760284424 0
1694167984522 0.80888432264328 0
1694167984624 0.8243801593780518 0
1694167984737 0.8873966932296753 0
1694167984845 0.8997933864593506 0
1694167984950 0.9514462947845459 0
1694167985041 1.0175620317459106 0
1694167985133 1.0185950994491577 0
1694167985204 1.0206611156463623 0
1694167985277 1.0805785655975342 0
1694167985350 1.1301653385162354 0
1694167985420 1.1787190437316895 0
1694167985488 1.1694214344024658 0
1694167985558 1.1962809562683105 0
1694167985644 1.25 0
1694167985749 1.2603305578231812 0
1694167985850 1.3460743427276611 0
1694167985962 1.3729338645935059 0
1694167986060 1.4369834661483765 0
1694167986163 1.3915289640426636 0
1694167986266 1.4566115140914917 0
1694167986378 1.4896694421768188 0
1694167986496 1.5165289640426636 0
1694167986621 1.5692148208618164 0
1694167986749 1.5981404781341553 0
1694167986864 1.6590908765792847 0
