1694167983907 0.6793296971628743 0
1694167984193 0.6390852082160211 0
1694167984393 0.5247688966412698 0
1694167984516 0.4167822099501087 0
1694167984615 0.39767614487678776 0
1694167984727 0.3937542784598566 0
1694167984834 0.3924864280608393 0
1694167984944 0.39208950150397515 0
1694167985034 0.39184663853337687 0
1694167985128 0.39169352285323605 0
1694167985199 0.39142797839257026 0
1694167985272 0.3912145149323248 0
1694167985345 0.3909278338955295 0
1694167985415 0.39062879739269135 0
1694167985483 0.39037885300574765 0
1694167985551 0.39005277522148624 0
1694167985639 0.38979817109723247 0
1694167985741 0.3894123012019742 0
1694167985844 0.3889071614511551 0
1694167985951 0.3886373043060303 0
1694167986054 0.38826971477077854 0
1694167986157 0.387717705580496 0
1694167986257 0.3873518282367337 0
1694167986368 0.38684800171083017 0
1694167986485 0.386372301847704 0
1694167986615 0.38587099217599435 0
1694167986741 0.38535264903499233 0
1694167986858 0.384762046798583 0
