1722593681142 0.6853330545127392 0
1722593681318 0.6599688604474068 0
1722593681398 0.5990965217351913 0
1722593681498 0.4966688845306635 0
1722593681737 0.42035745084285736 0
1722593682005 0.4013631585985422 0
1722593682342 0.3945566210895777 0
1722593682525 0.39279303699731827 0
1722593682587 0.39222821965813637 0
1722593682648 0.39197636023163795 0
1722593682856 0.3918002787977457 0
1722593683022 0.3916591387242079 0
1722593683095 0.3914325684309006 0
1722593683154 0.3913017828017473 0
1722593683212 0.39115781523287296 0
1722593683279 0.3908686861395836 0
1722593683355 0.3906594906002283 0
1722593683430 0.39041969180107117 0
1722593683506 0.3901713937520981 0
1722593683572 0.3899147342890501 0
1722593683630 0.38964343443512917 0
1722593683787 0.3893171362578869 0
1722593683854 0.3889383655041456 0
1722593683923 0.38865403085947037 0
1722593683988 0.3882010206580162 0
1722593684054 0.38789896853268147 0
1722593684123 0.38752386905252934 0
1722593684189 0.3869861364364624 0
1722593684264 0.3866059575229883 0
1722593684426 0.3859991729259491 0
1722593684493 0.3854870330542326 0
1722593684561 0.3849894404411316 0
1722593684630 0.3843656200915575 0
1722593684773 0.38370578177273273 0
1722593684956 0.383086359128356 0
1722593685025 0.3824053406715393 0
