1686910456825 0.6799883171916008 0
1686910456895 0.6656726822257042 0
1686910456935 0.6414362117648125 0
1686910456975 0.5973340198397636 0
1686910457015 0.5271694995462894 0
1686910457156 0.4468877390027046 0
1686910457196 0.4038795232772827 0
1686910457235 0.40123678371310234 0
1686910457274 0.3968684449791908 0
1686910457313 0.39272112026810646 0
1686910457353 0.392708919942379 0
1686910457393 0.3922269754111767 0
1686910457432 0.3919188119471073 0
1686910457472 0.3918514512479305 0
1686910457512 0.39166198298335075 0
1686910457553 0.3915087878704071 0
1686910457594 0.3913324549794197 0
1686910457637 0.39119303598999977 0
1686910457677 0.3910733312368393 0
1686910457717 0.39094097912311554 0
1686910457757 0.3906901888549328 0
1686910457797 0.39058930054306984 0
1686910457837 0.3904593661427498 0
