1686910456830 0.7596656084060669 0
1686910456899 0.7659352421760559 0
1686910456939 0.7972831726074219 0
1686910456980 0.8087774515151978 0
1686910457019 0.7836990356445312 0
1686910457160 0.8087774515151978 0
1686910457200 0.7962382435798645 0
1686910457239 0.8119122385978699 0
1686910457278 0.8777429461479187 0
1686910457317 0.9143155813217163 0
1686910457357 0.9153605103492737 0
1686910457397 0.9331243634223938 0
1686910457436 0.9435736536979675 0
1686910457476 0.9508882164955139 0
1686910457517 0.9676070809364319 0
1686910457557 0.9832810759544373 0
1686910457599 1.0146290063858032 0
1686910457641 1.0334378480911255 0
1686910457682 1.0574712753295898 0
1686910457721 1.0825496912002563 0
1686910457761 1.0982235670089722 0
1686910457801 1.118077278137207 0
1686910457842 1.1233019828796387 0
