1682072094027 0.793684184551239 0
1682072094065 0.7957894802093506 0
1682072094105 0.7989473938941956 0
1682072094144 0.7926315665245056 0
1682072094358 0.7831578850746155 0
1682072094490 0.7757894992828369 0
1682072094617 0.7799999713897705 0
1682072094689 0.7778947353363037 0
1682072094764 0.7873684167861938 0
1682072094882 0.8031578660011292 0
1682072094996 0.8021052479743958 0
1682072095083 0.8052631616592407 0
1682072095168 0.8073683977127075 0
1682072095281 0.8157894611358643 0
1682072095514 0.8052631616592407 0
1682072095613 0.8063157796859741 0
1682072095679 0.8010526299476624 0
1682072095745 0.8021052479743958 0
1682072095822 0.8010526299476624 0
1682072095928 0.8010526299476624 0
1682072096012 0.8021052479743958 0
1682072096078 0.8042105436325073 0
1682072096120 0.8031578660011292 0
1682072096191 0.8136842250823975 0
1682072096253 0.824210524559021 0
1682072096298 0.8399999737739563 0
1682072096350 0.827368438243866 0
1682072096403 0.8157894611358643 0
1682072096440 0.8147368431091309 0
1682072096477 0.8199999928474426 0
1682072096524 0.824210524559021 0
1682072096574 0.824210524559021 0
1682072096871 0.8347368240356445 0
1682072096909 0.8442105054855347 0
1682072096952 0.851578950881958 0
1682072097003 0.8684210777282715 0
1682072097039 0.8631578683853149 0
1682072097125 0.8936842083930969 0
1682072097180 0.9010526537895203 0
1682072097236 0.9031578898429871 0
1682072097329 0.9031578898429871 0
1682072097399 0.906315803527832 0
1682072097460 0.9105263352394104 0
1682072097525 0.9200000166893005 0
1682072097590 0.9326315522193909 0
1682072097657 0.9347368478775024 0
1682072097739 0.9505262970924377 0
1682072097851 0.9515789747238159 0
1682072097890 0.9557894468307495 0
1682072097925 0.9621052742004395 0
1682072097962 0.969473659992218 0
1682072098000 0.975789487361908 0
1682072098037 0.9863157868385315 0
1682072098073 0.9789473414421082 0
1682072098108 0.9947368502616882 0
1682072098142 0.996842086315155 0
1682072098179 0.9842105507850647 0
1682072098219 0.9852631688117981 0
1682072098257 0.9831578731536865 0
