1720779276498 0.8125 0
1720779276577 0.8273809552192688 0
1720779276647 0.83432537317276 0
1720779276940 0.9166666865348816 0
1720779277013 0.9603174328804016 0
1720779277083 0.9801587462425232 0
1720779277151 0.9940476417541504 0
1720779277328 1.0615079402923584 0
1720779277396 1.0753967761993408 0
1720779277467 1.1468254327774048 0
1720779277534 1.2033730745315552 0
1720779277827 1.2172619104385376 0
1720779277904 1.3115079402923584 0
1720779277987 1.3670635223388672 0
1720779278065 1.3809523582458496 0
1720779278142 1.4335317611694336 0
1720779278226 1.5228174924850464 0
1720779278301 1.5664682388305664 0
1720779278472 1.5833333730697632 0
1720779278546 1.7053571939468384 0
1720779278617 1.716269850730896 0
1720779278687 1.7291666269302368 0
1720779278761 1.8194444179534912 0
1720779278877 1.8482142686843872 0
1720779278944 1.8353174924850464 0
1720779279009 1.913690447807312 0
1720779279073 1.922619104385376 0
1720779279136 1.961309552192688 0
1720779279199 1.9801586866378784 0
1720779279263 2.032738208770752 0
1720779279328 2.052579402923584 0
