1699006368663 0.6863475851714611 0
1699006368712 0.6570891477167606 0
1699006368760 0.5903974249958992 0
1699006368807 0.4792292769998312 0
1699006368853 0.40742848813533783 0
1699006368899 0.3976629711687565 0
1699006368947 0.3927851524204016 0
1699006368994 0.39231641590595245 0
1699006369043 0.3917836993932724 0
1699006369092 0.39167965576052666 0
1699006369141 0.3914613928645849 0
1699006369304 0.39120206609368324 0
1699006369358 0.391038466244936 0
1699006369407 0.3907528892159462 0
1699006369452 0.3905434627085924 0
1699006369498 0.3901834487915039 0
1699006369543 0.3899898882955313 0
1699006369588 0.38968055322766304 0
1699006369634 0.3894042409956455 0
1699006369678 0.38894545659422874 0
1699006369723 0.3887517023831606 0
