1681553216528 0.8187565803527832 0
1681553216577 0.8577449917793274 0
1681553216625 0.8682823777198792 0
1681553216675 0.8872497081756592 0
1681553216725 0.950474202632904 0
1681553216773 0.9757639765739441 0
1681553216822 1.03793466091156 0
1681553216870 1.1095890998840332 0
1681553216918 1.1296100616455078 0
1681553216967 1.200210690498352 0
1681553217017 1.2370916604995728 0
1681553217066 1.2423603534698486 0
1681553217115 1.308746099472046 0
1681553217167 1.3825079202651978 0
1681553217221 1.4689146280288696 0
