1681553216524 0.6759769201278687 0
1681553216574 0.5784684260686238 0
1681553216622 0.4247149765491486 0
1681553216672 0.40042683680852253 0
1681553216722 0.39304574131965636 0
1681553216769 0.39213192264238994 0
1681553216819 0.39158700307210287 0
1681553216867 0.39127422372500104 0
1681553216915 0.3909201661745707 0
1681553216964 0.3905872603257497 0
1681553217014 0.3901279886563619 0
1681553217063 0.38970379034678143 0
1681553217112 0.3891851544380188 0
1681553217164 0.3886098305384318 0
1681553217217 0.38798699776331586 0
