1728641693972 0.6815479248762131 0
1728641694027 0.6773812919855118 0
1728641694083 0.6723002940416336 0
1728641694125 0.6654429361224174 0
1728641694165 0.6558189392089844 0
1728641694203 0.642190970480442 0
1728641694240 0.6232678219676018 0
1728641694276 0.5980632305145264 0
1728641694314 0.5664459988474846 0
1728641694350 0.5299355238676071 0
1728641694386 0.4920165054500103 0
1728641694422 0.45798925682902336 0
1728641694457 0.4324601888656616 0
1728641694493 0.41696926951408386 0
1728641694528 0.4087635688483715 0
1728641694563 0.40387552604079247 0
1728641694597 0.40033161640167236 0
1728641694632 0.39780906587839127 0
1728641694666 0.39602644369006157 0
1728641694700 0.39488960430026054 0
1728641694789 0.39406293630599976 0
1728641694835 0.3935125507414341 0
1728641694880 0.3930855207145214 0
1728641694917 0.3927695006132126 0
1728641694952 0.3925294727087021 0
1728641694987 0.39232589304447174 0
1728641695113 0.39217350259423256 0
1728641695147 0.39203689619898796 0
1728641695180 0.3919232524931431 0
1728641695213 0.3918188400566578 0
1728641695246 0.3917081616818905 0
1728641695279 0.3916209414601326 0
1728641695313 0.3915383405983448 0
1728641695346 0.39144962653517723 0
1728641695378 0.3913607932627201 0
1728641695411 0.39127470552921295 0
1728641695444 0.39119966328144073 0
1728641695476 0.3911249600350857 0
1728641695508 0.3910467177629471 0
1728641695541 0.3909509442746639 0
1728641695584 0.39086322486400604 0
1728641695622 0.3907846324145794 0
1728641695660 0.3906963840126991 0
1728641695711 0.39060355350375175 0
1728641695757 0.3905137628316879 0
1728641695802 0.39042166247963905 0
1728641695853 0.3903275243937969 0
1728641695898 0.39023370295763016 0
1728641695944 0.39014048874378204 0
1728641695990 0.3900495804846287 0
1728641696035 0.3899548575282097 0
1728641696070 0.3898475617170334 0
1728641696105 0.3897506892681122 0
1728641696139 0.3896421939134598 0
1728641696177 0.38954276591539383 0
1728641696214 0.3894401006400585 0
1728641696288 0.3893222138285637 0
1728641696376 0.389207199215889 0
1728641696427 0.3890935517847538 0
