1714126411202 0.6926022246479988 0
1714126411241 0.6882629618048668 0
1714126411279 0.6834689974784851 0
1714126411315 0.6776857376098633 0
1714126411350 0.6704497188329697 0
1714126411386 0.6611847579479218 0
1714126411420 0.6490675061941147 0
1714126411485 0.6333813071250916 0
1714126411582 0.613294206559658 0
1714126411672 0.5883051380515099 0
1714126411709 0.5588968992233276 0
1714126411744 0.5260615050792694 0
1714126411778 0.49265316128730774 0
1714126411810 0.4615148492157459 0
1714126411843 0.43593696877360344 0
1714126411875 0.41777730733156204 0
1714126411909 0.40688789263367653 0
1714126411951 0.4011532962322235 0
1714126412007 0.39817556738853455 0
1714126412044 0.39654184505343437 0
1714126412084 0.3952655680477619 0
1714126412123 0.3943192921578884 0
1714126412163 0.3936113491654396 0
1714126412203 0.3931505046784878 0
1714126412243 0.3927953466773033 0
1714126412283 0.39256004244089127 0
1714126412338 0.3923708535730839 0
1714126412419 0.3922635652124882 0
1714126412460 0.39217307791113853 0
1714126412496 0.392071183770895 0
1714126412528 0.39200640842318535 0
1714126412559 0.39197492226958275 0
1714126412591 0.39190909266471863 0
1714126412623 0.3917807675898075 0
1714126412655 0.39179524779319763 0
1714126412687 0.39172888919711113 0
