1714126411210 0.7995991706848145 0
1714126411249 0.8176352977752686 0
1714126411287 0.8156312704086304 0
1714126411322 0.819639265537262 0
1714126411357 0.8096192479133606 0
1714126411393 0.8106212615966797 0
1714126411428 0.8166332840919495 0
1714126411505 0.8156312704086304 0
1714126411599 0.8156312704086304 0
1714126411682 0.8166332840919495 0
1714126411716 0.8176352977752686 0
1714126411751 0.8176352977752686 0
1714126411785 0.8096192479133606 0
1714126411817 0.8186372518539429 0
1714126411849 0.8106212615966797 0
1714126411881 0.8146292567253113 0
1714126411916 0.8176352977752686 0
1714126411972 0.8216432929039001 0
1714126412014 0.8376753330230713 0
1714126412053 0.8466933965682983 0
1714126412092 0.8637274503707886 0
1714126412132 0.8557114005088806 0
1714126412171 0.8557114005088806 0
1714126412211 0.8677354454994202 0
1714126412251 0.8797594904899597 0
1714126412290 0.8887775540351868 0
1714126412346 0.8987975716590881 0
1714126412429 0.9088176488876343 0
1714126412468 0.9248496890068054 0
1714126412503 0.9398797750473022 0
1714126412534 0.9238476753234863 0
1714126412566 0.9509018063545227 0
1714126412598 0.9559118151664734 0
1714126412630 0.9589178562164307 0
1714126412662 0.9549098014831543 0
1714126412694 0.9619238376617432 0
