1732270606365 0.7021505898899503 0
1732270606404 0.6976570420795016 0
1732270606442 0.6923628648122152 0
1732270606481 0.6873139076762729 0
1732270606523 0.6777860058678521 0
1732270606566 0.6670318841934204 0
1732270606611 0.651801221900516 0
1732270606652 0.6353995336426629 0
1732270606691 0.6119647754563226 0
1732270606733 0.5860259268018935 0
1732270606786 0.5571910010443794 0
1732270606827 0.5214746130837334 0
1732270606879 0.4932152032852173 0
1732270606923 0.4656590587562985 0
1732270606965 0.4449738992585076 0
1732270607005 0.42881542775366044 0
1732270607045 0.4270833532015483 0
1732270607084 0.41201361020406085 0
1732270607121 0.4087807767921024 0
1732270607158 0.4045918451415168 0
1732270607198 0.40542033645841813 0
1732270607237 0.40060940384864807 0
1732270607276 0.40146613121032715 0
1732270607316 0.39733925130632186 0
1732270607358 0.3966176112492879 0
1732270607395 0.3984478910764058 0
1732270607434 0.3954959809780121 0
1732270607477 0.39425655868318343 0
1732270607519 0.39268022444513107 0
1732270607622 0.39411894811524284 0
1732270607662 0.39342785543865627 0
1732270607703 0.39521560072898865 0
1732270607743 0.39450456698735553 0
1732270607784 0.3936687244309319 0
1732270607823 0.392417268620597 0
1732270608072 0.3925667471355862 0
1732270608121 0.39329183763927883 0
1732270608164 0.39219475123617387 0
1732270608204 0.3924598760075039 0
