1732270606376 0.7834146618843079 0
1732270606414 0.7795121669769287 0
1732270606452 0.7678048610687256 0
1732270606493 0.7697560787200928 0
1732270606535 0.7912195324897766 0
1732270606577 0.8107317090034485 0
1732270606622 0.821463406085968 0
1732270606662 0.8399999737739563 0
1732270606705 0.8526829481124878 0
1732270606744 0.844878077507019 0
1732270606797 0.8536585569381714 0
1732270606842 0.849756121635437 0
1732270606891 0.8487805128097534 0
1732270606934 0.8702439069747925 0
1732270606978 0.8868292570114136 0
1732270607016 0.8790243864059448 0
1732270607055 0.8780487775802612 0
1732270607095 0.8751219511032104 0
1732270607132 0.8692682981491089 0
1732270607169 0.8682926893234253 0
1732270607209 0.8614634275436401 0
1732270607248 0.8692682981491089 0
1732270607287 0.8702439069747925 0
1732270607327 0.8702439069747925 0
1732270607368 0.859512209892273 0
1732270607406 0.859512209892273 0
1732270607448 0.8585366010665894 0
1732270607488 0.8604878187179565 0
1732270607531 0.8634146451950073 0
1732270607633 0.8585366010665894 0
1732270607674 0.8692682981491089 0
1732270607713 0.8770731687545776 0
1732270607753 0.8848780393600464 0
1732270607795 0.8878048658370972 0
1732270607904 0.9053658246994019 0
1732270608086 0.9053658246994019 0
1732270608132 0.9082927107810974 0
1732270608175 0.9024389982223511 0
1732270608312 0.9121951460838318 0
