1691748747184 0.8070539236068726 0
1691748747293 0.8153526782989502 0
1691748747369 0.817427396774292 0
1691748747446 0.8371369242668152 0
1691748747536 0.8350622653961182 0
1691748747650 0.8049792647361755 0
1691748747738 0.8018672466278076 0
1691748747819 0.8080912828445435 0
1691748747901 0.8049792647361755 0
1691748747988 0.8008298873901367 0
1691748748080 0.8018672466278076 0
1691748748160 0.841286301612854 0
1691748748259 0.886929452419281 0
1691748748372 0.8744813203811646 0
1691748748461 0.8755186796188354 0
1691748748578 0.8827800750732422 0
1691748748643 0.9284232258796692 0
1691748748718 0.9159750938415527 0
1691748748786 0.9294605851173401 0
1691748748850 0.9242738485336304 0
1691748748909 0.9429460763931274 0
1691748748954 0.9377593398094177 0
1691748749002 0.9491701126098633 0
1691748749044 0.9398339986801147 0
