1691748747178 0.7062443234026432 0
1691748747268 0.6929397694766521 0
1691748747356 0.6718001328408718 0
1691748747440 0.6350009590387344 0
1691748747531 0.5761042460799217 0
1691748747628 0.49990323558449745 0
1691748747732 0.4382912740111351 0
1691748747812 0.410299938172102 0
1691748747888 0.4023793190717697 0
1691748747982 0.3972297217696905 0
1691748748065 0.3948181178420782 0
1691748748154 0.3935932870954275 0
1691748748254 0.393400639295578 0
1691748748344 0.3927661385387182 0
1691748748455 0.3925344366580248 0
1691748748561 0.3927853498607874 0
1691748748637 0.39231323450803757 0
1691748748708 0.3920820113271475 0
1691748748780 0.3920177109539509 0
1691748748839 0.3918048571795225 0
1691748748904 0.391993198543787 0
1691748748949 0.3918771669268608 0
1691748748997 0.39164972119033337 0
1691748749039 0.3919202759861946 0
