1715940783062 0.8500000238418579 0
1715940783142 0.843999981880188 0
1715940783222 0.8769999742507935 0
1715940783304 0.9769999980926514 0
1715940783383 0.9929999709129333 0
1715940783466 1.0410000085830688 0
1715940783550 1.0920000076293945 0
1715940783631 1.1490000486373901 0
1715940783712 1.2020000219345093 0
1715940783792 1.2610000371932983 0
1715940783874 1.3200000524520874 0
1715940783956 1.3609999418258667 0
1715940784034 1.465000033378601 0
1715940784113 1.5130000114440918 0
1715940784192 1.5199999809265137 0
1715940784270 1.687000036239624 0
