1705054446759 0.6814623512327671 0
1705054446803 0.627934280782938 0
1705054446845 0.5008387435227633 0
1705054446888 0.404488617554307 0
1705054446931 0.3964079339057207 0
1705054446979 0.39274515211582184 0
1705054447024 0.39225925132632256 0
1705054447063 0.39212731271982193 0
1705054447107 0.39176918007433414 0
1705054447153 0.3916015885770321 0
1705054447195 0.39131678454577923 0
1705054447239 0.3911070507019758 0
1705054447280 0.3908558562397957 0
1705054447324 0.39060566760599613 0
1705054447367 0.3901664409786463 0
