1705054446765 0.7916666865348816 0
1705054446810 0.8079268336296082 0
1705054446853 0.7936992049217224 0
1705054446894 0.7967479825019836 0
1705054446937 0.9115853905677795 0
1705054446989 0.9420731663703918 0
1705054447030 0.9613820910453796 0
1705054447069 1.0040650367736816 0
1705054447113 1.0264227390289307 0
1705054447159 1.0558942556381226 0
1705054447201 1.0945122241973877 0
1705054447245 1.1270325183868408 0
1705054447286 1.1758129596710205 0
1705054447330 1.1636178493499756 0
1705054447373 1.1890244483947754 0
