1692958390902 0.8167701959609985 0
1692958391008 0.8291925191879272 0
1692958391066 0.8385093212127686 0
1692958391124 0.828157365322113 0
1692958391183 0.8167701959609985 0
1692958391239 0.8250517845153809 0
1692958391331 0.8892339468002319 0
1692958391471 0.9192546606063843 0
1692958391590 0.9151138663291931 0
1692958391688 0.9223602414131165 0
1692958391770 0.9730848670005798 0
1692958391856 0.9668737053871155 0
1692958391943 0.9886128306388855 0
1692958392021 1.001035213470459 0
1692958392259 1.018633484840393 0
1692958392364 1.0393375158309937 0
