1692958390897 0.6879573278129101 0
1692958390969 0.6612771451473236 0
1692958391061 0.6040138974785805 0
1692958391119 0.50129234790802 0
1692958391177 0.41446684300899506 0
1692958391234 0.39747756347060204 0
1692958391326 0.3936626724898815 0
1692958391463 0.39251314103603363 0
1692958391579 0.3922314438968897 0
1692958391682 0.3921988047659397 0
1692958391763 0.39182879962027073 0
1692958391850 0.391806673258543 0
1692958391938 0.3918487522751093 0
1692958392016 0.3915904313325882 0
1692958392253 0.3913692459464073 0
1692958392350 0.3912600055336952 0
