1702635342576 0.701293621212244 0
1702635342948 0.6987211592495441 0
1702635343233 0.6959784775972366 0
1702635343561 0.6930053941905499 0
1702635343936 0.6892343498766422 0
1702635344311 0.6844319626688957 0
1702635344683 0.6783065609633923 0
1702635345056 0.6700769774615765 0
1702635345429 0.6590557843446732 0
1702635345802 0.6454795151948929 0
1702635346174 0.6287715956568718 0
1702635346504 0.6093735545873642 0
1702635346833 0.5868280977010727 0
1702635346999 0.5624273791909218 0
1702635347121 0.5371808484196663 0
1702635347406 0.5126191154122353 0
1702635347663 0.4901812020689249 0
1702635347993 0.4702322091907263 0
1702635348277 0.4546551816165447 0
1702635348649 0.44177234917879105 0
1702635348978 0.43193784542381763 0
1702635349303 0.4240708537399769 0
1702635349538 0.4182350654155016 0
1702635349827 0.41439928486943245 0
1702635350157 0.4105671960860491 0
1702635350530 0.40789697133004665 0
1702635350901 0.40531677193939686 0
1702635350967 0.403911504894495 0
1702635351007 0.4019601661711931 0
1702635351048 0.40105768106877804 0
1702635351088 0.3995240703225136 0
1702635351130 0.3988462258130312 0
1702635351170 0.39801894687116146 0
1702635351211 0.3972120303660631 0
1702635351543 0.3965000957250595 0
1702635351596 0.39628452993929386 0
1702635351927 0.3955948930233717 0
1702635351995 0.3951757475733757 0
1702635352244 0.39488232508301735 0
1702635352617 0.3946298882365227 0
1702635352953 0.3943604528903961 0
1702635353328 0.39405894465744495 0
1702635353451 0.39374496415257454 0
1702635353491 0.39352821558713913 0
1702635353531 0.393460376188159 0
1702635353572 0.3933081328868866 0
1702635353613 0.39317890629172325 0
1702635353654 0.3931007422506809 0
1702635353820 0.3928825408220291 0
1702635354106 0.3928119409829378 0
1702635354438 0.3927198201417923 0
1702635354768 0.3926335256546736 0
1702635354809 0.3925797864794731 0
1702635355101 0.3924836218357086 0
1702635355474 0.39253370091319084 0
1702635355846 0.39254008047282696 0
1702635356174 0.392470670863986 0
1702635356424 0.39230301417410374 0
1702635356465 0.39229157008230686 0
1702635356506 0.39225950464606285 0
1702635356548 0.39221158251166344 0
1702635356591 0.3921482693403959 0
1702635356632 0.39208443835377693 0
