1702635342748 0.8511722683906555 0
1702635343076 0.8379204869270325 0
1702635343362 0.856269121170044 0
1702635343731 0.8603465557098389 0
1702635344108 0.8318042755126953 0
1702635344483 0.8175331354141235 0
1702635344855 0.8205912113189697 0
1702635345228 0.8154944181442261 0
1702635345601 0.8093782067298889 0
1702635345974 0.7951070070266724 0
1702635346345 0.7981651425361633 0
1702635346677 0.7838940024375916 0
1702635346964 0.7981651425361633 0
1702635347085 0.8093782067298889 0
1702635347250 0.8216106295585632 0
1702635347591 0.819571852684021 0
1702635347792 0.8124362826347351 0
1702635348121 0.8175331354141235 0
1702635348447 0.8185524940490723 0
1702635348778 0.8165137767791748 0
1702635349104 0.8185524940490723 0
1702635349339 0.8216106295585632 0
1702635349667 0.8205912113189697 0
1702635349998 0.819571852684021 0
1702635350329 0.8205912113189697 0
1702635350702 0.8185524940490723 0
1702635350933 0.8205912113189697 0
1702635350974 0.822629988193512 0
1702635351014 0.8205912113189697 0
1702635351054 0.8216106295585632 0
1702635351095 0.822629988193512 0
1702635351136 0.8205912113189697 0
1702635351176 0.822629988193512 0
1702635351341 0.8246687054634094 0
1702635351562 0.8369011282920837 0
1702635351728 0.8491335511207581 0
1702635351961 0.8481141924858093 0
1702635352043 0.8685015439987183 0
1702635352417 0.866462767124176 0
1702635352788 0.8705402612686157 0
1702635353126 0.8807339668273926 0
1702635353417 0.8807339668273926 0
1702635353457 0.8797145485877991 0
1702635353498 0.8888888955116272 0
1702635353538 0.8919469714164734 0
1702635353578 0.8919469714164734 0
1702635353620 0.8899082541465759 0
1702635353661 0.8970438241958618 0
1702635353949 0.9001019597053528 0
1702635354277 0.9082568883895874 0
1702635354568 0.9062181711196899 0
1702635354774 0.9092762470245361 0
1702635354940 0.9062181711196899 0
1702635355274 0.9286442399024963 0
1702635355644 0.9306829571723938 0
1702635355973 0.9255861639976501 0
1702635356347 0.9306829571723938 0
1702635356430 0.9317023158073425 0
1702635356471 0.9266055226325989 0
1702635356512 0.9286442399024963 0
1702635356555 0.9266055226325989 0
1702635356598 0.9215086698532104 0
1702635356639 0.9296635985374451 0
