1712312046110 0.7678391933441162 0
1712312046190 0.7738693356513977 0
1712312046222 0.7839195728302002 0
1712312046256 0.8030150532722473 0
1712312046289 0.795979917049408 0
1712312046322 0.795979917049408 0
1712312046356 0.8110553026199341 0
1712312046388 0.8211055397987366 0
1712312046421 0.8150753974914551 0
1712312046492 0.8201004862785339 0
1712312046620 0.80402010679245 0
1712312046697 0.808040201663971 0
1712312046737 0.8130653500556946 0
1712312046773 0.8070351481437683 0
1712312046810 0.8100502490997314 0
1712312046923 0.8110553026199341 0
1712312047049 0.8130653500556946 0
1712312047167 0.8140703439712524 0
1712312047207 0.8140703439712524 0
1712312047242 0.8160803914070129 0
1712312047277 0.8140703439712524 0
1712312047311 0.8180904388427734 0
1712312047423 0.8190954923629761 0
1712312047460 0.8211055397987366 0
1712312047494 0.8271356821060181 0
1712312047529 0.8251256346702576 0
1712312047564 0.8241205811500549 0
1712312047598 0.8241205811500549 0
1712312047632 0.8201004862785339 0
1712312047667 0.8190954923629761 0
1712312047705 0.8201004862785339 0
1712312047744 0.8170854449272156 0
1712312047782 0.8160803914070129 0
1712312047844 0.8201004862785339 0
1712312047932 0.8261306285858154 0
1712312047967 0.8331658244132996 0
1712312048001 0.8311557769775391 0
1712312048037 0.8291457295417786 0
1712312048149 0.8291457295417786 0
1712312048247 0.8381909728050232 0
1712312048318 0.8542713522911072 0
1712312048352 0.8482412099838257 0
1712312048386 0.8562813997268677 0
1712312048419 0.8613065481185913 0
1712312048453 0.8663316369056702 0
1712312048488 0.8874371647834778 0
1712312048526 0.8904522657394409 0
1712312048564 0.9085426926612854 0
1712312048659 0.905527651309967 0
