1707473648671 0.7864372730255127 0
1707473648710 0.8006072640419006 0
1707473648747 0.7773279547691345 0
1707473648802 0.7874494194984436 0
1707473648839 0.7945343852043152 0
1707473648878 0.8228744864463806 0
1707473648915 0.8309716582298279 0
1707473649087 0.8228744864463806 0
1707473649131 0.829959511756897 0
1707473649184 0.841093122959137 0
1707473649278 0.8421052694320679 0
1707473649316 0.8350202441215515 0
1707473649351 0.8643724918365479 0
1707473649387 0.8856275081634521 0
1707473649424 0.8937246799468994 0
1707473649460 0.8967611193656921 0
1707473649496 0.9038461446762085 0
1707473649533 0.9159919023513794 0
1707473649568 0.920040488243103 0
1707473649603 0.953441321849823 0
1707473649638 0.9585019946098328 0
1707473649674 0.9463562965393066 0
