1691143971654 0.8338525295257568 0
1691143971755 0.8286604285240173 0
1691143971816 0.8141225576400757 0
1691143971879 0.8265835642814636 0
1691143971941 0.8296988606452942 0
1691143972002 0.8431983590126038 0
1691143972065 0.8764278292655945 0
1691143972132 0.8847352266311646 0
1691143972214 0.9138110280036926 0
1691143972356 0.9003115296363831 0
1691143972492 0.9241952300071716 0
1691143972601 0.9169262647628784 0
1691143972720 0.9221183657646179 0
1691143972827 0.9293873310089111 0
1691143972981 0.951194167137146 0
1691143973179 0.9595015645027161 0
1691143973292 0.9719626307487488 0
1691143973366 0.9916926026344299 0
1691143973458 1.0093457698822021 0
1691143973568 1.020768404006958 0
1691143973652 1.0436136722564697 0
1691143973742 1.0571131706237793 0
