1691143971640 0.6852539200936595 0
1691143971750 0.6617183512256991 0
1691143971811 0.6015539630766837 0
1691143971874 0.4866698038193487 0
1691143971936 0.4083898365497589 0
1691143971997 0.395832480922822 0
1691143972060 0.3935722093428335 0
1691143972123 0.39298863372495096 0
1691143972208 0.39259492678026997 0
1691143972351 0.3923970191709457 0
1691143972486 0.3924127942131412 0
1691143972590 0.39213464817693156 0
1691143972712 0.3922437833201501 0
1691143972821 0.3919612015447309 0
1691143972946 0.3917883634567261 0
1691143973167 0.39175782472856585 0
1691143973281 0.3917569979544609 0
1691143973361 0.3915238178545429 0
1691143973454 0.3913975473373167 0
1691143973563 0.3912842696712863 0
1691143973647 0.3910364393265017 0
1691143973737 0.391070568753827 0
