1702030304269 0.8030612468719482 0
1702030304316 0.8122448921203613 0
1702030304359 0.8122448921203613 0
1702030304405 0.8193877339363098 0
1702030304449 0.8857142925262451 0
1702030304492 0.9071428775787354 0
1702030304538 0.9295918345451355 0
1702030304581 0.9612244963645935 0
1702030304625 1.0132652521133423 0
1702030304669 1.0295917987823486 0
1702030304712 1.0469387769699097 0
1702030304759 1.09183669090271 0
1702030304804 1.109183669090271 0
1702030304856 1.09183669090271 0
1702030304904 1.1438775062561035 0
1702030304949 1.1836735010147095 0
1702030304994 1.1989796161651611 0
1702030305037 1.2459183931350708 0
1702030305081 1.2428570985794067 0
