1725617694164 0.7008132785558701 0
1725617694216 0.6946814619004726 0
1725617694323 0.6867797020822763 0
1725617694372 0.6728238146752119 0
1725617694425 0.6483910474926233 0
1725617694474 0.6097554881125689 0
1725617694526 0.5598588138818741 0
1725617694577 0.5075788963586092 0
1725617694627 0.46448997780680656 0
1725617694682 0.43568443693220615 0
1725617694740 0.41921864449977875 0
1725617694790 0.40972950402647257 0
1725617694839 0.404031103476882 0
1725617694888 0.400232276879251 0
1725617694938 0.3975016260519624 0
1725617694987 0.39569583255797625 0
1725617695037 0.39444083254784346 0
1725617695085 0.3936190325766802 0
1725617695135 0.39305568113923073 0
1725617695185 0.39266213215887547 0
1725617695233 0.39237125031650066 0
1725617695282 0.39216017816215754 0
1725617695334 0.3920146506279707 0
1725617695400 0.3918786682188511 0
1725617695452 0.3917836984619498 0
1725617695513 0.39168402925133705 0
1725617695566 0.3915986055508256 0
1725617695618 0.39149044919759035 0
1725617695670 0.39142932277172804 0
1725617695726 0.39134685415774584 0
1725617695782 0.3912720438092947 0
1725617695835 0.3911670008674264 0
1725617695889 0.39108249824494123 0
