1693563365377 0.6757078862959339 0
1693563366184 0.5665683082995876 0
1693563366495 0.415513813495636 0
1693563366822 0.39458474997551213 0
1693563367444 0.3925656493633024 0
1693563367760 0.3922283668671885 0
1693563368077 0.39182079703577105 0
1693563368389 0.3915080322373298 0
1693563368702 0.3911606832858055 0
1693563369013 0.39070587292794257 0
1693563369203 0.3903886945016922 0
1693563369434 0.38989385674076693 0
1693563369705 0.38942288391051755 0
1693563370017 0.38897955417633057 0
1693563370330 0.3885076718945657 0
1693563370596 0.3877691924571991 0
1693563370909 0.3871597416939274 0
1693563371225 0.38635176227938745 0
1693563371492 0.3855730400931451 0
