1711102416553 0.6859704554080963 0
1711102416587 0.6684303358197212 0
1711102416658 0.6376792564988136 0
1711102416702 0.5852626711130142 0
1711102416744 0.5123430714011192 0
1711102416789 0.4450560621917248 0
1711102416824 0.414507731795311 0
1711102416930 0.4059669189155102 0
1711102416969 0.39751535654067993 0
1711102417116 0.3935188576579094 0
1711102417151 0.39283736050128937 0
1711102417184 0.392206396907568 0
1711102417221 0.3919198550283909 0
1711102417255 0.39180923253297806 0
1711102417289 0.3916578069329262 0
1711102417324 0.391492523252964 0
1711102417359 0.39138471707701683 0
1711102417404 0.39124510809779167 0
1711102417450 0.3911409378051758 0
1711102417480 0.390968918800354 0
1711102417510 0.39082491397857666 0
