1703844757861 0.6833191667833636 0
1703844757902 0.6513165235519409 0
1703844757945 0.55594152404416 0
1703844757994 0.43949044615991656 0
1703844758046 0.40381410525691125 0
1703844758091 0.3951182326962871 0
1703844758140 0.3929790441066988 0
1703844758185 0.3923096416458007 0
1703844758230 0.3919942359770498 0
1703844758272 0.39181671507896915 0
1703844758321 0.39157510284454594 0
1703844758363 0.39136940433133033 0
1703844758403 0.39110811871867024 0
1703844758443 0.3908883563933834 0
1703844758483 0.39064754882166464 0
