1703844757867 0.7841140627861023 0
1703844757908 0.8075356483459473 0
1703844757950 0.7912423610687256 0
1703844758001 0.790224015712738 0
1703844758052 0.7963340282440186 0
1703844758097 0.8116089701652527 0
1703844758147 0.885947048664093 0
1703844758191 0.9307535886764526 0
1703844758235 0.9470468163490295 0
1703844758280 0.9775967597961426 0
1703844758327 1.0142565965652466 0
1703844758369 1.0274949073791504 0
1703844758409 1.0325865745544434 0
1703844758448 1.0631364583969116 0
1703844758489 1.092668056488037 0
