1715336024073 0.826826810836792 0
1715336024133 0.8218218088150024 0
1715336024189 0.8138138055801392 0
1715336024235 0.8138138055801392 0
1715336024282 0.8108108043670654 0
1715336024337 0.8278278112411499 0
1715336024393 0.8638638854026794 0
1715336024452 0.890890896320343 0
1715336024510 0.9509509801864624 0
1715336024561 0.9849849939346313 0
1715336024608 0.9869869947433472 0
1715336024742 1.0180180072784424 0
1715336024900 1.0740740299224854 0
1715336024953 1.0620620250701904 0
1715336025004 1.1211211681365967 0
1715336025059 1.1381381750106812 0
1715336025114 1.163163185119629 0
1715336025186 1.207207202911377 0
