1715336024063 0.6807581651955843 0
1715336024123 0.6334513146430254 0
1715336024181 0.5314907543361187 0
1715336024228 0.4360862746834755 0
1715336024274 0.40642517153173685 0
1715336024328 0.39753028750419617 0
1715336024384 0.3945169486105442 0
1715336024443 0.3930897479876876 0
1715336024501 0.39268179703503847 0
1715336024554 0.39218991063535213 0
1715336024600 0.39205897599458694 0
1715336024705 0.39177215844392776 0
1715336024891 0.39163910411298275 0
1715336024945 0.391417782753706 0
1715336024995 0.39115057699382305 0
1715336025050 0.3910149885341525 0
1715336025104 0.3906633872538805 0
1715336025167 0.39036433305591345 0
