1724408109985 0.8144126534461975 0
1724408110060 0.799605131149292 0
1724408110127 0.8104639649391174 0
1724408110188 0.8282329440116882 0
1724408110248 0.8874629735946655 0
1724408110323 0.9289239645004272 0
1724408110383 0.9466930031776428 0
1724408110443 0.9476801753044128 0
1724408110502 0.9792695045471191 0
1724408110559 0.99901282787323 0
1724408110619 1.0394866466522217 0
1724408110674 1.025666356086731 0
1724408110730 1.0661401748657227 0
1724408110786 1.0957552194595337 0
1724408110839 1.1214215755462646 0
1724408110902 1.1233958005905151 0
1724408110962 1.1510365009307861 0
1724408111025 1.166831135749817 0
1724408111085 1.198420524597168 0
