1728037005172 0.687104731798172 0
1728037005225 0.661945965141058 0
1728037005279 0.6076247207820415 0
1728037005338 0.5069825388491154 0
1728037005400 0.41480831801891327 0
1728037005457 0.396575253456831 0
1728037005509 0.39362386986613274 0
1728037005560 0.3925219550728798 0
1728037005613 0.3922663312405348 0
1728037005669 0.39208536967635155 0
1728037005721 0.39191003143787384 0
1728037005775 0.39176370203495026 0
1728037005828 0.39160348288714886 0
1728037005886 0.39144960418343544 0
1728037005944 0.39126171357929707 0
1728037006000 0.3910778444260359 0
1728037006058 0.39090870693325996 0
1728037006123 0.3907538913190365 0
1728037006175 0.39056363701820374 0
1728037006227 0.39032031036913395 0
1728037006282 0.39011182449758053 0
1728037006337 0.38990678265690804 0
1728037006389 0.3896604683250189 0
1728037006438 0.3894007708877325 0
1728037006489 0.3891925308853388 0
1728037006539 0.3889000043272972 0
1728037006589 0.388590918853879 0
1728037006642 0.38828397914767265 0
1728037006695 0.3879930879920721 0
1728037006745 0.3876330740749836 0
1728037006802 0.3872584030032158 0
1728037006858 0.38688561879098415 0
1728037006918 0.38645127415657043 0
