1728037005183 0.7897838950157166 0
1728037005235 0.8182711005210876 0
1728037005289 0.8153241872787476 0
1728037005350 0.8113948702812195 0
1728037005413 0.8015717267990112 0
1728037005468 0.8330059051513672 0
1728037005519 0.9145383238792419 0
1728037005571 0.9479371309280396 0
1728037005625 0.9675834774971008 0
1728037005679 0.9715127944946289 0
1728037005732 1.0019646883010864 0
1728037005785 1.0108054876327515 0
1728037005840 1.0265226364135742 0
1728037005897 1.06974458694458 0
1728037005955 1.0687623023986816 0
1728037006011 1.0756385326385498 0
1728037006070 1.1031434535980225 0
1728037006134 1.154223918914795 0
1728037006186 1.1414538621902466 0
1728037006238 1.1699410676956177 0
1728037006293 1.1886050701141357 0
1728037006348 1.2161099910736084 0
1728037006399 1.2612966299057007 0
1728037006448 1.2583496570587158 0
1728037006500 1.2730845212936401 0
1728037006549 1.3398821353912354 0
1728037006599 1.338899850845337 0
1728037006652 1.3693516254425049 0
1728037006706 1.3909627199172974 0
1728037006755 1.4341846704483032 0
1728037006812 1.4312376976013184 0
1728037006869 1.4911590814590454 0
1728037006931 1.5667976140975952 0
