1691748744608 0.7873443961143494 0
1691748744647 0.8091286420822144 0
1691748744686 0.8205394148826599 0
1691748744725 0.8122406601905823 0
1691748744763 0.8226141333580017 0
1691748744809 0.8278008103370667 0
1691748744858 0.8319501876831055 0
1691748745038 0.8350622653961182 0
1691748745078 0.8309128880500793 0
1691748745118 0.8288381695747375 0
1691748745158 0.8423236608505249 0
1691748745197 0.8558091521263123 0
1691748745245 0.8755186796188354 0
1691748745286 0.9076763391494751 0
1691748745326 0.8941908478736877 0
1691748745365 0.9045643210411072 0
1691748745404 0.930497944355011 0
1691748745443 0.9294605851173401 0
1691748745483 0.9211618304252625 0
1691748745522 0.9450207352638245 0
1691748745562 0.95643150806427 0
1691748745601 0.9232364892959595 0
1691748745641 0.978215754032135 0
1691748745732 0.9730290174484253 0
1691748745780 0.9688796401023865 0
1691748745820 0.9875518679618835 0
1691748745865 1.0093361139297485 0
1691748746040 1.0394190549850464 0
