1691748744603 0.683956254273653 0
1691748744642 0.6651832349598408 0
1691748744681 0.6298788599669933 0
1691748744720 0.5687452964484692 0
1691748744758 0.4932894669473171 0
1691748744801 0.4323061015456915 0
1691748744847 0.40790970623493195 0
1691748745033 0.3996536284685135 0
1691748745073 0.3963877446949482 0
1691748745113 0.3942856192588806 0
1691748745152 0.39397358149290085 0
1691748745192 0.3929908350110054 0
1691748745240 0.393017765134573 0
1691748745281 0.3927000071853399 0
1691748745320 0.3924225866794586 0
1691748745360 0.39245797507464886 0
1691748745399 0.39236063696444035 0
1691748745438 0.39236838184297085 0
1691748745477 0.3921135012060404 0
1691748745517 0.3925052657723427 0
1691748745557 0.39183388836681843 0
1691748745596 0.3923643045127392 0
1691748745635 0.39189240150153637 0
1691748745726 0.3917809259146452 0
1691748745775 0.39179309643805027 0
1691748745814 0.39166947826743126 0
1691748745860 0.3919113166630268 0
1691748746035 0.3916149977594614 0
