1688724867201 0.7895833253860474 0
1688724867244 0.8104166388511658 0
1688724867285 0.8479166626930237 0
1688724867326 0.856249988079071 0
1688724867368 0.8302083611488342 0
1688724867415 0.8385416865348816 0
1688724867475 0.831250011920929 0
1688724867530 0.796875 0
1688724867608 0.7875000238418579 0
1688724867663 0.784375011920929 0
1688724867723 0.78125 0
1688724867782 0.7739583253860474 0
1688724867840 0.7666666507720947 0
1688724867901 0.7739583253860474 0
1688724867977 0.768750011920929 0
1688724868035 0.7718750238418579 0
1688724868094 0.7729166746139526 0
1688724868153 0.778124988079071 0
1688724868193 0.7885416746139526 0
1688724868233 0.7885416746139526 0
1688724868276 0.800000011920929 0
1688724868316 0.793749988079071 0
1688724868358 0.7979166507720947 0
1688724868397 0.8177083134651184 0
1688724868437 0.8770833611488342 0
1688724868477 0.871874988079071 0
1688724868519 0.8895833492279053 0
1688724868563 0.909375011920929 0
1688724868604 0.9145833253860474 0
1688724868644 0.940625011920929 0
1688724868687 0.9447916746139526 0
1688724868727 0.949999988079071 0
1688724868766 0.9520833492279053 0
1688724868810 0.965624988079071 0
1688724868911 0.9708333611488342 0
1688724868959 0.9510416388511658 0
1688724869084 0.9489583373069763 0
1688724869160 0.9791666865348816 0
1688724869225 0.9760416746139526 0
1688724869268 0.984375 0
1688724869311 0.996874988079071 0
