1712916799262 0.6881787180900574 0
1712916799292 0.6848334670066833 0
1712916799321 0.681066207587719 0
1712916799350 0.6766661256551743 0
1712916799380 0.6712911874055862 0
1712916799410 0.6646594703197479 0
1712916799441 0.6564800217747688 0
1712916799472 0.6465614885091782 0
1712916799503 0.6347198113799095 0
1712916799534 0.6208229288458824 0
1712916799569 0.6048105284571648 0
1712916799603 0.5868745148181915 0
1712916799633 0.5671136826276779 0
1712916799668 0.5460439324378967 0
1712916799700 0.5242173224687576 0
1712916799734 0.5023045055568218 0
1712916799770 0.48135392740368843 0
1712916799801 0.4621432162821293 0
1712916799831 0.4456729218363762 0
1712916799860 0.4321727901697159 0
1712916799890 0.4215440861880779 0
1712916799919 0.41365036740899086 0
1712916799950 0.4080019183456898 0
1712916799982 0.403899721801281 0
1712916800010 0.4010182023048401 0
1712916800039 0.39887790381908417 0
1712916800068 0.39733724668622017 0
1712916800098 0.39611055701971054 0
1712916800127 0.3952232003211975 0
1712916800156 0.3944944702088833 0
1712916800185 0.3939584828913212 0
1712916800213 0.3935154899954796 0
1712916800248 0.39323291927576065 0
1712916800278 0.3929785415530205 0
1712916800309 0.39273419603705406 0
1712916800338 0.39258551970124245 0
1712916800367 0.39244677126407623 0
1712916800396 0.39232324436306953 0
1712916800427 0.39221346750855446 0
1712916800457 0.39212116599082947 0
1712916800486 0.39208733290433884 0
1712916800522 0.39200304448604584 0
1712916800553 0.39194507896900177 0
1712916800584 0.3919224627315998 0
1712916800617 0.39184217527508736 0
1712916800648 0.3918137289583683 0
1712916800680 0.39174650982022285 0
1712916800711 0.391738835722208 0
1712916800740 0.3917013071477413 0
1712916800769 0.391647107899189 0
1712916800799 0.391632080078125 0
1712916800827 0.3915657103061676 0
1712916800856 0.39153948798775673 0
1712916800885 0.3915119804441929 0
1712916800914 0.3914717249572277 0
1712916800945 0.39144399389624596 0
1712916800973 0.3914222680032253 0
1712916801004 0.39136452600359917 0
1712916801032 0.3913148082792759 0
1712916801060 0.39128025621175766 0
1712916801089 0.39124979451298714 0
1712916801119 0.39119407534599304 0
1712916801148 0.39117975533008575 0
1712916801177 0.3911191038787365 0
1712916801207 0.3910882771015167 0
1712916801236 0.39104439318180084 0
1712916801307 0.3910030275583267 0
1712916801336 0.39095452427864075 0
