1712916799269 0.814257025718689 0
1712916799299 0.8062248826026917 0
1712916799327 0.7931727170944214 0
1712916799356 0.8042168617248535 0
1712916799387 0.8162650465965271 0
1712916799417 0.8132529854774475 0
1712916799448 0.8102409839630127 0
1712916799479 0.8152610659599304 0
1712916799509 0.8132529854774475 0
1712916799541 0.8192771077156067 0
1712916799576 0.8182730674743652 0
1712916799609 0.8253012299537659 0
1712916799639 0.814257025718689 0
1712916799675 0.8202811479568481 0
1712916799708 0.8172690868377686 0
1712916799742 0.8212851285934448 0
1712916799776 0.8162650465965271 0
1712916799807 0.8152610659599304 0
1712916799837 0.8152610659599304 0
1712916799866 0.814257025718689 0
1712916799896 0.814257025718689 0
1712916799925 0.8152610659599304 0
1712916799959 0.8152610659599304 0
1712916799988 0.8152610659599304 0
1712916800017 0.814257025718689 0
1712916800045 0.8152610659599304 0
1712916800074 0.8162650465965271 0
1712916800105 0.8162650465965271 0
1712916800133 0.8253012299537659 0
1712916800162 0.8283132314682007 0
1712916800191 0.836345374584198 0
1712916800220 0.8373494148254395 0
1712916800254 0.8463855385780334 0
1712916800285 0.8524096608161926 0
1712916800315 0.8714859485626221 0
1712916800345 0.8825300931930542 0
1712916800373 0.8995984196662903 0
1712916800403 0.8945783376693726 0
1712916800434 0.9086345434188843 0
1712916800463 0.926706850528717 0
1712916800493 0.922690749168396 0
1712916800529 0.935742974281311 0
1712916800559 0.9377509951591492 0
1712916800592 0.9427710771560669 0
1712916800624 0.9287148714065552 0
1712916800654 0.9427710771560669 0
1712916800687 0.9417670965194702 0
1712916800718 0.9598393440246582 0
1712916800747 0.9568272829055786 0
1712916800776 0.9598393440246582 0
1712916800805 0.9738956093788147 0
1712916800834 0.9809237122535706 0
1712916800863 0.9929718971252441 0
1712916800891 0.9859437942504883 0
1712916800920 0.9989959597587585 0
1712916800951 1.0100401639938354 0
1712916800980 1.0230923891067505 0
1712916801010 1.033132553100586 0
1712916801039 1.0401606559753418 0
1712916801067 1.0421686172485352 0
1712916801096 1.0381525754928589 0
1712916801126 1.0562249422073364 0
1712916801155 1.0481927394866943 0
1712916801184 1.0612449645996094 0
1712916801213 1.0672690868377686 0
1712916801285 1.0702811479568481 0
1712916801314 1.0702811479568481 0
1712916801343 1.0793172121047974 0
