1690539264735 0.7975077629089355 0
1690539264859 0.8068535923957825 0
1690539264984 0.7881619930267334 0
1690539265115 0.8566977977752686 0
1690539265277 0.9231567978858948 0
1690539265431 0.9719626307487488 0
1690539265664 0.9626168012619019 0
1690539265877 0.9709241986274719 0
1690539266013 1.0228452682495117 0
1690539266123 1.0259605646133423 0
1690539266228 1.0674973726272583 0
1690539266315 1.0654205083847046 0
1690539266397 1.1142263412475586 0
1690539266534 1.1547248363494873 0
1690539266838 1.1744548082351685 0
1690539266998 1.1869158744812012 0
1690539267082 1.2450674772262573 0
