1690539264728 0.6797613020866148 0
1690539264840 0.6069813928296489 0
1690539264971 0.4418431462780122 0
1690539265098 0.3966664095078745 0
1690539265264 0.39283405292418694 0
1690539265415 0.3924853147998933 0
1690539265648 0.39209942471596504 0
1690539265871 0.3920502114680506 0
1690539266000 0.3915555852074777 0
1690539266117 0.3915779629061299 0
1690539266222 0.39125739470604926 0
1690539266308 0.39101922319781396 0
1690539266391 0.3908203638369037 0
1690539266478 0.3903069284654433 0
1690539266774 0.39011720591975796 0
1690539266992 0.3899934724453957 0
1690539267076 0.38951410497388533 0
