1682676776345 0.701147711277008 0
1682676776382 0.684934401512146 0
1682676776417 0.6546939849853516 0
1682676776453 0.6061190327008565 0
1682676776488 0.5418864766756694 0
1682676776524 0.4782323956489563 0
1682676776559 0.43540408213933307 0
1682676776594 0.41475030183792116 0
1682676776629 0.40497032801310223 0
1682676776664 0.39939813216527303 0
1682676776705 0.3959749360879262 0
1682676776741 0.39410491387049357 0
1682676776777 0.3930393914381663 0
1682676776813 0.39235260685284934 0
1682676776848 0.39195485711097716 0
1682676776884 0.39169423778851825 0
1682676776920 0.391486648718516 0
1682676776955 0.39130308032035827 0
1682676776989 0.3911788980166117 0
1682676777024 0.3910140852133433 0
1682676777059 0.3908803939819336 0
