1712916797844 0.8383533954620361 0
1712916797905 0.8443775177001953 0
1712916797968 0.8885542154312134 0
1712916798042 0.9608433842658997 0
1712916798108 0.9859437942504883 0
1712916798186 1.0321285724639893 0
1712916798259 1.0803213119506836 0
1712916798322 1.0863454341888428 0
1712916798382 1.128514051437378 0
1712916798442 1.1977912187576294 0
1712916798499 1.3242971897125244 0
1712916798555 1.2841365337371826 0
1712916798611 1.455823302268982 0
1712916798673 1.5210843086242676 0
1712916798732 1.595381498336792 0
1712916798789 1.6706827878952026 0
1712916798845 1.7098393440246582 0
1712916798900 1.896586298942566 0
1712916798957 1.8242971897125244 0
1712916799014 1.8925702571868896 0
1712916799071 1.9728915691375732 0
1712916799132 2.0050201416015625 0
1712916799191 2.0612449645996094 0
