1703239998755 0.6838239316017397 0
1703239998839 0.6560797691345215 0
1703239998923 0.579823620857731 0
1703239999005 0.4578365452827946 0
1703239999088 0.400394328178898 0
1703239999172 0.3942995225229571 0
1703239999257 0.3927948926725695 0
1703239999340 0.3923427972101396 0
1703239999424 0.39205048257304775 0
1703239999507 0.3918154287722803 0
1703239999591 0.39166701993634623 0
1703239999674 0.3914984397349819 0
1703239999757 0.3912995313444445 0
1703239999842 0.3911035435815011 0
1703239999924 0.3908516053230532 0
1703240000006 0.3906513096824769 0
1703240000093 0.39042848829300175 0
