1728641703340 0.8047105073928833 0
1728641703416 0.8213935494422913 0
1728641703486 0.8076545596122742 0
1728641703556 0.8341511487960815 0
1728641703629 0.9273797869682312 0
1728641703710 0.9195289611816406 0
1728641703806 0.9578017592430115 0
1728641703885 0.9793915748596191 0
1728641703966 0.9882237315177917 0
1728641704042 1.0206084251403809 0
1728641704115 1.0421981811523438 0
1728641704187 1.0667320489883423 0
1728641704257 1.10598623752594 0
1728641704329 1.117762565612793 0
1728641704400 1.1118743419647217 0
1728641704471 1.1805691719055176 0
1728641704542 1.2090284824371338 0
1728641704625 1.2423944473266602 0
1728641704710 1.2855740785598755 0
1728641704797 1.287536859512329 0
