1691748754966 0.6940606385469437 0
1691748755007 0.6808749809861183 0
1691748755049 0.6587540954351425 0
1691748755096 0.6207306012511253 0
1691748755415 0.5640263855457306 0
1691748755459 0.4982130005955696 0
1691748755507 0.44281329214572906 0
1691748755592 0.41708891838788986 0
1691748755699 0.406621802598238 0
1691748755737 0.39858658984303474 0
1691748755773 0.3941168859601021 0
1691748755817 0.39294204115867615 0
1691748755857 0.3922979161143303 0
1691748755953 0.3919305391609669 0
1691748756018 0.39179256558418274 0
1691748756053 0.3915751948952675 0
1691748756087 0.39142393693327904 0
1691748756121 0.39126382023096085 0
1691748756155 0.3910243809223175 0
1691748756222 0.3908890075981617 0
1691748756302 0.3907647952437401 0
