1708078374161 0.6878178901970387 0
1708078374207 0.6722986698150635 0
1708078374247 0.6409490332007408 0
1708078374396 0.5743225701153278 0
1708078374441 0.47643790394067764 0
1708078374483 0.41082681715488434 0
1708078374590 0.3987751044332981 0
1708078374648 0.39461961202323437 0
1708078374687 0.3931547123938799 0
1708078374725 0.392665883526206 0
1708078374767 0.3924704436212778 0
1708078374804 0.39225692115724087 0
1708078374841 0.3922025915235281 0
1708078374877 0.39204749651253223 0
1708078374915 0.3920361138880253 0
1708078374959 0.391923900693655 0
1708078374995 0.3917600456625223 0
1708078375032 0.3916778564453125 0
1708078375068 0.39154589734971523 0
1708078375104 0.39142463356256485 0
1708078375143 0.3914071414619684 0
1708078375179 0.3912804462015629 0
1708078375216 0.3911637309938669 0
1708078375250 0.3910412807017565 0
1708078375286 0.3908804077655077 0
1708078375340 0.3907661382108927 0
1708078375378 0.39064458198845387 0
1708078375415 0.3905314076691866 0
1708078375451 0.39044939540326595 0
1708078375501 0.3902482781559229 0
1708078375613 0.39015910774469376 0
1708078375654 0.39004495181143284 0
