1725012934749 0.8086785078048706 0
1725012934839 0.7968441843986511 0
1725012934928 0.7978304028511047 0
1725012935005 0.8106508851051331 0
1725012935044 0.824457585811615 0
1725012935083 0.8254438042640686 0
1725012935124 0.834319531917572 0
1725012935163 0.8431952595710754 0
1725012935209 0.8185404539108276 0
1725012935258 0.8224852085113525 0
1725012935442 0.8254438042640686 0
1725012935556 0.8254438042640686 0
1725012935601 0.817554235458374 0
1725012935640 0.8086785078048706 0
1725012935680 0.8185404539108276 0
1725012935718 0.8422091007232666 0
1725012935757 0.827416181564331 0
1725012935799 0.8254438042640686 0
1725012935849 0.8155818581581116 0
1725012935888 0.8136094808578491 0
1725012935941 0.8185404539108276 0
1725012936010 0.834319531917572 0
1725012936113 0.8372781276702881 0
1725012936175 0.8353056907653809 0
1725012936212 0.8520709872245789 0
1725012936258 0.848126232624054 0
1725012936339 0.848126232624054 0
1725012936392 0.864891529083252 0
1725012936433 0.88165682554245 0
1725012936471 0.8826429843902588 0
1725012936520 0.8865877985954285 0
1725012936664 0.8925049304962158 0
1725012936703 0.8984220623970032 0
1725012936743 0.9151873588562012 0
1725012936783 0.9250493049621582 0
1725012936949 0.9289940595626831 0
1725012937109 0.9358974099159241 0
1725012937154 0.9497041702270508 0
1725012937194 0.9546350836753845 0
1725012937239 0.9605522751808167 0
1725012937617 0.9625246524810791 0
1725012937662 0.973372757434845 0
1725012937701 0.983234703540802 0
1725012937740 0.983234703540802 0
1725012937933 0.990138053894043 0
1725012938104 1.0 0
1725012938197 1.0 0
1725012938311 1.013806700706482 0
1725012938426 1.029585838317871 0
1725012938776 1.0315581560134888 0
1725012938879 1.0364891290664673 0
1725012939050 1.0522682666778564 0
