1730456161986 0.6764190401881933 0
1730456162048 0.5931755322962999 0
1730456162099 0.45393844693899155 0
1730456162151 0.40485415793955326 0
1730456162203 0.3949238285422325 0
1730456162255 0.39261033944785595 0
1730456162307 0.39190102089196444 0
1730456162358 0.3914662944152951 0
1730456162410 0.3911376306787133 0
1730456162460 0.39077064488083124 0
1730456162511 0.39048166014254093 0
1730456162560 0.3901293883100152 0
1730456162609 0.3896464519202709 0
1730456162657 0.38918306306004524 0
1730456162707 0.3886220986023545 0
