1708683284617 0.8030303120613098 0
1708683284650 0.8090909123420715 0
1708683284683 0.7939394116401672 0
1708683284716 0.7929292917251587 0
1708683284748 0.7959595918655396 0
1708683284781 0.7848485112190247 0
1708683284815 0.7898989915847778 0
1708683284891 0.7989898920059204 0
1708683284925 0.821212112903595 0
1708683284958 0.8151515126228333 0
1708683284992 0.8020201921463013 0
1708683285025 0.8060606122016907 0
1708683285058 0.8040404319763184 0
1708683285091 0.808080792427063 0
1708683285124 0.8181818127632141 0
1708683285157 0.8353535532951355 0
1708683285189 0.8626262545585632 0
1708683285223 0.8878787755966187 0
1708683285257 0.903030276298523 0
1708683285291 0.9171717166900635 0
1708683285325 0.9252524971961975 0
1708683285359 0.9515151381492615 0
1708683285406 0.965656578540802 0
1708683285443 0.9707070589065552 0
1708683285476 0.9838383793830872 0
1708683285509 1.002020239830017 0
1708683285542 1.0010100603103638 0
1708683285575 1.0070706605911255 0
1708683285608 1.0090909004211426 0
1708683285641 1.0080808401107788 0
1708683285673 1.0202020406723022 0
1708683285705 1.028282880783081 0
1708683285737 1.0434343814849854 0
1708683285769 1.049494981765747 0
