1693563387007 0.6830590143799782 0
1693563387243 0.6659206449985504 0
1693563387525 0.635544016957283 0
1693563387844 0.5823778137564659 0
1693563388205 0.5072002783417702 0
1693563388484 0.4390789791941643 0
1693563388804 0.41075311973690987 0
1693563388865 0.404113557189703 0
1693563389143 0.3961843363940716 0
1693563389424 0.3933563455939293 0
1693563389745 0.39287562295794487 0
1693563390024 0.39222656935453415 0
1693563390306 0.39206545427441597 0
1693563390582 0.39186230301856995 0
1693563390746 0.3917708434164524 0
1693563391024 0.3916211389005184 0
