1723198561680 0.835806131362915 0
1723198561754 0.8437190651893616 0
1723198561816 0.8516320586204529 0
1723198561879 0.8308605551719666 0
1723198561941 0.8377843499183655 0
1723198561996 0.8496537804603577 0
1723198562057 0.8447082042694092 0
1723198562111 0.8377843499183655 0
1723198562168 0.8743817806243896 0
1723198562229 0.8743817806243896 0
1723198562289 0.9020771384239197 0
1723198562347 0.9159248471260071 0
1723198562408 0.9703264236450195 0
1723198562469 0.9871414303779602 0
1723198562529 0.9940652847290039 0
1723198562585 1.012858510017395 0
1723198562655 1.0168150663375854 0
1723198562708 1.0365973711013794 0
