1723198561660 0.6869260594248772 0
1723198561740 0.6687400937080383 0
1723198561803 0.6338674128055573 0
1723198561863 0.5705870538949966 0
1723198561928 0.4907566215842962 0
1723198561982 0.43290205113589764 0
1723198562044 0.4088574703782797 0
1723198562098 0.3992064893245697 0
1723198562154 0.3950103558599949 0
1723198562216 0.3934171795845032 0
1723198562274 0.3927862588316202 0
1723198562334 0.3924812562763691 0
1723198562396 0.39230393432080746 0
1723198562454 0.39215753600001335 0
1723198562513 0.3920528907328844 0
1723198562573 0.3919117543846369 0
1723198562643 0.3917396701872349 0
1723198562696 0.39162524975836277 0
