1689934437013 0.7993763089179993 0
1689934437061 0.7962577939033508 0
1689934437103 0.8149688243865967 0
1689934437143 0.8066527843475342 0
1689934437182 0.8066527843475342 0
1689934437222 0.8108108043670654 0
1689934437263 0.8149688243865967 0
1689934437305 0.8357588648796082 0
1689934437347 0.8659043908119202 0
1689934437400 0.9376299381256104 0
1689934437484 0.9688149690628052 0
1689934437573 0.9916840195655823 0
1689934437653 1.0374220609664917 0
1689934437736 1.024948000907898 0
1689934437827 1.0291060209274292 0
1689934437903 1.0592515468597412 0
1689934437997 1.0582120418548584 0
1689934438097 1.0738046169281006 0
1689934438204 1.1060291528701782 0
1689934438332 1.1361746788024902 0
1689934438375 1.1580041646957397 0
1689934438415 1.1642411947250366 0
1689934438454 1.180873155593872 0
1689934438494 1.1995842456817627 0
1689934438533 1.2245322465896606 0
1689934438573 1.2380456924438477 0
