1729246587151 0.6861102804541588 0
1729246587202 0.6605442240834236 0
1729246587376 0.605462908744812 0
1729246587427 0.5098992511630058 0
1729246587489 0.42530376464128494 0
1729246587578 0.40985871106386185 0
1729246587626 0.399495217949152 0
1729246587674 0.39288807287812233 0
1729246587719 0.39314519986510277 0
1729246587764 0.39205655828118324 0
1729246587809 0.39188967645168304 0
1729246587856 0.39150604978203773 0
1729246587904 0.3912754915654659 0
1729246587950 0.3910924606025219 0
1729246587996 0.3908688426017761 0
1729246588042 0.3906455524265766 0
1729246588090 0.3903929889202118 0
1729246588136 0.39013439416885376 0
1729246588183 0.3898852914571762 0
1729246588231 0.389575719833374 0
