1699611132841 0.6838094852864742 0
1699611132874 0.6615044623613358 0
1699611132912 0.6200313791632652 0
1699611132955 0.5454740487039089 0
1699611132992 0.45512245781719685 0
1699611133032 0.407859455794096 0
1699611133072 0.39806364476680756 0
1699611133111 0.3944458682090044 0
1699611133149 0.3930256552994251 0
1699611133183 0.39248523488640785 0
1699611133222 0.39246181584894657 0
1699611133261 0.39234728179872036 0
1699611133301 0.3920801840722561 0
1699611133340 0.39201753959059715 0
1699611133375 0.3919351361691952 0
