1702635382588 0.8124362826347351 0
1702635382962 0.8216106295585632 0
1702635383295 0.8369011282920837 0
1702635383585 0.8379204869270325 0
1702635383919 0.8277267813682556 0
1702635384296 0.835881769657135 0
1702635384637 0.8623853325843811 0
1702635384972 0.8909276127815247 0
1702635385350 0.9408766627311707 0
1702635385726 0.950050950050354 0
1702635386103 0.9847095012664795 0
1702635386481 0.9745157957077026 0
1702635386826 0.9949031472206116 0
1702635387163 0.9898062944412231 0
1702635387540 1.0285422801971436 0
1702635387877 1.0377166271209717 0
1702635388254 1.0652395486831665 0
1702635388587 1.0784913301467896 0
1702635388961 1.09378182888031 0
1702635389298 1.1141692399978638 0
1702635389631 1.1488276720046997 0
1702635389966 1.184505581855774 0
1702635390298 1.2008154392242432 0
1702635390635 1.2354739904403687 0
1702635390968 1.2364933490753174 0
1702635391344 1.2711519002914429 0
