1702635382415 0.6803359016776085 0
1702635382792 0.6606411151587963 0
1702635383125 0.6158666275441647 0
1702635383457 0.5284115970134735 0
1702635383790 0.4365879390388727 0
1702635384124 0.40330758690834045 0
1702635384509 0.3961780648678541 0
1702635384800 0.39307661168277264 0
1702635385179 0.39240708760917187 0
1702635385554 0.39214630238711834 0
1702635385931 0.3919454328715801 0
1702635386308 0.39169657602906227 0
1702635386691 0.3916124440729618 0
1702635386993 0.39143400825560093 0
1702635387367 0.391309404745698 0
1702635387704 0.391092611476779 0
1702635388082 0.390948873013258 0
1702635388415 0.3907315041869879 0
1702635388792 0.3905740026384592 0
1702635389126 0.3904001787304878 0
1702635389460 0.39007806219160557 0
1702635389795 0.3900390397757292 0
1702635390127 0.38979404233396053 0
1702635390462 0.3894421365112066 0
1702635390838 0.3892028331756592 0
1702635391172 0.38887008279561996 0
