1699006372470 0.8174359202384949 0
1699006372500 0.8287179470062256 0
1699006372529 0.8102564215660095 0
1699006372612 0.802051305770874 0
1699006372708 0.7938461303710938 0
1699006372791 0.8276923298835754 0
1699006372820 0.8410256505012512 0
1699006372849 0.9200000166893005 0
1699006372878 0.9743589758872986 0
1699006372907 0.9907692074775696 0
1699006372936 0.9907692074775696 0
1699006372966 1.0276923179626465 0
1699006372995 1.0266666412353516 0
1699006373024 1.0871795415878296 0
1699006373053 1.1241025924682617 0
1699006373085 1.159999966621399 0
1699006373116 1.1548718214035034 0
1699006373147 1.1507692337036133 0
1699006373222 1.1856410503387451 0
1699006373298 1.214358925819397 0
1699006373329 1.2717949151992798 0
