1699006372465 0.6896408163011074 0
1699006372495 0.6648893319070339 0
1699006372524 0.6119750514626503 0
1699006372605 0.5184616595506668 0
1699006372701 0.4337359871715307 0
1699006372786 0.4063639398664236 0
1699006372815 0.396396916359663 0
1699006372844 0.39332685247063637 0
1699006372873 0.3922595512121916 0
1699006372902 0.3917362801730633 0
1699006372931 0.39146415889263153 0
1699006372960 0.39139959029853344 0
1699006372990 0.39118559658527374 0
1699006373019 0.39079959876835346 0
1699006373049 0.3906113877892494 0
1699006373080 0.3902741465717554 0
1699006373110 0.38999515026807785 0
1699006373142 0.3897330295294523 0
1699006373214 0.3893584329634905 0
1699006373293 0.389056708663702 0
1699006373323 0.38853609561920166 0
