1725617683957 0.6537367515265942 0
1725617684019 0.4614282287657261 0
1725617684080 0.39552512113004923 0
1725617684143 0.3925629872828722 0
1725617684204 0.39220680482685566 0
1725617684264 0.3916519321501255 0
1725617684325 0.39130246452987194 0
1725617684385 0.390800011344254 0
1725617684458 0.3904145807027817 0
1725617684553 0.3898094305768609 0
1725617684620 0.38919365871697664 0
1725617684687 0.3884980585426092 0
1725617684750 0.38772200234234333 0
1725617684852 0.386861864477396 0
1725617684912 0.3859354220330715 0
1725617684971 0.3848750442266464 0
1725617685030 0.38359636813402176 0
1725617685094 0.382290231063962 0
1725617685159 0.38090614043176174 0
1725617685222 0.379439951851964 0
1725617685292 0.377664303407073 0
