1711102402724 0.7875126004219055 0
1711102402779 0.8126888275146484 0
1711102402836 0.8056395053863525 0
1711102402888 0.7895267009735107 0
1711102402937 0.8056395053863525 0
1711102402995 0.8026183247566223 0
1711102403053 0.808660626411438 0
1711102403115 0.82578045129776 0
1711102403178 0.8298086524009705 0
1711102403329 0.8358509540557861 0
1711102403388 0.8549848794937134 0
1711102403444 0.8952668905258179 0
1711102403506 0.9123867154121399 0
1711102403565 0.9184290170669556 0
1711102403728 0.9204431176185608 0
1711102403857 0.9345418214797974 0
1711102403907 0.9466263651847839 0
1711102403960 0.9667673707008362 0
1711102404011 0.9748237729072571 0
1711102404067 0.9748237729072571 0
1711102404197 0.9989929795265198 0
1711102404253 0.9939576983451843 0
