1717150465420 0.6904648393392563 0
1717150465470 0.682138953357935 0
1717150465521 0.6692955568432808 0
1717150465667 0.6482416689395905 0
1717150465790 0.6173113510012627 0
1717150465983 0.5783328451216221 0
1717150466054 0.5363342240452766 0
1717150466099 0.49700552225112915 0
1717150466143 0.4649499524384737 0
1717150466233 0.4424140080809593 0
1717150466303 0.4274008050560951 0
1717150466349 0.41714542359113693 0
1717150466391 0.410326711833477 0
1717150466437 0.405198423191905 0
1717150466484 0.40180197171866894 0
1717150466536 0.39928375370800495 0
1717150466651 0.397313941270113 0
1717150466702 0.39588928781449795 0
1717150466747 0.39474356919527054 0
1717150466802 0.39394665509462357 0
1717150466855 0.3933047913014889 0
1717150466901 0.39275855757296085 0
1717150467026 0.39241209626197815 0
1717150467074 0.3920352775603533 0
1717150467124 0.39176809042692184 0
1717150467171 0.3915257155895233 0
1717150467223 0.3913320992141962 0
1717150467269 0.391144709661603 0
1717150467373 0.3909320719540119 0
1717150467437 0.3907925859093666 0
1717150467488 0.3905659317970276 0
1717150467534 0.39046230912208557 0
1717150467642 0.3903469629585743 0
1717150467752 0.39018963277339935 0
1717150467816 0.3900264035910368 0
