1717150465429 0.7744510769844055 0
1717150465482 0.772455096244812 0
1717150465530 0.7395209670066833 0
1717150465680 0.7445109486579895 0
1717150465822 0.7704590559005737 0
1717150465995 0.7794411182403564 0
1717150466063 0.7714570760726929 0
1717150466109 0.7754490971565247 0
1717150466153 0.772455096244812 0
1717150466243 0.7624750733375549 0
1717150466313 0.7544910311698914 0
1717150466358 0.7504990100860596 0
1717150466401 0.7534930109977722 0
1717150466447 0.7495009899139404 0
1717150466494 0.7744510769844055 0
1717150466547 0.7984032034873962 0
1717150466663 0.8093812465667725 0
1717150466711 0.847305417060852 0
1717150466758 0.886227548122406 0
1717150466815 0.8912175893783569 0
1717150466865 0.9071856141090393 0
1717150466912 0.9381237626075745 0
1717150467039 0.9510977864265442 0
1717150467084 0.9720559120178223 0
1717150467134 0.9670658707618713 0
1717150467184 0.9920159578323364 0
1717150467233 1.0179641246795654 0
1717150467280 1.0429141521453857 0
1717150467388 1.0628741979599 0
1717150467448 1.063872218132019 0
1717150467497 1.0918164253234863 0
1717150467546 1.1147704124450684 0
1717150467653 1.148702621459961 0
1717150467764 1.1706587076187134 0
1717150467825 1.1816366910934448 0
