1694772782199 0.843137264251709 0
1694772782259 0.8276574015617371 0
1694772782357 0.8379772901535034 0
1694772782417 0.9164086580276489 0
1694772782474 0.9628483057022095 0
1694772782530 1.008255958557129 0
1694772782586 1.0763673782348633 0
1694772782641 1.0794633626937866 0
1694772782697 1.105263113975525 0
1694772782756 1.1919504404067993 0
1694772782818 1.3023735284805298 0
1694772782881 1.4117647409439087 0
1694772782937 1.4086687564849854 0
1694772782992 1.5149638652801514 0
1694772783048 1.4664602279663086 0
1694772783104 1.5510835647583008 0
1694772783173 1.7327141761779785 0
1694772783232 1.6934984922409058 0
