1680343645962 0.8532207012176514 0
1680343646011 0.8067581653594971 0
1680343646060 0.8342133164405823 0
1680343646110 0.8342133164405823 0
1680343646158 0.8901795148849487 0
1680343646207 0.903907060623169 0
1680343646258 0.9176346063613892 0
1680343646306 0.9398099184036255 0
1680343646352 0.9503695964813232 0
1680343646397 0.947201669216156 0
1680343646444 1.0116156339645386 0
1680343646491 0.9989440441131592 0
1680343646537 1.0527982711791992 0
1680343646583 1.0749735832214355 0
1680343646629 1.0749735832214355 0
