1706263959466 0.6779898097438197 0
1706263959546 0.5738665749949794 0
1706263959625 0.4129101403297917 0
1706263959702 0.39426760327431465 0
1706263959782 0.3926432219243819 0
1706263959859 0.3922982927291624 0
1706263959936 0.39200019740289255 0
1706263960015 0.3917017309896408 0
1706263960093 0.39137117324336884 0
1706263960170 0.39102436169501276 0
1706263960247 0.3906904891613991 0
1706263960324 0.39022125736359625 0
1706263960401 0.3898813186153289 0
1706263960481 0.38944153343477556 0
1706263960560 0.3890705906575726 0
1706263960638 0.3885296294766088 0
