1726827293987 0.8141592741012573 0
1726827294066 0.7964601516723633 0
1726827294114 0.7856440544128418 0
1726827294168 0.7905604839324951 0
1726827294317 0.7935103178024292 0
1726827294371 0.7885938882827759 0
1726827294417 0.8456243872642517 0
1726827294460 0.9478859305381775 0
1726827294503 0.9705014824867249 0
1726827294548 0.9950835704803467 0
1726827294591 1.035398244857788 0
1726827294633 1.035398244857788 0
1726827294676 1.0648967027664185 0
1726827294720 1.0668632984161377 0
1726827294767 1.101278305053711 0
1726827294812 1.1356931924819946 0
1726827294855 1.1769911050796509 0
1726827294896 1.2251720428466797 0
