1726827293976 0.6839055716991425 0
1726827294057 0.6559789702296257 0
1726827294102 0.5961668714880943 0
1726827294157 0.496473191305995 0
1726827294305 0.4182589165866375 0
1726827294362 0.4001756142824888 0
1726827294408 0.3939370643347502 0
1726827294451 0.39241137355566025 0
1726827294494 0.39200150966644287 0
1726827294538 0.3917822204530239 0
1726827294582 0.3915835525840521 0
1726827294624 0.39140393771231174 0
1726827294667 0.39116495102643967 0
1726827294710 0.39097400940954685 0
1726827294758 0.3907022513449192 0
1726827294803 0.39047606475651264 0
1726827294846 0.3902283292263746 0
1726827294888 0.3899036906659603 0
