1700820844369 0.6869688630104065 0
1700820844405 0.666109174489975 0
1700820844440 0.6245379969477654 0
1700820844478 0.5464364364743233 0
1700820844513 0.4494417905807495 0
1700820844548 0.40641993656754494 0
1700820844583 0.4055648520588875 0
1700820844618 0.39531128853559494 0
1700820844655 0.3932720720767975 0
1700820844691 0.39303532615303993 0
1700820844728 0.3923339881002903 0
1700820844764 0.392227154225111 0
1700820844800 0.3919321782886982 0
1700820844861 0.3917623497545719 0
1700820844912 0.39158958941698074 0
1700820844955 0.39142395928502083 0
1700820844994 0.39125241339206696 0
1700820845138 0.39109743759036064 0
1700820845183 0.3908516950905323 0
1700820845224 0.3906898498535156 0
1700820845308 0.39050691574811935 0
1700820845402 0.3902864567935467 0
1700820845497 0.3900512680411339 0
1700820845539 0.3897390812635422 0
1700820845577 0.3894664868712425 0
1700820845614 0.38923026621341705 0
1700820845656 0.38891322165727615 0
1700820845696 0.3886285237967968 0
1700820845738 0.38827482983469963 0
1700820845781 0.3879622519016266 0
1700820845837 0.3875606767833233 0
1700820846007 0.38720110803842545 0
1700820846065 0.38678235933184624 0
1700820846122 0.3862954154610634 0
1700820846172 0.38590193912386894 0
1700820846248 0.38536864146590233 0
1700820846291 0.3848603777587414 0
1700820846337 0.38433071225881577 0
1700820846384 0.38372814282774925 0
1700820846421 0.3830835036933422 0
