1694772777769 0.6961568593978882 0
1694772777803 0.6872143521904945 0
1694772777836 0.6766337379813194 0
1694772777871 0.6618021130561829 0
1694772777906 0.6398212239146233 0
1694772777940 0.6078635230660439 0
1694772777974 0.5633512809872627 0
1694772778013 0.5090217217803001 0
1694772778048 0.4554867073893547 0
1694772778080 0.4193620979785919 0
1694772778114 0.40512485802173615 0
1694772778147 0.40056996792554855 0
1694772778180 0.39718398451805115 0
1694772778215 0.39437761902809143 0
1694772778248 0.3931909613311291 0
1694772778282 0.39274320006370544 0
1694772778316 0.39241792634129524 0
1694772778350 0.39218491688370705 0
1694772778383 0.3920033983886242 0
1694772778417 0.39198746904730797 0
1694772778452 0.39190060645341873 0
1694772778485 0.3918408863246441 0
1694772778517 0.3917754851281643 0
1694772778549 0.39169223606586456 0
1694772778584 0.39164500683546066 0
1694772778618 0.3915325328707695 0
