1706263963429 0.6901820451021194 0
1706263963465 0.6857568547129631 0
1706263963501 0.6808857098221779 0
1706263963537 0.6751174554228783 0
1706263963573 0.6676858961582184 0
1706263963609 0.6580318212509155 0
1706263963644 0.6451280042529106 0
1706263963679 0.6280901804566383 0
1706263963715 0.6061304807662964 0
1706263963750 0.5789066404104233 0
1706263963785 0.5471250265836716 0
1706263963820 0.5125806145370007 0
1706263963857 0.47870689257979393 0
1706263963892 0.44868138805031776 0
1706263963928 0.42598431184887886 0
1706263963962 0.4115170128643513 0
1706263963997 0.40389222279191017 0
1706263964031 0.4002091959118843 0
1706263964065 0.39809035137295723 0
1706263964100 0.3964639902114868 0
1706263964135 0.39528441429138184 0
1706263964170 0.39434627816081047 0
1706263964206 0.3937572315335274 0
1706263964241 0.3933965489268303 0
1706263964276 0.3930913619697094 0
1706263964312 0.3929102383553982 0
1706263964348 0.39274854958057404 0
1706263964383 0.39259932562708855 0
1706263964419 0.3925720416009426 0
1706263964456 0.39249298721551895 0
1706263964493 0.39236103743314743 0
1706263964572 0.39233681187033653 0
1706263964609 0.3922881968319416 0
1706263964644 0.3922208771109581 0
1706263964679 0.3921978212893009 0
1706263964714 0.39214974641799927 0
1706263964749 0.3921002000570297 0
1706263964784 0.39202944189310074 0
1706263964817 0.39197850599884987 0
1706263964853 0.3919430784881115 0
1706263964888 0.3918745629489422 0
1706263964923 0.391828965395689 0
1706263964960 0.39176782593131065 0
1706263964995 0.39169948175549507 0
1706263965030 0.3916965238749981 0
1706263965065 0.39161333814263344 0
1706263965101 0.39152756705880165 0
1706263965136 0.3915010206401348 0
1706263965173 0.3914472348988056 0
1706263965213 0.39142104238271713 0
1706263965254 0.3913593739271164 0
1706263965289 0.39130330830812454 0
1706263965324 0.39125920087099075 0
1706263965358 0.3911674953997135 0
1706263965393 0.3911384977400303 0
1706263965427 0.3910100609064102 0
