1713521621684 0.6800810843706131 0
1713521621737 0.6537758521735668 0
1713521621783 0.5868561454117298 0
1713521621830 0.47099226899445057 0
1713521621878 0.40502126701176167 0
1713521621920 0.39727145060896873 0
1713521621965 0.3933137618005276 0
1713521622007 0.39287118799984455 0
1713521622048 0.3925366383045912 0
1713521622089 0.39243078604340553 0
1713521622134 0.39224050007760525 0
1713521622176 0.3920504301786423 0
1713521622216 0.3919288218021393 0
1713521622256 0.3917341511696577 0
1713521622295 0.3915778622031212 0
1713521622339 0.391478281468153 0
1713521622379 0.39127765223383904 0
1713521622424 0.3912212401628494 0
1713521622465 0.3910554312169552 0
1713521622510 0.39084137231111526 0
1713521622551 0.3906380943953991 0
1713521622598 0.3904703017324209 0
1713521622640 0.3902436140924692 0
1713521622684 0.39010104164481163 0
