1728037017366 0.857563853263855 0
1728037017455 0.8241650462150574 0
1728037017503 0.8222004175186157 0
1728037017554 0.8123772144317627 0
1728037017603 0.826129674911499 0
1728037017653 0.832023561000824 0
1728037017703 0.9066797494888306 0
1728037017756 0.8880156874656677 0
1728037017810 0.8762279152870178 0
1728037017860 0.9567779898643494 0
1728037017910 0.994106113910675 0
1728037017959 0.9646365642547607 0
1728037018008 1.0049115419387817 0
1728037018059 1.021610975265503 0
1728037018221 1.0363457202911377 0
1728037018369 1.0579568147659302 0
1728037018453 1.0658153295516968 0
1728037018500 1.0854617357254028 0
1728037018548 1.113948941230774 0
1728037018599 1.155206322669983 0
1728037018647 1.1944990158081055 0
1728037018698 1.2131630182266235 0
1728037018748 1.2082514762878418 0
1728037018796 1.2514734268188477 0
1728037018941 1.328094244003296 0
