1728037017347 0.6780647858977318 0
1728037017444 0.6439337134361267 0
1728037017491 0.5742445439100266 0
1728037017542 0.46664995327591896 0
1728037017591 0.4043956659734249 0
1728037017642 0.40671155974268913 0
1728037017690 0.39499731361866 0
1728037017743 0.3937005326151848 0
1728037017798 0.39302027225494385 0
1728037017848 0.3921988867223263 0
1728037017898 0.3920993097126484 0
1728037017947 0.391764547675848 0
1728037017996 0.3916090354323387 0
1728037018047 0.39144209027290344 0
1728037018194 0.39125554263591766 0
1728037018354 0.3910844177007675 0
1728037018441 0.39087509363889694 0
1728037018489 0.3906806483864784 0
1728037018536 0.39043886959552765 0
1728037018587 0.3902473710477352 0
1728037018635 0.3900013491511345 0
1728037018686 0.3897316940128803 0
1728037018736 0.38944660499691963 0
1728037018784 0.38916046917438507 0
1728037018925 0.38884706422686577 0
