1692353727071 0.69524996727705 0
1692353727105 0.6834400445222855 0
1692353727137 0.6657717972993851 0
1692353727170 0.6359353885054588 0
1692353727202 0.589574009180069 0
1692353727279 0.5273255296051502 0
1692353727369 0.4636661410331726 0
1692353727465 0.42327796667814255 0
1692353727548 0.4097454510629177 0
1692353727652 0.40410611778497696 0
1692353727724 0.3978675827383995 0
1692353727779 0.39469531923532486 0
1692353727819 0.39359914511442184 0
1692353727851 0.3928818516433239 0
1692353727883 0.3924112990498543 0
1692353727915 0.3922095447778702 0
1692353727946 0.39205585047602654 0
1692353727978 0.3919805474579334 0
1692353728009 0.3919071964919567 0
1692353728040 0.3917798139154911 0
1692353728071 0.39163533598184586 0
1692353728103 0.3915196359157562 0
1692353728135 0.3913913480937481 0
1692353728166 0.39131561294198036 0
1692353728197 0.39118434116244316 0
