1692353727076 0.791709840297699 0
1692353727110 0.800000011920929 0
1692353727142 0.7979274392127991 0
1692353727174 0.795854926109314 0
1692353727207 0.790673553943634 0
1692353727296 0.7886010408401489 0
1692353727393 0.7823834419250488 0
1692353727476 0.7782383561134338 0
1692353727575 0.780310869216919 0
1692353727659 0.7844559550285339 0
1692353727729 0.786528468132019 0
1692353727785 0.8352331519126892 0
1692353727823 0.8642486929893494 0
1692353727856 0.8683937788009644 0
1692353727888 0.8818652629852295 0
1692353727920 0.9056994915008545 0
1692353727951 0.9564766883850098 0
1692353727982 0.9740932583808899 0
1692353728013 0.9854922294616699 0
1692353728045 0.9865285158157349 0
1692353728076 1.0062175989151 0
1692353728108 1.015544056892395 0
1692353728139 1.0518134832382202 0
1692353728171 1.0362694263458252 0
1692353728202 1.0424870252609253 0
