1682072098335 0.6881096760431925 0
1682072098384 0.653232729434967 0
1682072098435 0.5715397636095683 0
1682072098483 0.44652525981267294 0
1682072098549 0.39897067546844484 0
1682072098608 0.39502548178037006 0
1682072098655 0.39277135729789736 0
1682072098760 0.3923696358998617 0
1682072098808 0.3921895563602448 0
1682072098950 0.3919798831144969 0
1682072099060 0.3918223043282827 0
1682072099135 0.3916104833285014 0
1682072099208 0.39138532876968385 0
1682072099282 0.39123943249384563 0
1682072099343 0.3910355309645335 0
