1682072098338 0.7652631402015686 0
1682072098388 0.7715789675712585 0
1682072098438 0.7863157987594604 0
1682072098487 0.7915789484977722 0
1682072098552 0.8294736742973328 0
1682072098612 0.8957894444465637 0
1682072098658 0.9410526156425476 0
1682072098764 0.9557894468307495 0
1682072098812 0.9599999785423279 0
1682072098954 0.9789473414421082 0
1682072099070 1.0199999809265137 0
1682072099144 1.0263158082962036 0
1682072099217 1.0168421268463135 0
1682072099286 1.0515789985656738 0
1682072099350 1.0947368144989014 0
