1719569699652 0.794234573841095 0
1719569699684 0.8161033987998962 0
1719569699718 0.7912524938583374 0
1719569699749 0.8131212592124939 0
1719569699780 0.7992047667503357 0
1719569699810 0.7982107400894165 0
1719569699841 0.7912524938583374 0
1719569699878 0.7932405471801758 0
1719569699919 0.794234573841095 0
1719569699956 0.7922465205192566 0
1719569699995 0.7823061347007751 0
1719569700057 0.77634197473526 0
1719569700116 0.7664015889167786 0
1719569700166 0.7713717818260193 0
1719569700207 0.7803180813789368 0
1719569700294 0.8011928200721741 0
1719569700493 0.794234573841095 0
1719569700537 0.7842942476272583 0
1719569700582 0.7803180813789368 0
1719569700621 0.7912524938583374 0
1719569700661 0.8220676183700562 0
1719569700704 0.8508946299552917 0
1719569700821 0.85884690284729 0
1719569700932 0.8757455348968506 0
1719569700991 0.9015904664993286 0
1719569701034 0.9155069589614868 0
1719569701082 0.9304174780845642 0
1719569701165 0.9433399438858032 0
1719569701234 0.9502981901168823 0
