1707473659849 0.8360323905944824 0
1707473659888 0.8107287287712097 0
1707473659929 0.8168016076087952 0
1707473659966 0.8279352188110352 0
1707473660005 0.8178137540817261 0
1707473660043 0.8157894611358643 0
1707473660126 0.8006072640419006 0
1707473660228 0.818825900554657 0
1707473660266 0.8087044358253479 0
1707473660305 0.8198380470275879 0
1707473660344 0.8421052694320679 0
1707473660414 0.876518189907074 0
1707473660513 0.9078947305679321 0
1707473660556 0.9564777612686157 0
1707473660596 0.942307710647583 0
1707473660637 0.9696356058120728 0
1707473660684 0.9817813634872437 0
1707473660765 0.9706477522850037 0
1707473660829 0.9838056564331055 0
1707473660888 1.0182186365127563 0
1707473660937 1.0202429294586182 0
1707473660984 1.0344129800796509 0
1707473661029 1.0890687704086304 0
