1721384020870 0.688322126865387 0
1721384020929 0.6597470380365849 0
1721384021002 0.6016285847872496 0
1721384021059 0.5185672575607896 0
1721384021113 0.4517008187249303 0
1721384021174 0.4189784172922373 0
1721384021236 0.40505557507276535 0
1721384021298 0.3987777289003134 0
1721384021350 0.39556427765637636 0
1721384021426 0.3938954873010516 0
1721384021473 0.393042647279799 0
1721384021519 0.39255049265921116 0
1721384021566 0.39222319796681404 0
1721384021612 0.3920335900038481 0
1721384021657 0.39190936274826527 0
1721384021702 0.39174430165439844 0
1721384021748 0.3915844550356269 0
1721384021793 0.39148646127432585 0
