1692958402061 0.6957457363605499 0
1692958402146 0.6847904324531555 0
1692958402198 0.669251523911953 0
1692958402245 0.6448742151260376 0
1692958402290 0.6067466586828232 0
1692958402338 0.553185798227787 0
1692958402432 0.48981723189353943 0
1692958402477 0.43551427498459816 0
1692958402522 0.40819109603762627 0
1692958402567 0.40121353417634964 0
1692958402611 0.39749159291386604 0
1692958402663 0.39390741288661957 0
1692958402708 0.39263489842414856 0
1692958402752 0.39228422194719315 0
1692958402797 0.3920152746140957 0
1692958402841 0.39180033281445503 0
1692958402885 0.391776230186224 0
1692958402929 0.3915723040699959 0
1692958402973 0.39148759469389915 0
1692958403018 0.39130977913737297 0
1692958403062 0.39118997380137444 0
1692958403106 0.3911043480038643 0
1692958403150 0.39091818407177925 0
1692958403194 0.3907768465578556 0
1692958403238 0.39066240191459656 0
1692958403283 0.3904474750161171 0
1692958403358 0.3903553821146488 0
