1698401496005 0.7977412939071655 0
1698401496043 0.7977412939071655 0
1698401496082 0.8121150135993958 0
1698401496116 0.7854209542274475 0
1698401496149 0.7895277142524719 0
1698401496182 0.7977412939071655 0
1698401496215 0.8593429327011108 0
1698401496248 0.9342916011810303 0
1698401496281 0.9691991806030273 0
1698401496321 1.0020533800125122 0
1698401496364 1.0297740697860718 0
1698401496398 1.0605748891830444 0
1698401496431 1.0482546091079712 0
1698401496463 1.0770020484924316 0
1698401496495 1.0985625982284546 0
1698401496526 1.0831621885299683 0
1698401496559 1.1119096279144287 0
1698401496591 1.1611909866333008 0
