1725617693007 0.6866359487175941 0
1725617693066 0.6326315905898809 0
1725617693124 0.47435348108410835 0
1725617693180 0.3986492697149515 0
1725617693237 0.3934361469000578 0
1725617693294 0.3927034782245755 0
1725617693350 0.3924929592758417 0
1725617693405 0.3923240974545479 0
1725617693460 0.3921123016625643 0
1725617693518 0.39194430597126484 0
1725617693575 0.3916987655684352 0
1725617693635 0.3915443364530802 0
1725617693694 0.39137779735028744 0
1725617693753 0.391116407699883 0
1725617693810 0.39091090857982635 0
1725617693869 0.39071779791265726 0
1725617693929 0.3905398389324546 0
1725617693986 0.39026686642318964 0
1725617694046 0.3900512848049402 0
