1725617693016 0.7970443367958069 0
1725617693075 0.8147783279418945 0
1725617693133 0.823645293712616 0
1725617693189 0.834482729434967 0
1725617693247 0.882758617401123 0
1725617693302 0.931034505367279 0
1725617693358 0.9625615477561951 0
1725617693413 0.9802955389022827 0
1725617693469 0.9871920943260193 0
1725617693527 1.0364532470703125 0
1725617693584 1.026600956916809 0
1725617693644 1.031527042388916 0
1725617693704 1.042364478111267 0
1725617693762 1.0926108360290527 0
1725617693819 1.0906404256820679 0
1725617693878 1.11231529712677 0
1725617693938 1.1576354503631592 0
1725617693996 1.13103449344635 0
1725617694055 1.1970443725585938 0
