1719569692593 0.6846723891794682 0
1719569692646 0.6742080710828304 0
1719569692705 0.6577423810958862 0
1719569692763 0.629109974950552 0
1719569692825 0.5813284367322922 0
1719569692879 0.5142808929085732 0
1719569692955 0.4472722616046667 0
1719569693078 0.4095481876283884 0
1719569693169 0.3990293424576521 0
1719569693251 0.39580393210053444 0
1719569693305 0.3940429128706455 0
1719569693362 0.3932189494371414 0
1719569693420 0.39285360649228096 0
1719569693470 0.39262758754193783 0
1719569693520 0.3925291895866394 0
1719569693569 0.39240843430161476 0
1719569693617 0.39232460781931877 0
1719569693665 0.39226213097572327 0
1719569693764 0.39219888485968113 0
1719569693815 0.39210866019129753 0
1719569693862 0.39206916093826294 0
1719569693909 0.39196580462157726 0
1719569693968 0.39193926379084587 0
1719569694017 0.3917955607175827 0
1719569694066 0.39175501465797424 0
1719569694116 0.39168567582964897 0
1719569694164 0.39158950559794903 0
1719569694210 0.3915065322071314 0
1719569694257 0.3914345744997263 0
1719569694305 0.391374409198761 0
1719569694357 0.3912793155759573 0
1719569694405 0.39123016223311424 0
1719569694454 0.39111313968896866 0
1719569694500 0.3910161219537258 0
1719569694546 0.3909309674054384 0
1719569694591 0.39086269214749336 0
1719569694637 0.3907585311681032 0
1719569694688 0.3906787447631359 0
1719569694735 0.3905514944344759 0
