1681553230054 0.6899987896283467 0
1681553230093 0.6862616419792176 0
1681553230129 0.6818870226542155 0
1681553230166 0.6762386520703634 0
1681553230203 0.6685119708379109 0
1681553230239 0.6577504714330037 0
1681553230275 0.6427066246668498 0
1681553230311 0.6220181981722513 0
1681553230347 0.5950140039126078 0
1681553230383 0.5620230277379353 0
1681553230421 0.5247895081837972 0
1681553230457 0.48724274237950643 0
1681553230493 0.45393844644228615 0
1681553230530 0.42865336736043297 0
1681553230566 0.41230134963989257 0
1681553230603 0.40334490140279133 0
1681553230639 0.39884647925694783 0
1681553230677 0.39656696319580076 0
1681553230712 0.3952710469563802 0
1681553230750 0.3944423278172811 0
1681553230787 0.3938605765501658 0
1681553230824 0.39347559014956157 0
1681553230861 0.39317013025283815 0
1681553230897 0.3929806053638458 0
