1713521615836 0.69653195515275 0
1713521615942 0.6744246948510408 0
1713521616018 0.6111566014587879 0
1713521616111 0.4865155117586255 0
1713521616196 0.40470104292035103 0
1713521616268 0.39455657359212637 0
1713521616341 0.3930442240089178 0
1713521616421 0.3924183901399374 0
1713521616493 0.39232099149376154 0
1713521616569 0.39213984832167625 0
1713521616639 0.39206830505281687 0
1713521616717 0.3918806165456772 0
1713521616799 0.3915967224165797 0
1713521616870 0.3914970774203539 0
1713521616946 0.3914031209424138 0
1713521617017 0.3911105915904045 0
1713521617092 0.3909990284591913 0
1713521617168 0.3907946925610304 0
1713521617245 0.3905663751065731 0
1713521617326 0.3904851730912924 0
1713521617403 0.3903360003605485 0
1713521617482 0.3900518324226141 0
1713521617562 0.3898392729461193 0
1713521617647 0.3897007666528225 0
1713521617725 0.3894870728254318 0
1713521617806 0.3890737537294626 0
1713521617883 0.38898687437176704 0
