1687515308308 0.7985386252403259 0
1687515308340 0.780793309211731 0
1687515308370 0.7860125303268433 0
1687515308405 0.780793309211731 0
1687515308437 0.7776618003845215 0
1687515308468 0.7766179442405701 0
1687515308505 0.7881001830101013 0
1687515308536 0.7839248180389404 0
1687515308566 0.8068893551826477 0
1687515308597 0.8371607661247253 0
1687515308627 0.9018788933753967 0
1687515308659 0.9394571781158447 0
1687515308690 0.9728600978851318 0
1687515308721 1.0073069334030151 0
1687515308754 0.9926931262016296 0
1687515308785 1.015657663345337 0
1687515308817 1.033402919769287 0
1687515308849 1.0417536497116089 0
1687515308882 1.0772442817687988 0
1687515308913 1.0647181272506714 0
1687515308944 1.1002087593078613 0
1687515308977 1.094989538192749 0
1687515309012 1.1398746967315674 0
1687515309042 1.1492693424224854 0
