1687515292873 0.6948021277785301 0
1687515292903 0.692638672888279 0
1687515292953 0.6905115470290184 0
1687515293002 0.6882476359605789 0
1687515293097 0.6858741790056229 0
1687515293150 0.6831889003515244 0
1687515293201 0.680328406393528 0
1687515293327 0.6768022179603577 0
1687515293399 0.6727756634354591 0
1687515293469 0.6678174957633018 0
1687515293519 0.6619911417365074 0
1687515293583 0.6550394296646118 0
1687515293640 0.6467153802514076 0
1687515293694 0.6367383077740669 0
1687515293741 0.6249824538826942 0
1687515293852 0.6116113588213921 0
1687515293924 0.5966177508234978 0
1687515293974 0.5796860307455063 0
1687515294004 0.5613810569047928 0
1687515294037 0.5421480983495712 0
1687515294066 0.5219514891505241 0
1687515294095 0.5021807886660099 0
1687515294123 0.483205858618021 0
1687515294152 0.46596037968993187 0
1687515294181 0.4499570429325104 0
1687515294210 0.436887264251709 0
1687515294241 0.42617853730916977 0
1687515294269 0.41797633096575737 0
1687515294298 0.41173431649804115 0
1687515294327 0.406842440366745 0
1687515294355 0.403724517673254 0
1687515294384 0.40137995406985283 0
1687515294413 0.39965829253196716 0
1687515294441 0.3983933627605438 0
1687515294519 0.39744308963418007 0
1687515294549 0.3964674063026905 0
1687515294586 0.39576350897550583 0
1687515294616 0.39538121968507767 0
1687515294646 0.39478496834635735 0
1687515294676 0.39453279599547386 0
1687515294709 0.3942509852349758 0
1687515294739 0.393934428691864 0
1687515294770 0.39362336322665215 0
1687515294800 0.3935029171407223 0
1687515294830 0.3933212421834469 0
1687515294866 0.39320962503552437 0
1687515294903 0.39309293031692505 0
1687515294936 0.3929225616157055 0
1687515294983 0.39290087297558784 0
1687515295023 0.39283110573887825 0
1687515295054 0.39270947501063347 0
1687515295101 0.392687801271677 0
1687515295143 0.3925834856927395 0
1687515295182 0.39251288771629333 0
1687515295237 0.39246661961078644 0
1687515295278 0.3924463838338852 0
1687515295466 0.3924454599618912 0
1687515295579 0.39246662333607674 0
1687515295671 0.39241234585642815 0
1687515295730 0.39234672114253044 0
1687515295781 0.3923044800758362 0
1687515295835 0.39227457717061043 0
1687515295883 0.3922654464840889 0
1687515295939 0.39219509810209274 0
1687515296000 0.392187912017107 0
1687515296054 0.3921453692018986 0
1687515296127 0.39212340116500854 0
1687515296272 0.3921634405851364 0
1687515296333 0.3920961357653141 0
1687515296396 0.3921733647584915 0
1687515296453 0.39215241372585297 0
1687515296504 0.3920177258551121 0
