1717755230742 0.6769153401255608 0
1717755230785 0.6333643049001694 0
1717755230824 0.539122149348259 0
1717755230864 0.4288327172398567 0
1717755230904 0.41031376644968987 0
1717755230942 0.4000856466591358 0
1717755230994 0.3934130407869816 0
1717755231038 0.3935268335044384 0
1717755231082 0.3920125141739845 0
1717755231126 0.3918916843831539 0
1717755231170 0.39135176315903664 0
1717755231214 0.3911232315003872 0
1717755231257 0.39079340174794197 0
1717755231301 0.39052365347743034 0
1717755231341 0.39021237567067146 0
1717755231382 0.38985292986035347 0
