1695982363292 0.8115345239639282 0
1695982363327 0.8177136778831482 0
1695982363358 0.8311019539833069 0
1695982363388 0.8146240711212158 0
1695982363418 0.8156539797782898 0
1695982363450 0.8156539797782898 0
1695982363481 0.816683828830719 0
1695982363512 0.8053553104400635 0
1695982363544 0.8002059459686279 0
1695982363638 0.7899073362350464 0
1695982363688 0.7837281227111816 0
1695982363746 0.7899073362350464 0
1695982363828 0.7919670343399048 0
1695982363885 0.7960864901542664 0
1695982363965 0.8002059459686279 0
1695982364033 0.8269824981689453 0
1695982364090 0.83934086561203 0
1695982364145 0.8547888994216919 0
1695982364211 0.9104016423225403 0
1695982364275 0.9330586791038513 0
1695982364322 0.9412976503372192 0
1695982364402 0.9557157754898071 0
1695982364455 0.970133900642395 0
1695982364495 0.969103991985321 0
1695982364536 0.977342963218689 0
1695982364585 1.0030895471572876 0
1695982364635 0.992790937423706 0
1695982364683 1.0102986097335815 0
1695982364720 1.0185376405715942 0
1695982364759 1.0350154638290405 0
1695982364857 1.045314073562622 0
