1695377650466 0.7948453426361084 0
1695377650496 0.8061855435371399 0
1695377650567 0.8092783689498901 0
1695377650627 0.807216465473175 0
1695377650679 0.8164948225021362 0
1695377650736 0.8041236996650696 0
1695377650789 0.8092783689498901 0
1695377650841 0.8051546216011047 0
1695377650899 0.7938144207000732 0
1695377650970 0.8051546216011047 0
1695377651037 0.8020618557929993 0
1695377651098 0.8030927777290344 0
1695377651164 0.8092783689498901 0
1695377651231 0.8030927777290344 0
1695377651296 0.8103092908859253 0
1695377651360 0.808247447013855 0
1695377651416 0.7907216548919678 0
1695377651493 0.8030927777290344 0
1695377651552 0.8061855435371399 0
1695377651619 0.7969072461128235 0
1695377651691 0.7979381680488586 0
1695377651746 0.7938144207000732 0
1695377651803 0.7948453426361084 0
1695377651869 0.8051546216011047 0
1695377651927 0.8041236996650696 0
1695377651983 0.807216465473175 0
1695377652039 0.8123711347579956 0
1695377652108 0.7979381680488586 0
1695377652167 0.7948453426361084 0
1695377652250 0.7927834987640381 0
1695377652354 0.7948453426361084 0
1695377652426 0.8030927777290344 0
1695377652456 0.8030927777290344 0
1695377652485 0.7927834987640381 0
1695377652514 0.7958762645721436 0
1695377652543 0.7989690899848938 0
1695377652572 0.8030927777290344 0
1695377652600 0.8144329786300659 0
1695377652629 0.8134020566940308 0
1695377652657 0.8113402128219604 0
1695377652696 0.8123711347579956 0
1695377652724 0.8134020566940308 0
1695377652752 0.8185567259788513 0
1695377652780 0.8164948225021362 0
1695377652809 0.8134020566940308 0
1695377652837 0.8061855435371399 0
1695377652865 0.807216465473175 0
1695377652894 0.808247447013855 0
1695377652924 0.807216465473175 0
1695377652968 0.8092783689498901 0
1695377652998 0.8185567259788513 0
1695377653028 0.8195876479148865 0
1695377653056 0.8175257444381714 0
1695377653101 0.8123711347579956 0
1695377653131 0.8123711347579956 0
1695377653173 0.8113402128219604 0
1695377653217 0.8164948225021362 0
1695377653250 0.8206185698509216 0
1695377653302 0.8216494917869568 0
1695377653384 0.8237113356590271 0
1695377653468 0.8237113356590271 0
1695377653514 0.8226804137229919 0
1695377653562 0.8175257444381714 0
1695377653610 0.8195876479148865 0
1695377653665 0.8237113356590271 0
1695377653712 0.8164948225021362 0
1695377653761 0.8195876479148865 0
1695377653802 0.8206185698509216 0
1695377653853 0.8216494917869568 0
1695377653902 0.8216494917869568 0
1695377653945 0.8185567259788513 0
1695377653974 0.8185567259788513 0
1695377654003 0.8247422575950623 0
1695377654033 0.8164948225021362 0
1695377654062 0.8123711347579956 0
1695377654091 0.8123711347579956 0
1695377654120 0.8144329786300659 0
