1695377657078 0.8288660049438477 0
1695377657139 0.8113402128219604 0
1695377657198 0.8175257444381714 0
1695377657257 0.8154639005661011 0
1695377657318 0.8154639005661011 0
1695377657378 0.8298969268798828 0
1695377657439 0.839175283908844 0
1695377657500 0.8876288533210754 0
1695377657563 0.9319587349891663 0
1695377657623 0.9494845271110535 0
1695377657682 0.9814432859420776 0
1695377657743 1.0134021043777466 0
1695377657803 1.032989740371704 0
1695377657865 1.068041205406189 0
1695377657925 1.101030945777893 0
1695377657985 1.1536082029342651 0
1695377658044 1.1639175415039062 0
1695377658104 1.23092782497406 0
1695377658163 1.2278350591659546 0
