1708683286676 0.7959595918655396 0
1708683286747 0.800000011920929 0
1708683286816 0.808080792427063 0
1708683286882 0.8050504922866821 0
1708683286947 0.7909091114997864 0
1708683287012 0.8090909123420715 0
1708683287078 0.794949471950531 0
1708683287144 0.8010100722312927 0
1708683287210 0.7929292917251587 0
1708683287280 0.8191919326782227 0
1708683287348 0.8333333134651184 0
1708683287420 0.8292929530143738 0
1708683287498 0.8454545736312866 0
1708683287575 0.8616161346435547 0
1708683287639 0.8747474551200867 0
1708683287706 0.8909090757369995 0
1708683287772 0.8989899158477783 0
1708683287838 0.9191918969154358 0
1708683287948 0.9202020168304443 0
1708683288015 0.9303030371665955 0
1708683288080 0.9303030371665955 0
1708683288145 0.9383838176727295 0
