1719569684858 0.6942709013819695 0
1719569684929 0.6926868855953217 0
1719569684985 0.6910454630851746 0
1719569685030 0.6893578693270683 0
1719569685074 0.6875557452440262 0
1719569685116 0.6856632903218269 0
1719569685162 0.6835924163460732 0
1719569685202 0.6813349276781082 0
1719569685241 0.6788670122623444 0
1719569685279 0.6760400980710983 0
1719569685318 0.672901064157486 0
1719569685357 0.66937355697155 0
1719569685396 0.6653633192181587 0
1719569685440 0.6608690619468689 0
1719569685482 0.6558387950062752 0
1719569685531 0.6501970738172531 0
1719569685572 0.6438956186175346 0
1719569685626 0.6369381323456764 0
1719569685677 0.6293407008051872 0
1719569685731 0.6209458410739899 0
1719569685784 0.6118521243333817 0
1719569685839 0.602198988199234 0
1719569685884 0.5919104740023613 0
1719569685931 0.580947682261467 0
1719569685975 0.5696088969707489 0
1719569686013 0.5578332245349884 0
1719569686055 0.5458308383822441 0
1719569686095 0.533800445497036 0
1719569686137 0.5218604952096939 0
1719569686179 0.5102626383304596 0
1719569686217 0.4988839067518711 0
1719569686258 0.48809630423784256 0
1719569686297 0.47796132788062096 0
1719569686337 0.4684108570218086 0
1719569686376 0.4597278870642185 0
1719569686417 0.4519275240600109 0
1719569686461 0.4448605813086033 0
1719569686505 0.4385336898267269 0
1719569686548 0.4330722652375698 0
1719569686591 0.4282578006386757 0
1719569686655 0.4240768365561962 0
1719569686708 0.4205525331199169 0
1719569686761 0.41739680618047714 0
1719569686803 0.41476840525865555 0
1719569686851 0.4124104231595993 0
1719569686900 0.4104558043181896 0
1719569686960 0.40864280611276627 0
1719569687008 0.4070640467107296 0
1719569687049 0.4057055301964283 0
1719569687090 0.4044467844069004 0
1719569687129 0.4032755084335804 0
1719569687166 0.4022897072136402 0
1719569687206 0.4013623520731926 0
1719569687245 0.40059734880924225 0
1719569687286 0.3998072072863579 0
1719569687328 0.39914070814847946 0
1719569687370 0.39850446209311485 0
1719569687409 0.39794205874204636 0
1719569687448 0.3974365293979645 0
1719569687487 0.39696361497044563 0
1719569687525 0.3965274319052696 0
1719569687563 0.39618783071637154 0
1719569687602 0.3958178833127022 0
1719569687640 0.3954920917749405 0
1719569687716 0.39520199969410896 0
1719569687757 0.3949553184211254 0
1719569687797 0.39472829923033714 0
1719569687836 0.39450840651988983 0
1719569687882 0.39428652077913284 0
1719569687925 0.39411992207169533 0
1719569687968 0.39395421743392944 0
1719569688008 0.3938116542994976 0
1719569688148 0.39368563145399094 0
1719569688247 0.39356371760368347 0
1719569688308 0.39343759417533875 0
1719569688355 0.39333467558026314 0
1719569688412 0.39325982332229614 0
