1719569684869 0.7852882742881775 0
1719569684946 0.7823061347007751 0
1719569684998 0.7932405471801758 0
1719569685041 0.8031809329986572 0
1719569685085 0.8051689863204956 0
1719569685128 0.7992047667503357 0
1719569685173 0.8031809329986572 0
1719569685212 0.7902584671974182 0
1719569685252 0.794234573841095 0
1719569685289 0.7912524938583374 0
1719569685329 0.7912524938583374 0
1719569685368 0.7912524938583374 0
1719569685409 0.7743538618087769 0
1719569685450 0.7713717818260193 0
1719569685497 0.7673956155776978 0
1719569685542 0.7733598351478577 0
1719569685589 0.7693836688995361 0
1719569685639 0.781312108039856 0
1719569685695 0.7823061347007751 0
1719569685746 0.77634197473526 0
1719569685799 0.7793240547180176 0
1719569685850 0.77634197473526 0
1719569685899 0.7713717818260193 0
1719569685946 0.781312108039856 0
1719569685986 0.7932405471801758 0
1719569686025 0.7872763276100159 0
1719569686066 0.789264440536499 0
1719569686107 0.7952286005020142 0
1719569686148 0.7912524938583374 0
1719569686189 0.8011928200721741 0
1719569686228 0.8091451525688171 0
1719569686269 0.8141152858734131 0
1719569686308 0.8111332058906555 0
1719569686348 0.8051689863204956 0
1719569686387 0.8091451525688171 0
1719569686428 0.8061630129814148 0
1719569686474 0.8061630129814148 0
1719569686516 0.8061630129814148 0
1719569686560 0.807157039642334 0
1719569686605 0.807157039642334 0
1719569686674 0.8061630129814148 0
1719569686720 0.8081510663032532 0
1719569686773 0.8061630129814148 0
1719569686818 0.8001987934112549 0
1719569686866 0.7982107400894165 0
1719569686918 0.7962226867675781 0
1719569686974 0.7982107400894165 0
1719569687019 0.802186906337738 0
1719569687060 0.7962226867675781 0
1719569687101 0.7962226867675781 0
1719569687139 0.7932405471801758 0
1719569687176 0.7962226867675781 0
1719569687217 0.7952286005020142 0
1719569687256 0.7952286005020142 0
1719569687297 0.7952286005020142 0
1719569687339 0.7952286005020142 0
1719569687380 0.7982107400894165 0
1719569687419 0.802186906337738 0
1719569687459 0.8011928200721741 0
1719569687498 0.8011928200721741 0
1719569687536 0.7972167134284973 0
1719569687574 0.8001987934112549 0
1719569687612 0.7982107400894165 0
1719569687651 0.802186906337738 0
1719569687728 0.8041749596595764 0
1719569687768 0.8101391792297363 0
1719569687808 0.8091451525688171 0
1719569687848 0.807157039642334 0
1719569687893 0.8091451525688171 0
1719569687937 0.8121272325515747 0
1719569687979 0.8081510663032532 0
1719569688020 0.815109372138977 0
1719569688161 0.8190854787826538 0
1719569688267 0.833001971244812 0
1719569688320 0.8310139179229736 0
1719569688369 0.8280318379402161 0
1719569688428 0.8320079445838928 0
