1716545643222 0.8101897835731506 0
1716545643266 0.8051947951316833 0
1716545643309 0.8261738419532776 0
1716545643350 0.8211787939071655 0
1716545643392 0.8221778273582458 0
1716545643433 0.8311688303947449 0
1716545643473 0.8231768012046814 0
1716545643515 0.8121877908706665 0
1716545643556 0.8211787939071655 0
1716545643597 0.8181818127632141 0
1716545643645 0.8321678042411804 0
1716545643695 0.82017982006073 0
1716545643744 0.8231768012046814 0
1716545643792 0.863136887550354 0
1716545643841 0.867132842540741 0
1716545643884 0.9080919027328491 0
1716545643927 0.9210789203643799 0
1716545643969 0.9380619525909424 0
1716545644011 0.9680319428443909 0
1716545644051 0.9580419659614563 0
1716545644094 0.9680319428443909 0
1716545644135 0.9740259647369385 0
1716545644176 0.9780219793319702 0
1716545644216 0.9950050115585327 0
1716545644260 0.9940059781074524 0
1716545644300 1.0049949884414673 0
