1716545643215 0.6927572190761566 0
1716545643259 0.6853424049913883 0
1716545643301 0.6760527491569519 0
1716545643343 0.6618555933237076 0
1716545643384 0.6388266570866108 0
1716545643426 0.6028954796493053 0
1716545643466 0.5526385381817818 0
1716545643508 0.49401559866964817 0
1716545643549 0.4420370850712061 0
1716545643590 0.4109630975872278 0
1716545643635 0.3991946391761303 0
1716545643687 0.395829601213336 0
1716545643736 0.39447734504938126 0
1716545643783 0.3936412464827299 0
1716545643834 0.3930617794394493 0
1716545643876 0.39278984256088734 0
1716545643919 0.39261149801313877 0
1716545643962 0.39242799393832684 0
1716545644003 0.39235357753932476 0
1716545644044 0.39227940887212753 0
1716545644086 0.3921682648360729 0
1716545644128 0.39205614291131496 0
1716545644169 0.3920238669961691 0
1716545644209 0.39200088381767273 0
1716545644252 0.39186940528452396 0
1716545644293 0.3918631263077259 0
