1731060883309 0.7878788113594055 0
1731060883366 0.7966764569282532 0
1731060883426 0.8044965863227844 0
1731060883492 0.8093841671943665 0
1731060883550 0.8162267804145813 0
1731060883652 0.8181818127632141 0
1731060883714 0.8181818127632141 0
1731060883777 0.8211143612861633 0
1731060883841 0.8191593289375305 0
1731060883909 0.829912006855011 0
1731060883971 0.8416422009468079 0
1731060884031 0.8660801649093628 0
1731060884088 0.9139785170555115 0
1731060884145 0.9521016478538513 0
1731060884201 0.9696969985961914 0
1731060884258 0.9990224838256836 0
1731060884314 1.004887580871582 0
1731060884371 1.036168098449707 0
1731060884428 1.052785873413086 0
1731060884485 1.041055679321289 0
1731060884617 1.0508308410644531 0
1731060884689 1.057673454284668 0
1731060884752 1.0840665102005005 0
1731060884815 1.0938416719436646 0
1731060884874 1.130987286567688 0
1731060884934 1.1192570924758911 0
1731060884993 1.1348973512649536 0
1731060885052 1.1642228364944458 0
1731060885111 1.2052786350250244 0
1731060885170 1.1603127717971802 0
