1681553222326 0.8377239108085632 0
1681553222386 0.8440463542938232 0
1681553222444 0.8514225482940674 0
1681553222502 0.8535300493240356 0
1681553222561 0.8682823777198792 0
1681553222621 0.8956796526908875 0
1681553222679 0.9420442581176758 0
1681553222736 0.9715489745140076 0
1681553222794 0.9820864200592041 0
1681553222854 1.0168598890304565 0
1681553222912 1.0210747718811035 0
1681553222969 1.0579557418823242 0
1681553223027 1.0842992067337036 0
1681553223083 1.102212905883789 0
1681553223141 1.0969440937042236 0
1681553223199 1.1612223386764526 0
1681553223257 1.1770284175872803 0
1681553223316 1.1801897287368774 0
1681553223376 1.1949419975280762 0
