1714731251008 0.6901713758707047 0
1714731251048 0.6840829402208328 0
1714731251087 0.6769007816910744 0
1714731251127 0.6678111553192139 0
1714731251166 0.655776672065258 0
1714731251205 0.6394672468304634 0
1714731251245 0.6176660358905792 0
1714731251284 0.5895404666662216 0
1714731251323 0.5554927960038185 0
1714731251362 0.5174160413444042 0
1714731251401 0.4795192740857601 0
1714731251439 0.44662316888570786 0
1714731251478 0.4228082299232483 0
1714731251517 0.4089559428393841 0
1714731251557 0.4023873992264271 0
1714731251651 0.3992624655365944 0
1714731251691 0.39719758927822113 0
1714731251731 0.39552582800388336 0
1714731251829 0.39436132833361626 0
1714731251888 0.39355916529893875 0
1714731251945 0.39309466630220413 0
1714731251993 0.3927263393998146 0
1714731252063 0.39251505210995674 0
1714731252133 0.3923441283404827 0
1714731252317 0.3922263979911804 0
1714731252367 0.3921305499970913 0
1714731252550 0.39202556386590004 0
1714731252606 0.3919597677886486 0
1714731252664 0.39188624918460846 0
1714731252715 0.3918311446905136 0
1714731252757 0.3917740695178509 0
1714731252873 0.3917165957391262 0
