1688724869429 0.6975585261980692 0
1688724869472 0.6831166664759318 0
1688724869531 0.6600011308987935 0
1688724869616 0.6188614010810852 0
1688724869661 0.5550308267275492 0
1688724869706 0.48223017851511635 0
1688724869756 0.4300095836321513 0
1688724869799 0.4085102160771688 0
1688724869842 0.40049673517545065 0
1688724869927 0.3957308808962504 0
1688724869990 0.39353171388308206 0
1688724870049 0.3925598522027334 0
1688724870099 0.3921759267648061 0
1688724870148 0.3919969936211904 0
1688724870216 0.39181140859921776 0
1688724870281 0.39171597758928933 0
1688724870410 0.3915746986865997 0
1688724870638 0.39144510428110757 0
1688724870851 0.3913186589876811 0
1688724870975 0.3911623040835063 0
1688724871055 0.391052907705307 0
1688724871123 0.39088300267855325 0
1688724871180 0.39073076645533245 0
1688724871295 0.39059189756711327 0
1688724871338 0.3904181718826294 0
1688724871384 0.3902664840221405 0
1688724871427 0.3900949716567993 0
1688724871472 0.38994180560112 0
1688724871516 0.3897229572137197 0
1688724871558 0.38958059549331664 0
1688724871600 0.38936260938644407 0
1688724871657 0.3891617993513743 0
1688724871712 0.38894480268160503 0
1688724871758 0.3887266516685486 0
1688724871853 0.3884929279486338 0
