1688724869434 0.7593749761581421 0
1688724869478 0.7593749761581421 0
1688724869578 0.7833333611488342 0
1688724869621 0.800000011920929 0
1688724869666 0.8166666626930237 0
1688724869710 0.809374988079071 0
1688724869760 0.8062499761581421 0
1688724869805 0.8052083253860474 0
1688724869847 0.8135416507720947 0
1688724869937 0.8291666507720947 0
1688724869996 0.875 0
1688724870055 0.9145833253860474 0
1688724870104 0.925000011920929 0
1688724870153 0.9822916388511658 0
1688724870224 0.987500011920929 0
1688724870288 0.9916666746139526 0
1688724870420 1.0041667222976685 0
1688724870684 1.0197917222976685 0
1688724870857 1.0166666507720947 0
1688724870983 1.0604166984558105 0
1688724871067 1.0666667222976685 0
1688724871128 1.0812499523162842 0
1688724871186 1.109375 0
1688724871300 1.1197916269302368 0
1688724871342 1.162500023841858 0
1688724871388 1.165624976158142 0
1688724871433 1.1677082777023315 0
1688724871477 1.2156250476837158 0
1688724871521 1.203125 0
1688724871562 1.212499976158142 0
1688724871605 1.2447916269302368 0
1688724871662 1.296875 0
1688724871717 1.2989583015441895 0
1688724871768 1.2895833253860474 0
1688724871858 1.3447916507720947 0
