1720779284850 0.6611597687005997 0
1720779284918 0.4851588485762477 0
1720779284986 0.397400944493711 0
1720779285060 0.3927441304549575 0
1720779285128 0.3923488147556782 0
1720779285196 0.39206327963620424 0
1720779285261 0.3917153235524893 0
1720779285331 0.391366264782846 0
1720779285407 0.3910211380571127 0
1720779285592 0.3906783079728484 0
1720779285673 0.3903928603976965 0
1720779285762 0.38983675092458725 0
1720779285836 0.389378285035491 0
1720779285913 0.3888489957898855 0
1720779286087 0.3882251577451825 0
