1731665747023 0.6848327443003654 0
1731665747064 0.6778076961636543 0
1731665747104 0.6693108528852463 0
1731665747135 0.6572879031300545 0
1731665747168 0.6391154527664185 0
1731665747203 0.612517312169075 0
1731665747238 0.5760558247566223 0
1731665747278 0.5306257009506226 0
1731665747320 0.4824541211128235 0
1731665747359 0.44191745668649673 0
1731665747394 0.4170847646892071 0
1731665747426 0.40634461864829063 0
1731665747458 0.4013599194586277 0
1731665747491 0.3974788412451744 0
1731665747526 0.3949746750295162 0
1731665747561 0.3936840333044529 0
1731665747598 0.393106609582901 0
1731665747633 0.39268896728754044 0
1731665747669 0.3924148418009281 0
1731665747701 0.39225396141409874 0
1731665747733 0.39214402809739113 0
1731665747775 0.392045509070158 0
1731665747863 0.39197636395692825 0
1731665747895 0.39189232513308525 0
1731665747927 0.3918257765471935 0
1731665747963 0.39175039902329445 0
1731665748000 0.39169061556458473 0
1731665748036 0.3916061818599701 0
1731665748068 0.39153876155614853 0
1731665748099 0.3914526738226414 0
1731665748131 0.3913872353732586 0
