1731665747035 0.755859375 0
1731665747077 0.7724609375 0
1731665747113 0.802734375 0
1731665747145 0.8037109375 0
1731665747178 0.818359375 0
1731665747213 0.81640625 0
1731665747250 0.8154296875 0
1731665747291 0.822265625 0
1731665747332 0.8232421875 0
1731665747371 0.81640625 0
1731665747404 0.828125 0
1731665747436 0.837890625 0
1731665747468 0.84375 0
1731665747502 0.837890625 0
1731665747538 0.849609375 0
1731665747571 0.8671875 0
1731665747608 0.876953125 0
1731665747644 0.9091796875 0
1731665747679 0.935546875 0
1731665747710 0.9375 0
1731665747743 0.9482421875 0
1731665747831 0.955078125 0
1731665747873 0.9423828125 0
1731665747904 0.96875 0
1731665747937 0.9697265625 0
1731665747974 0.9716796875 0
1731665748010 0.9609375 0
1731665748046 0.978515625 0
1731665748078 0.984375 0
1731665748109 0.994140625 0
1731665748141 1.00390625 0
