1717755216408 0.6895492970943451 0
1717755216440 0.6797494366765022 0
1717755216508 0.6646291166543961 0
1717755216577 0.6401770859956741 0
1717755216607 0.6036712527275085 0
1717755216637 0.5557022541761398 0
1717755216668 0.503245186060667 0
1717755216699 0.45877737924456596 0
1717755216730 0.4300537183880806 0
1717755216760 0.4144091196358204 0
1717755216792 0.4049435220658779 0
1717755216822 0.39864135533571243 0
1717755216930 0.39522335305809975 0
1717755217008 0.3934992551803589 0
1717755217090 0.39251964166760445 0
1717755217161 0.39196714758872986 0
1717755217239 0.3916666768491268 0
1717755217312 0.3914571776986122 0
1717755217345 0.3912896364927292 0
1717755217375 0.3911367505788803 0
1717755217404 0.3909829594194889 0
1717755217434 0.3908338211476803 0
1717755217465 0.3906739167869091 0
1717755217495 0.3905077874660492 0
1717755217526 0.39036519825458527 0
1717755217556 0.3901787959039211 0
1717755217588 0.39001959562301636 0
1717755217620 0.38983043655753136 0
1717755217653 0.3896281085908413 0
1717755217685 0.38945451006293297 0
1717755217751 0.38924841210246086 0
1717755217826 0.38902831450104713 0
1717755217877 0.38878806307911873 0
1717755217926 0.38856174424290657 0
1717755217960 0.3883226364850998 0
