1717755216417 0.8055832386016846 0
1717755216448 0.8035892248153687 0
1717755216521 0.7926221489906311 0
1717755216585 0.7936191558837891 0
1717755216614 0.7876371145248413 0
1717755216645 0.7886341214179993 0
1717755216677 0.7786639928817749 0
1717755216707 0.7886341214179993 0
1717755216738 0.794616162776947 0
1717755216769 0.7986041903495789 0
1717755216799 0.8394815325737 0
1717755216832 0.8165503740310669 0
1717755216943 0.8295114636421204 0
1717755217017 0.8484546542167664 0
1717755217098 0.876370906829834 0
1717755217171 0.9421734809875488 0
1717755217251 0.9631106853485107 0
1717755217322 1.0149551630020142 0
1717755217353 1.0089731216430664 0
1717755217383 1.042871356010437 0
1717755217412 1.0548354387283325 0
1717755217442 1.0667996406555176 0
1717755217472 1.10468590259552 0
1717755217503 1.125623106956482 0
1717755217534 1.1515454053878784 0
1717755217564 1.161515474319458 0
1717755217597 1.1954137086868286 0
1717755217629 1.206380844116211 0
1717755217661 1.2133599519729614 0
1717755217694 1.2223329544067383 0
1717755217760 1.2382851839065552 0
1717755217842 1.2622133493423462 0
1717755217895 1.3030906915664673 0
1717755217934 1.323030948638916 0
1717755217970 1.3330010175704956 0
