1693563448284 0.6832699564195448 0
1693563448388 0.6290462228559679 0
1693563448696 0.4821719681063006 0
1693563448799 0.39873869669052864 0
1693563449296 0.39367462934986236 0
1693563449615 0.39289176367944284 0
1693563449925 0.39259598908885834 0
1693563450237 0.3923222586031883 0
1693563450381 0.3921297711710776 0
1693563450641 0.39201733373826547 0
1693563450702 0.3918710245240119 0
1693563450764 0.39162215686613516 0
1693563450826 0.39155764733591386 0
1693563451108 0.39127760452608906 0
1693563451169 0.3910202249403923 0
1693563451295 0.39078732267502814 0
1693563451437 0.3905891035833666 0
1693563451702 0.39042750770045864 0
1693563451927 0.3900653152696548 0
1693563451988 0.38982379340356393 0
1693563452085 0.3895185541722082 0
