1712916794871 0.7851405739784241 0
1712916794902 0.7831325531005859 0
1712916794977 0.7751004099845886 0
1712916795011 0.7831325531005859 0
1712916795045 0.7771084308624268 0
1712916795121 0.7791164517402649 0
1712916795153 0.7881526350975037 0
1712916795187 0.7801204919815063 0
1712916795221 0.7801204919815063 0
1712916795254 0.7771084308624268 0
1712916795350 0.7991967797279358 0
1712916795406 0.8112449645996094 0
1712916795440 0.827309250831604 0
1712916795474 0.8473895788192749 0
1712916795509 0.8393574357032776 0
1712916795542 0.8443775177001953 0
1712916795573 0.8443775177001953 0
1712916795604 0.8423694968223572 0
1712916795634 0.845381498336792 0
1712916795665 0.8463855385780334 0
1712916795695 0.8463855385780334 0
1712916795726 0.8514056205749512 0
1712916795756 0.8554216623306274 0
1712916795787 0.8534136414527893 0
1712916795817 0.8524096608161926 0
1712916795848 0.8524096608161926 0
1712916795878 0.8504015803337097 0
1712916795909 0.8554216623306274 0
1712916795940 0.8544176816940308 0
1712916795972 0.8534136414527893 0
1712916796003 0.8514056205749512 0
1712916796036 0.8534136414527893 0
1712916796067 0.8554216623306274 0
1712916796099 0.8594377636909485 0
1712916796131 0.8534136414527893 0
1712916796176 0.849397599697113 0
1712916796237 0.8574297428131104 0
1712916796270 0.8604417443275452 0
1712916796303 0.8504015803337097 0
1712916796335 0.8714859485626221 0
1712916796367 0.8765060305595398 0
1712916796400 0.8825300931930542 0
1712916796446 0.8805220723152161 0
1712916796477 0.8835341334342957 0
1712916796508 0.8895582556724548 0
1712916796539 0.891566276550293 0
1712916796570 0.8985943794250488 0
1712916796601 0.9016064405441284 0
1712916796632 0.900602400302887 0
1712916796663 0.900602400302887 0
1712916796695 0.8995984196662903 0
1712916796726 0.8935742974281311 0
1712916796757 0.8885542154312134 0
1712916796789 0.8885542154312134 0
1712916796819 0.8945783376693726 0
1712916796850 0.8995984196662903 0
1712916796881 0.8955823183059692 0
1712916796911 0.891566276550293 0
1712916796943 0.9076305031776428 0
1712916796973 0.9176706671714783 0
1712916797004 0.9126505851745605 0
1712916797036 0.9196786880493164 0
1712916797068 0.9246987700462341 0
1712916797143 0.9196786880493164 0
1712916797177 0.9236947894096375 0
1712916797210 0.935742974281311 0
1712916797243 0.9116466045379639 0
1712916797276 0.9206827282905579 0
1712916797310 0.9236947894096375 0
1712916797343 0.926706850528717 0
1712916797378 0.9297188520431519 0
1712916797438 0.9166666865348816 0
1712916797529 0.9387550354003906 0
1712916797618 0.9427710771560669 0
1712916797669 0.9417670965194702 0
1712916797703 0.9457831382751465 0
1712916797735 0.9518072009086609 0
