1699006378000 0.6982142478227615 0
1699006378026 0.6940257102251053 0
1699006378051 0.6899640560150146 0
1699006378077 0.6854490861296654 0
1699006378102 0.6800569966435432 0
1699006378128 0.6729089468717575 0
1699006378154 0.6631997674703598 0
1699006378295 0.6495680436491966 0
1699006378320 0.6307190656661987 0
1699006378345 0.6056410372257233 0
1699006378370 0.5744421556591988 0
1699006378395 0.5384735241532326 0
1699006378420 0.5005781911313534 0
1699006378445 0.4653749279677868 0
1699006378469 0.4370325319468975 0
1699006378493 0.4182240068912506 0
1699006378518 0.40769076347351074 0
1699006378543 0.4030918888747692 0
1699006378568 0.4003053270280361 0
1699006378594 0.39804713800549507 0
1699006378620 0.3963293768465519 0
1699006378645 0.39525138959288597 0
1699006378708 0.39437123760581017 0
1699006378793 0.3938669413328171 0
1699006378857 0.39345967397093773 0
1699006378882 0.3931235447525978 0
1699006378906 0.39294109493494034 0
1699006378931 0.3927300460636616 0
1699006378956 0.39261334016919136 0
1699006378983 0.3924691453576088 0
