1699006378005 0.7558974623680115 0
1699006378031 0.7394871711730957 0
1699006378056 0.7487179636955261 0
1699006378082 0.7733333110809326 0
1699006378107 0.7835897207260132 0
1699006378133 0.7979487180709839 0
1699006378158 0.8082051277160645 0
1699006378300 0.8082051277160645 0
1699006378325 0.8092307448387146 0
1699006378350 0.798974335193634 0
1699006378375 0.7897436022758484 0
1699006378400 0.7928205132484436 0
1699006378425 0.7794871926307678 0
1699006378450 0.7753846049308777 0
1699006378474 0.7784615159034729 0
1699006378498 0.7764102816581726 0
1699006378523 0.7733333110809326 0
1699006378548 0.780512809753418 0
1699006378573 0.7815384864807129 0
1699006378599 0.7835897207260132 0
1699006378625 0.7917948961257935 0
1699006378650 0.7887179255485535 0
1699006378714 0.8010256290435791 0
1699006378837 0.8143589496612549 0
1699006378862 0.8071795105934143 0
1699006378887 0.8410256505012512 0
1699006378911 0.8451281785964966 0
1699006378936 0.8646153807640076 0
1699006378961 0.8799999952316284 0
1699006378988 0.8984615206718445 0
