1701425841420 0.6926385536789894 0
1701425841451 0.6861264035105705 0
1701425841482 0.6785230413079262 0
1701425841514 0.6684136688709259 0
1701425841544 0.6541676968336105 0
1701425841574 0.6340702772140503 0
1701425841604 0.606857180595398 0
1701425841636 0.5722060203552246 0
1701425841666 0.5319822654128075 0
1701425841697 0.4901873543858528 0
1701425841727 0.45256517454981804 0
1701425841757 0.4256513938307762 0
1701425841788 0.4103132635354996 0
1701425841819 0.40333792567253113 0
1701425841851 0.3999299816787243 0
1701425841886 0.397148672491312 0
1701425841917 0.39518845826387405 0
1701425841948 0.39385848119854927 0
1701425841980 0.39308320358395576 0
1701425842011 0.3925652578473091 0
1701425842042 0.39226166158914566 0
1701425842074 0.39203235134482384 0
1701425842105 0.39189473912119865 0
1701425842134 0.3917621448636055 0
1701425842168 0.39165179431438446 0
1701425842199 0.3915227800607681 0
1701425842233 0.3914484493434429 0
1701425842308 0.391359593719244 0
1701425842339 0.39126354828476906 0
