1703239992937 0.6861036345362663 0
1703239992984 0.6651088446378708 0
1703239993027 0.6231508180499077 0
1703239993069 0.5417489856481552 0
1703239993111 0.4402390196919441 0
1703239993153 0.4026704803109169 0
1703239993196 0.40428702905774117 0
1703239993238 0.39393775165081024 0
1703239993278 0.39368193596601486 0
1703239993318 0.39301179721951485 0
1703239993358 0.3923456035554409 0
1703239993397 0.39217356592416763 0
1703239993438 0.3918936550617218 0
1703239993478 0.3916875422000885 0
1703239993518 0.3915448524057865 0
1703239993561 0.39136120676994324 0
1703239993608 0.39114929735660553 0
1703239993650 0.39101725071668625 0
1703239993690 0.3908844143152237 0
1703239993730 0.3906920291483402 0
