1688724864517 0.6863219067454338 0
1688724864555 0.6591321751475334 0
1688724864592 0.6061641871929169 0
1688724864629 0.5142409168183804 0
1688724864666 0.421353954821825 0
1688724864704 0.40298083052039146 0
1688724864739 0.4017234295606613 0
1688724864777 0.39343326166272163 0
1688724864815 0.39393582940101624 0
1688724864853 0.3927759751677513 0
1688724864890 0.3923877589404583 0
1688724864927 0.39228255674242973 0
1688724864963 0.3919445127248764 0
1688724865000 0.39186716079711914 0
1688724865061 0.3916245512664318 0
1688724865106 0.391494557261467 0
1688724865146 0.3913195803761482 0
1688724865248 0.3912082128226757 0
1688724865328 0.3910488002002239 0
1688724865439 0.3908246420323849 0
