1686910462564 0.6874958376089731 0
1686910462627 0.6792161762714386 0
1686910462690 0.6660576403141022 0
1686910462752 0.6420244177182516 0
1686910462890 0.6005613247553507 0
1686910462966 0.5401448249816895 0
1686910463072 0.47441375255584717 0
1686910463136 0.4276653269926707 0
1686910463200 0.4066068798303604 0
1686910463264 0.3992130090792974 0
1686910463400 0.39612034857273104 0
1686910463538 0.3945482005675634 0
1686910463711 0.3936332871516546 0
1686910463906 0.3931368718544642 0
1686910464015 0.39281875888506573 0
1686910464122 0.39258703390757244 0
1686910464226 0.39245760440826416 0
1686910464334 0.3923332283894221 0
