1696587196349 0.8621399402618408 0
1696587196387 0.838477373123169 0
1696587196425 0.8281893134117126 0
1696587196498 0.8302469253540039 0
1696587196569 0.8220164775848389 0
1696587196626 0.838477373123169 0
1696587196687 0.8148148059844971 0
1696587196745 0.8137860298156738 0
1696587196797 0.8189300298690796 0
1696587196852 0.8230452537536621 0
1696587196904 0.8271604776382446 0
1696587196962 0.8230452537536621 0
1696587197016 0.8199588656425476 0
1696587197073 0.8477365970611572 0
1696587197127 0.8724279999732971 0
1696587197167 0.9063786268234253 0
1696587197225 0.9207819104194641 0
1696587197274 0.9619341492652893 0
1696587197325 0.9804526567459106 0
1696587197383 0.9835391044616699 0
1696587197435 1.0288065671920776 0
1696587197485 1.0133744478225708 0
1696587197536 1.01646089553833 0
1696587197584 1.0493826866149902 0
1696587197640 1.0524691343307495 0
