1696587196343 0.686512790620327 0
1696587196381 0.6781693249940872 0
1696587196418 0.6671911552548409 0
1696587196486 0.6509188041090965 0
1696587196558 0.6262815669178963 0
1696587196619 0.5913830995559692 0
1696587196678 0.5456951186060905 0
1696587196731 0.4936188831925392 0
1696587196789 0.44585613161325455 0
1696587196842 0.41624196618795395 0
1696587196894 0.40514134615659714 0
1696587196951 0.40101055428385735 0
1696587197010 0.3970252387225628 0
1696587197061 0.394295871257782 0
1696587197120 0.3932015188038349 0
1696587197161 0.3926420919597149 0
1696587197213 0.3922792077064514 0
1696587197268 0.39207660779356956 0
1696587197314 0.3919786065816879 0
1696587197374 0.39182863757014275 0
1696587197425 0.39175283536314964 0
1696587197478 0.39159005880355835 0
1696587197526 0.39153263345360756 0
1696587197578 0.3914383426308632 0
1696587197633 0.391345527023077 0
