1725012914756 0.8136094808578491 0
1725012914974 0.8067061305046082 0
1725012915037 0.7968441843986511 0
1725012915090 0.8067061305046082 0
1725012915140 0.807692289352417 0
1725012915189 0.8303747773170471 0
1725012915238 0.8362919092178345 0
1725012915290 0.8353056907653809 0
1725012915344 0.841222882270813 0
1725012915452 0.8372781276702881 0
1725012915517 0.834319531917572 0
1725012915574 0.8362919092178345 0
1725012915630 0.8333333134651184 0
1725012915684 0.834319531917572 0
1725012915753 0.834319531917572 0
1725012915807 0.834319531917572 0
1725012915865 0.831360936164856 0
1725012915922 0.831360936164856 0
1725012915976 0.834319531917572 0
1725012916032 0.8471400141716003 0
1725012916085 0.8530572056770325 0
1725012916150 0.8550295829772949 0
1725012916202 0.8727810382843018 0
1725012916254 0.8826429843902588 0
1725012916306 0.8895463347434998 0
1725012916361 0.8836292028427124 0
1725012916414 0.8885601758956909 0
1725012916465 0.8964496850967407 0
1725012916567 0.8954635262489319 0
1725012916625 0.8925049304962158 0
1725012916688 0.9299802780151367 0
1725012916759 0.9378698468208313 0
1725012916915 0.9299802780151367 0
1725012916974 0.9635108709335327 0
1725012917025 0.9457593560218811 0
1725012917076 0.9625246524810791 0
1725012917127 0.9812623262405396 0
1725012917179 0.9753451943397522 0
1725012917231 0.9990137815475464 0
1725012917282 0.9921104311943054 0
1725012917333 0.9980276226997375 0
1725012917385 1.0 0
1725012917438 1.003944754600525 0
1725012917490 1.019723892211914 0
1725012917647 1.029585838317871 0
1725012917705 1.023668646812439 0
1725012917761 1.0187376737594604 0
1725012917814 1.0256410837173462 0
1725012917866 1.0453648567199707 0
1725012917921 1.0325443744659424 0
1725012917979 1.0502958297729492 0
1725012918035 1.037475347518921 0
1725012918091 1.05325448513031 0
1725012918171 1.0483235120773315 0
1725012918282 1.0650887489318848 0
1725012918343 1.0601577758789062 0
1725012918397 1.0897436141967773 0
1725012918449 1.0700197219848633 0
1725012918504 1.0552268028259277 0
1725012918617 1.0867849588394165 0
1725012918677 1.080867886543274 0
1725012918736 1.0867849588394165 0
