1725012914741 0.6919274069368839 0
1725012914960 0.6848259754478931 0
1725012915025 0.6757501512765884 0
1725012915081 0.6626804005354643 0
1725012915131 0.6430482976138592 0
1725012915180 0.6151340547949076 0
1725012915229 0.5784268360584974 0
1725012915280 0.5365289114415646 0
1725012915335 0.4955548541620374 0
1725012915388 0.46171172335743904 0
1725012915508 0.4373312909156084 0
1725012915564 0.42171338107436895 0
1725012915620 0.4121841499581933 0
1725012915674 0.4062396287918091 0
1725012915741 0.40216181986033916 0
1725012915797 0.39942784793674946 0
1725012915853 0.3974077794700861 0
1725012915912 0.3960775239393115 0
1725012915967 0.39509034156799316 0
1725012916020 0.39442542381584644 0
1725012916075 0.39387767761945724 0
1725012916141 0.3935022009536624 0
1725012916192 0.3932287450879812 0
1725012916245 0.392975945957005 0
1725012916297 0.392809527926147 0
1725012916351 0.39267016015946865 0
1725012916405 0.39258043374866247 0
1725012916455 0.392483894713223 0
1725012916556 0.39238298311829567 0
1725012916615 0.3923317948356271 0
1725012916678 0.39224986638873816 0
1725012916748 0.39218854252249 0
1725012916905 0.39214497711509466 0
1725012916964 0.39210702385753393 0
1725012917015 0.39206239115446806 0
1725012917067 0.39201636146754026 0
1725012917118 0.3919726116582751 0
1725012917170 0.39191445522010326 0
1725012917221 0.39185838401317596 0
1725012917273 0.3918327447026968 0
1725012917324 0.3917576391249895 0
1725012917376 0.39173625223338604 0
1725012917428 0.39168690517544746 0
1725012917480 0.3916238462552428 0
1725012917636 0.3916127411648631 0
1725012917695 0.3915313147008419 0
1725012917751 0.39148140978068113 0
1725012917804 0.3914621500298381 0
1725012917857 0.39138597436249256 0
1725012917912 0.391362801194191 0
1725012917969 0.3913188688457012 0
1725012918024 0.3912468357011676 0
1725012918081 0.3912007808685303 0
1725012918158 0.39115967508405447 0
1725012918271 0.39112489856779575 0
1725012918332 0.3910495052114129 0
1725012918387 0.3910047709941864 0
1725012918439 0.3909371765330434 0
1725012918494 0.39087374974042177 0
1725012918606 0.39081946574151516 0
1725012918667 0.3907921565696597 0
1725012918725 0.3907406283542514 0
