1699611129495 0.6855716779828072 0
1699611129524 0.6652581989765167 0
1699611129553 0.6312997043132782 0
1699611129581 0.5732655972242355 0
1699611129611 0.4909775033593178 0
1699611129639 0.4199635423719883 0
1699611129673 0.40170931816101074 0
1699611129702 0.40069036185741425 0
1699611129731 0.39393652230501175 0
1699611129760 0.39293690398335457 0
1699611129787 0.39287154003977776 0
1699611129814 0.39236437901854515 0
1699611129841 0.39222896099090576 0
1699611129868 0.3920675478875637 0
1699611129894 0.3919147849082947 0
1699611129921 0.39175543561577797 0
1699611129949 0.3916361629962921 0
1699611129976 0.3914988227188587 0
1699611130004 0.3913455158472061 0
1699611130030 0.39120906591415405 0
1699611130058 0.39107948169112206 0
1699611130085 0.3909945897758007 0
1699611130112 0.39075876772403717 0
1699611130139 0.39062846079468727 0
1699611130166 0.39046813175082207 0
1699611130198 0.39024922624230385 0
1699611130226 0.39008723199367523 0
1699611130254 0.3899056389927864 0
1699611130282 0.38971568271517754 0
1699611130309 0.38956692442297935 0
1699611130336 0.3892725594341755 0
