1713521629937 0.6947452276945114 0
1713521629969 0.6886375248432159 0
1713521630005 0.6814709901809692 0
1713521630038 0.6723706871271133 0
1713521630070 0.6604577451944351 0
1713521630101 0.644320659339428 0
1713521630130 0.6232247874140739 0
1713521630159 0.5972253680229187 0
1713521630188 0.5668628662824631 0
1713521630215 0.5334985926747322 0
1713521630243 0.4992956817150116 0
1713521630273 0.46803102642297745 0
1713521630302 0.442873727530241 0
1713521630331 0.4253607392311096 0
1713521630358 0.4144370034337044 0
1713521630386 0.40823979675769806 0
1713521630414 0.40417764335870743 0
1713521630441 0.40116511657834053 0
1713521630468 0.398846335709095 0
1713521630495 0.3971668817102909 0
1713521630523 0.3958649970591068 0
1713521630550 0.3949185162782669 0
1713521630577 0.39422909170389175 0
1713521630604 0.39370471984148026 0
1713521630631 0.39327139034867287 0
1713521630659 0.39297734946012497 0
1713521630686 0.39273005723953247 0
1713521630715 0.3925384655594826 0
1713521630743 0.39240313321352005 0
1713521630769 0.39225684851408005 0
1713521630797 0.3921700231730938 0
1713521630823 0.3920748457312584 0
1713521630850 0.3920155391097069 0
1713521630877 0.39192188531160355 0
1713521630905 0.39186299592256546 0
1713521630934 0.391786839812994 0
1713521630960 0.3917167969048023 0
1713521630987 0.3916645459830761 0
1713521631013 0.3915841542184353 0
1713521631041 0.39154263213276863 0
1713521631067 0.39145586267113686 0
1713521631094 0.39141616970300674 0
1713521631121 0.3913274556398392 0
1713521631147 0.3912835046648979 0
1713521631174 0.3911793865263462 0
1713521631199 0.3911227695643902 0
1713521631226 0.3910071589052677 0
1713521631256 0.3909943290054798 0
1713521631286 0.39090124145150185 0
1713521631315 0.3908233605325222 0
