1680948420155 0.6934466004371643 0
1680948420211 0.6713200688362122 0
1680948420265 0.6205521901448567 0
1680948420319 0.5330922573804855 0
1680948420372 0.4505735009908676 0
1680948420425 0.41294848720232646 0
1680948420478 0.4010493596394857 0
1680948420533 0.3963315486907959 0
1680948420587 0.3940751522779465 0
1680948420640 0.3929293711980184 0
1680948420694 0.3924180368582408 0
1680948420747 0.39196061392625176 0
1680948420802 0.39178420305252076 0
1680948420857 0.39154708087444307 0
1680948420910 0.3913550406694412 0
1680948420962 0.39115372896194456 0
1680948421016 0.3909729967514674 0
1680948421072 0.39082426528135933 0
1680948421127 0.3906191458304723 0
1680948421180 0.39047916034857433 0
1680948421235 0.3902256300052007 0
1680948421287 0.3900237629810969 0
1680948421341 0.3898242731889089 0
1680948421396 0.3896276851495107 0
1680948421451 0.3894145200649897 0
1680948421507 0.3891508489847183 0
1680948421562 0.38889568944772085 0
1680948421617 0.38865382273991905 0
1680948421670 0.3884046117464701 0
1680948421723 0.3881423423687617 0
1680948421776 0.3878686865170797 0
1680948421829 0.3875683158636093 0
