1692958397029 0.8385093212127686 0
1692958397113 0.8167701959609985 0
1692958397194 0.7981366515159607 0
1692958397281 0.7991718649864197 0
1692958397354 0.8157349824905396 0
1692958397438 0.8250517845153809 0
1692958397529 0.8240165710449219 0
1692958397624 0.8240165710449219 0
1692958397710 0.8291925191879272 0
1692958397787 0.828157365322113 0
1692958397876 0.8395445346832275 0
1692958397966 0.8602484464645386 0
1692958398043 0.8674948215484619 0
1692958398128 0.8944099545478821 0
1692958398224 0.9130434989929199 0
1692958398300 0.9244306683540344 0
1692958398353 0.9161490797996521 0
1692958398394 0.9648033380508423 0
1692958398437 0.9513457417488098 0
1692958398479 0.9917184114456177 0
1692958398522 0.9979296326637268 0
