1686910442445 0.8286311626434326 0
1686910442503 0.8275862336158752 0
1686910442561 0.8390804529190063 0
1686910442619 0.9059560894966125 0
1686910442675 0.9331243634223938 0
1686910442729 1.0146290063858032 0
1686910442784 1.0188087224960327 0
1686910442874 1.0731452703475952 0
1686910442958 1.1316614151000977 0
1686910443014 1.1692789793014526 0
1686910443087 1.2246603965759277 0
1686910443168 1.3113898038864136 0
1686910443330 1.3845349550247192 0
1686910443424 1.4085685014724731 0
1686910443533 1.5161964893341064 0
1686910443653 1.6060606241226196 0
1686910443892 1.7199581861495972 0
1686910444014 1.7283176183700562 0
1686910444121 1.8098223209381104 0
1686910444224 1.9007314443588257 0
