1720174490208 0.7864945530891418 0
1720174490264 0.794438898563385 0
1720174490330 0.8272095322608948 0
1720174490384 0.8142998814582825 0
1720174490434 0.817279040813446 0
1720174490485 0.794438898563385 0
1720174490527 0.7954319715499878 0
1720174490566 0.7954319715499878 0
1720174490606 0.7994041442871094 0
1720174490647 0.7855014801025391 0
1720174490687 0.7884806394577026 0
1720174490761 0.7914597988128662 0
1720174490846 0.793445885181427 0
1720174490885 0.816286027431488 0
1720174490926 0.8381330966949463 0
1720174490970 0.8848063349723816 0
1720174491011 0.9106256365776062 0
1720174491112 0.9483614563941956 0
1720174491160 0.945382297039032 0
1720174491203 0.9294935464859009 0
1720174491247 0.9324727058410645 0
1720174491286 0.9195630550384521 0
1720174491326 0.945382297039032 0
1720174491369 0.9642502665519714 0
1720174491412 0.9523336887359619 0
1720174491461 0.9692155122756958 0
1720174491508 0.9751737713813782 0
1720174491557 0.9851042628288269 0
