1720174490193 0.6830907985568047 0
1720174490250 0.6767153963446617 0
1720174490313 0.6687228158116341 0
1720174490370 0.6575333476066589 0
1720174490418 0.6408853530883789 0
1720174490476 0.6163554191589355 0
1720174490518 0.5815247073769569 0
1720174490557 0.5368502140045166 0
1720174490597 0.48737886920571327 0
1720174490637 0.4435121603310108 0
1720174490678 0.41516129299998283 0
1720174490716 0.4034688360989094 0
1720174490792 0.3998752646148205 0
1720174490876 0.3974016532301903 0
1720174490916 0.3950326256453991 0
1720174490959 0.3937263898551464 0
1720174491001 0.39312686398625374 0
1720174491100 0.3927651233971119 0
1720174491147 0.3925252854824066 0
1720174491191 0.392367847263813 0
1720174491237 0.392269317060709 0
1720174491276 0.39217470213770866 0
1720174491316 0.3921291455626488 0
1720174491359 0.3920389600098133 0
1720174491402 0.39198125526309013 0
1720174491451 0.3919305391609669 0
1720174491496 0.39185765758156776 0
1720174491546 0.3917834870517254 0
