1692353730449 0.6965427286922932 0
1692353730486 0.6859909147024155 0
1692353730523 0.6694394387304783 0
1692353730560 0.6387415416538715 0
1692353730596 0.5861845538020134 0
1692353730634 0.5114285498857498 0
1692353730680 0.4431517105549574 0
1692353730758 0.4099364411085844 0
1692353730795 0.40030460990965366 0
1692353730832 0.39655786007642746 0
1692353730869 0.3946326617151499 0
1692353730906 0.3933597784489393 0
1692353730943 0.3927202057093382 0
1692353730981 0.3925171345472336 0
1692353731018 0.3921681363135576 0
1692353731054 0.39211147278547287 0
1692353731090 0.3922050893306732 0
1692353731126 0.3920288197696209 0
1692353731162 0.3921824283897877 0
1692353731199 0.3919338136911392 0
1692353731236 0.3916053157299757 0
1692353731274 0.3917604498565197 0
1692353731312 0.3916448000818491 0
1692353731350 0.39144887775182724 0
1692353731387 0.39164742454886436 0
1692353731425 0.39150956831872463 0
1692353731462 0.3912208955734968 0
1692353731499 0.39124634489417076 0
1692353731564 0.39116306230425835 0
1692353731607 0.3910053353756666 0
1692353731646 0.39089836925268173 0
1692353731703 0.3906411472707987 0
1692353731740 0.3905684631317854 0
1692353731776 0.3906443752348423 0
1692353731813 0.3903227485716343 0
1692353731849 0.39014578238129616 0
1692353731886 0.39028883911669254 0
