1700215957523 0.681085392832756 0
1700215957552 0.6678996086120605 0
1700215957580 0.6477644369006157 0
1700215957606 0.6150875762104988 0
1700215957630 0.5657269060611725 0
1700215957656 0.5034793801605701 0
1700215957680 0.44680801779031754 0
1700215957705 0.4154897667467594 0
1700215957730 0.4061148576438427 0
1700215957755 0.40044836327433586 0
1700215957780 0.39543088153004646 0
1700215957805 0.3935014046728611 0
1700215957830 0.3928070329129696 0
1700215957855 0.39227818697690964 0
1700215957880 0.39198318868875504 0
1700215957906 0.39180076122283936 0
1700215957931 0.3917486146092415 0
1700215957956 0.39155057817697525 0
1700215957981 0.391458872705698 0
1700215958006 0.3912758156657219 0
1700215958030 0.391108725219965 0
1700215958055 0.39105187729001045 0
1700215958080 0.3908824734389782 0
1700215958105 0.39073626324534416 0
