1700215957529 0.8116683959960938 0
1700215957558 0.8024564981460571 0
1700215957585 0.8075742125511169 0
1700215957610 0.8157625198364258 0
1700215957635 0.8075742125511169 0
1700215957660 0.8065506815910339 0
1700215957685 0.8034800291061401 0
1700215957710 0.7983623147010803 0
1700215957735 0.8024564981460571 0
1700215957760 0.8024564981460571 0
1700215957785 0.809621274471283 0
1700215957810 0.8454452157020569 0
1700215957835 0.8812692165374756 0
1700215957860 0.9058341979980469 0
1700215957885 0.9539406299591064 0
1700215957911 0.9457523226737976 0
1700215957936 0.9866939783096313 0
1700215957961 0.9825997948646545 0
1700215957986 1.0071648359298706 0
1700215958010 1.0143295526504517 0
1700215958035 1.0235414505004883 0
1700215958060 1.0286591053009033 0
1700215958085 1.0501534938812256 0
1700215958110 1.0583418607711792 0
