1725012913163 0.8165680766105652 0
1725012913280 0.8284023404121399 0
1725012913352 0.807692289352417 0
1725012913422 0.8185404539108276 0
1725012913491 0.8214989900588989 0
1725012913571 0.8155818581581116 0
1725012913632 0.8234714269638062 0
1725012913693 0.8284023404121399 0
1725012913753 0.8540433645248413 0
1725012913814 0.8629191517829895 0
1725012913875 0.9299802780151367 0
1725012913938 0.9220907092094421 0
1725012913997 0.9358974099159241 0
1725012914075 0.9467455744743347 0
1725012914225 0.9615384340286255 0
1725012914311 0.9891518950462341 0
1725012914386 1.033530592918396 0
1725012914459 1.0325443744659424 0
