1691748764830 0.7925311326980591 0
1691748764863 0.7821576595306396 0
1691748764908 0.7852697372436523 0
1691748764956 0.7759336233139038 0
1691748764993 0.7593361139297485 0
1691748765154 0.7572613954544067 0
1691748765222 0.7686722278594971 0
1691748765254 0.7676348686218262 0
1691748765295 0.7780082821846008 0
1691748765373 0.7582987546920776 0
1691748765434 0.7634854912757874 0
1691748765495 0.771784245967865 0
1691748765563 0.7800830006599426 0
1691748765617 0.7811203598976135 0
1691748765693 0.771784245967865 0
1691748765747 0.7831950187683105 0
1691748765805 0.7697095274925232 0
1691748765873 0.7665975093841553 0
1691748765932 0.7665975093841553 0
1691748766007 0.7655601501464844 0
1691748766072 0.771784245967865 0
1691748766146 0.7790456414222717 0
1691748766214 0.7894191145896912 0
1691748766273 0.7852697372436523 0
1691748766336 0.7852697372436523 0
1691748766398 0.7863070368766785 0
1691748766461 0.7852697372436523 0
1691748766531 0.7842323780059814 0
1691748766592 0.7821576595306396 0
1691748766660 0.7811203598976135 0
1691748766718 0.7811203598976135 0
1691748766782 0.795643150806427 0
1691748766851 0.79356849193573 0
1691748766912 0.8257261514663696 0
1691748766986 0.8464730381965637 0
1691748767048 0.8599585294723511 0
1691748767114 0.884854793548584 0
1691748767182 0.8796680569648743 0
1691748767251 0.8941908478736877 0
1691748767318 0.8962655663490295 0
1691748767375 0.9139004349708557 0
1691748767443 0.9273858666419983 0
1691748767510 0.9460580945014954 0
1691748767570 0.9533194899559021 0
1691748767625 0.9668049812316895 0
1691748767685 0.9927386045455933 0
1691748767758 1.0165975093841553 0
1691748767824 1.0290457010269165 0
1691748767882 1.047717809677124 0
1691748767940 1.0591286420822144 0
1691748768015 1.0695021152496338 0
1691748768083 1.0632779598236084 0
1691748768142 1.0892115831375122 0
1691748768219 1.086099624633789 0
1691748768305 1.0705394744873047 0
1691748768391 1.0892115831375122 0
1691748768480 1.1006224155426025 0
1691748768538 1.0995850563049316 0
