1721988844280 0.8017839193344116 0
1721988844322 0.8087214827537537 0
1721988844397 0.7908820509910583 0
1721988844584 0.7869177460670471 0
1721988844741 0.792864203453064 0
1721988844785 0.7978196144104004 0
1721988844829 0.803766131401062 0
1721988844941 0.7978196144104004 0
1721988845009 0.8007928729057312 0
1721988845054 0.8007928729057312 0
1721988845097 0.8017839193344116 0
1721988845142 0.8156590461730957 0
1721988845186 0.8295341730117798 0
1721988845230 0.8602576851844788 0
1721988845415 0.8721506595611572 0
1721988845498 0.9127849340438843 0
1721988845544 0.9256689548492432 0
1721988845593 0.9415262341499329 0
1721988845636 0.9613478779792786 0
1721988845679 0.969276487827301 0
1721988845722 1.0158573389053345 0
1721988845766 1.0118929147720337 0
1721988845809 1.0128840208053589 0
1721988845853 1.0327056646347046 0
1721988845896 1.0416253805160522 0
1721988845941 1.0624380111694336 0
1721988845985 1.0693756341934204 0
1721988846030 1.064420223236084 0
