1683281616028 0.8203781247138977 0
1683281616057 0.8245798349380493 0
1683281616085 0.8508403301239014 0
1683281616114 0.8445377945899963 0
1683281616143 0.8560924530029297 0
1683281616172 0.8403361439704895 0
1683281616200 0.8382353186607361 0
1683281616228 0.8277310729026794 0
1683281616257 0.8371848464012146 0
1683281616285 0.8508403301239014 0
1683281616314 0.8350840210914612 0
1683281616342 0.831932783126831 0
1683281616371 0.8308823704719543 0
1683281616399 0.825630247592926 0
1683281616427 0.825630247592926 0
1683281616455 0.8088235259056091 0
1683281616483 0.8161764740943909 0
1683281616511 0.8140756487846375 0
1683281616539 0.8140756487846375 0
1683281616567 0.8109243512153625 0
1683281616595 0.8308823704719543 0
1683281616622 0.8392857313156128 0
1683281616649 0.8760504126548767 0
1683281616677 0.9107142686843872 0
1683281616704 0.9075630307197571 0
1683281616733 0.9212185144424438 0
1683281616761 0.9264705777168274 0
1683281616788 0.9222689270973206 0
1683281616817 0.9285714030265808 0
1683281616846 0.9359243512153625 0
1683281616875 0.9422268867492676 0
1683281616902 0.956932783126831 0
1683281616930 0.973739504814148 0
1683281616958 0.9716386795043945 0
1683281616987 0.9884454011917114 0
1683281617015 0.9768907427787781 0
1683281617043 0.9821428656578064 0
1683281617071 0.9821428656578064 0
1683281617098 0.9852941036224365 0
1683281617125 0.9884454011917114 0
1683281617152 0.9989495873451233 0
1683281617180 1.0189075469970703 0
1683281617207 1.0231091976165771 0
1683281617234 1.0409663915634155 0
