1683281616024 0.6915056705474854 0
1683281616053 0.6867554932832718 0
1683281616082 0.6815843880176544 0
1683281616110 0.6752806454896927 0
1683281616140 0.6674798205494881 0
1683281616168 0.6572501808404922 0
1683281616197 0.6436246857047081 0
1683281616225 0.625699870288372 0
1683281616253 0.6030307486653328 0
1683281616282 0.5750992298126221 0
1683281616310 0.5417671725153923 0
1683281616339 0.5057759620249271 0
1683281616367 0.4705118499696255 0
1683281616395 0.4395504333078861 0
1683281616423 0.41752102598547935 0
1683281616451 0.4050694778561592 0
1683281616479 0.39937471598386765 0
1683281616507 0.3969528079032898 0
1683281616535 0.39565302431583405 0
1683281616563 0.3946598209440708 0
1683281616591 0.39374373480677605 0
1683281616619 0.3931238390505314 0
1683281616646 0.39289138838648796 0
1683281616673 0.39265386387705803 0
1683281616701 0.39253608882427216 0
1683281616729 0.39235030114650726 0
1683281616757 0.3923168107867241 0
1683281616785 0.39219845831394196 0
1683281616814 0.3920951932668686 0
1683281616843 0.39207521080970764 0
1683281616871 0.3920344337821007 0
1683281616899 0.3919280730187893 0
1683281616927 0.3919079527258873 0
1683281616955 0.3918265588581562 0
1683281616983 0.3917914777994156 0
1683281617011 0.3918202854692936 0
1683281617040 0.39167943596839905 0
1683281617067 0.39167073741555214 0
1683281617095 0.3916226029396057 0
1683281617122 0.39154551923274994 0
1683281617149 0.39144009724259377 0
1683281617176 0.39148955419659615 0
1683281617203 0.3913513384759426 0
1683281617231 0.39146390184760094 0
