1706868806166 0.6933907642960548 0
1706868806205 0.6858441308140755 0
1706868806246 0.6774539053440094 0
1706868806284 0.6670933291316032 0
1706868806323 0.6534209698438644 0
1706868806357 0.6349150463938713 0
1706868806395 0.6105836182832718 0
1706868806435 0.5802745297551155 0
1706868806469 0.545013077557087 0
1706868806508 0.5074685178697109 0
1706868806542 0.4724684953689575 0
1706868806574 0.4444749280810356 0
1706868806614 0.4254666455090046 0
1706868806651 0.4147181436419487 0
1706868806746 0.4085351526737213 0
1706868806828 0.4037383943796158 0
1706868806900 0.400247972458601 0
1706868806938 0.3976818323135376 0
1706868806974 0.3959149308502674 0
1706868807009 0.39483483880758286 0
1706868807040 0.394042294472456 0
1706868807072 0.3934408947825432 0
1706868807108 0.39312654733657837 0
1706868807143 0.3928225487470627 0
1706868807348 0.39258183911442757 0
1706868807449 0.39242376387119293 0
1706868807514 0.3923391066491604 0
1706868807553 0.39229119196534157 0
1706868807586 0.39222344756126404 0
1706868807619 0.3921693190932274 0
1706868807656 0.3921002000570297 0
1706868807695 0.392055232077837 0
1706868807727 0.39197782054543495 0
1706868807759 0.39193522930145264 0
1706868807793 0.3919092193245888 0
1706868807825 0.39182082936167717 0
1706868807856 0.39179355651140213 0
1706868807892 0.391710314899683 0
1706868807937 0.39168084040284157 0
1706868807976 0.39160871505737305 0
1706868808015 0.39152200892567635 0
