1728641707096 0.6784274037927389 0
1728641707153 0.665491322055459 0
1728641707209 0.6393713746219873 0
1728641707266 0.5855932980775833 0
1728641707322 0.5076578771695495 0
1728641707377 0.4411990838125348 0
1728641707433 0.41096020210534334 0
1728641707491 0.40115251764655113 0
1728641707549 0.39689662773162127 0
1728641707608 0.39474295638501644 0
1728641707669 0.393596219830215 0
1728641707729 0.39302212558686733 0
1728641707789 0.39266538340598345 0
1728641707848 0.3924607941880822 0
1728641707904 0.3922912562265992 0
1728641707960 0.3922080025076866 0
1728641708014 0.39211233239620924 0
