1728641707107 0.8115800023078918 0
1728641707164 0.8086358904838562 0
1728641707220 0.8184494376182556 0
1728641707276 0.8047105073928833 0
1728641707332 0.7801766395568848 0
1728641707388 0.7733071446418762 0
1728641707444 0.7782139182090759 0
1728641707502 0.7850834131240845 0
1728641707560 0.7801766395568848 0
1728641707619 0.8027477860450745 0
1728641707680 0.8469087481498718 0
1728641707741 0.9106967449188232 0
1728641707800 0.9067713618278503 0
1728641707859 0.9038273096084595 0
1728641707915 0.9126594662666321 0
1728641707971 0.9224730134010315 0
1728641708025 0.9362119436264038 0
