1684491150523 0.6842536181211472 0
1684491150571 0.6747604236006737 0
1684491150614 0.6617689058184624 0
1684491150661 0.6411230191588402 0
1684491150707 0.6082067936658859 0
1684491150753 0.5595516860485077 0
1684491150801 0.4986988939344883 0
1684491150854 0.44117752835154533 0
1684491150911 0.4076894000172615 0
1684491150956 0.3996710330247879 0
1684491150999 0.39801478385925293 0
1684491151043 0.3945235535502434 0
1684491151093 0.3927360959351063 0
1684491151236 0.3922678530216217 0
1684491151282 0.3920351341366768 0
1684491151329 0.391881987452507 0
1684491151373 0.3916073888540268 0
1684491151419 0.39161404594779015 0
1684491151463 0.3914710395038128 0
1684491151507 0.3913003169000149 0
1684491151551 0.39123843237757683 0
1684491151593 0.3911135420203209 0
1684491151634 0.3910156711935997 0
1684491151674 0.3908545933663845 0
1684491151715 0.3906843699514866 0
1684491151755 0.3905509077012539 0
1684491151838 0.39035991579294205 0
1684491151879 0.39019767567515373 0
1684491151922 0.3901575542986393 0
