1708078365127 0.6831601038575172 0
1708078365177 0.6543177142739296 0
1708078365220 0.5959135368466377 0
1708078365378 0.49915796518325806 0
1708078365434 0.41738925129175186 0
1708078365504 0.40658342465758324 0
1708078365638 0.3989373706281185 0
1708078365692 0.3929419703781605 0
1708078365795 0.39330437779426575 0
1708078365898 0.3921695910394192 0
1708078365951 0.3919411525130272 0
1708078366077 0.3915785066783428 0
1708078366150 0.39138127490878105 0
1708078366212 0.39117297902703285 0
1708078366383 0.3909217268228531 0
1708078366450 0.3907175213098526 0
1708078366545 0.3904517702758312 0
1708078366599 0.3901454545557499 0
