1715940789450 0.690574124455452 0
1715940789486 0.6746862679719925 0
1715940789520 0.6493470668792725 0
1715940789554 0.6055715680122375 0
1715940789588 0.5375240668654442 0
1715940789622 0.4577147960662842 0
1715940789657 0.4067768417298794 0
1715940789691 0.4006006233394146 0
1715940789724 0.39822838455438614 0
1715940789757 0.3932613879442215 0
1715940789789 0.39273202046751976 0
1715940789822 0.39253686740994453 0
1715940789865 0.39212827757000923 0
1715940789901 0.39199477434158325 0
1715940789935 0.3918631747364998 0
1715940789969 0.39171002805233 0
1715940790003 0.3916270211338997 0
1715940790036 0.3914637751877308 0
1715940790072 0.3913544602692127 0
1715940790105 0.3912027180194855 0
1715940790138 0.3911046236753464 0
1715940790170 0.3909848555922508 0
1715940790205 0.39082442224025726 0
