1686305768415 0.8587865829467773 0
1686305768531 0.8410041928291321 0
1686305768636 0.8483263850212097 0
1686305768756 0.8420501947402954 0
1686305768880 0.819037675857544 0
1686305768996 0.8462343215942383 0
1686305769098 0.8514644503593445 0
1686305769211 0.8786610960960388 0
1686305769323 0.9131799340248108 0
1686305769422 0.9110878705978394 0
1686305769519 0.9069037437438965 0
1686305769622 0.9445606470108032 0
1686305769748 0.9476987719535828 0
1686305769855 0.9466527104377747 0
1686305769969 0.973849356174469 0
1686305770092 0.9686192274093628 0
1686305770202 0.9979079365730286 0
1686305770320 0.9832636117935181 0
1686305770424 1.0198744535446167 0
1686305770531 1.0397489070892334 0
1686305770671 1.0428869724273682 0
