1714731266141 0.8418418169021606 0
1714731266212 0.8358358144760132 0
1714731266281 0.8428428173065186 0
1714731266356 0.8458458185195923 0
1714731266427 0.913913905620575 0
1714731266490 0.9709709882736206 0
1714731266551 1.001001000404358 0
1714731266613 1.0510510206222534 0
1714731266676 1.079079031944275 0
1714731266737 1.1091091632843018 0
1714731266824 1.162162184715271 0
1714731266899 1.1691691875457764 0
1714731267003 1.2532532215118408 0
1714731267115 1.2992992401123047 0
1714731267180 1.3273273706436157 0
1714731267243 1.4174174070358276 0
