1717150480604 0.7824351191520691 0
1717150480667 0.7714570760726929 0
1717150480755 0.7754490971565247 0
1717150480905 0.7934131622314453 0
1717150480968 0.7784430980682373 0
1717150481024 0.7844311594963074 0
1717150481080 0.78143709897995 0
1717150481136 0.8053892254829407 0
1717150481190 0.8333333134651184 0
1717150481247 0.8303393125534058 0
1717150481323 0.8313373327255249 0
1717150481371 0.8293412923812866 0
1717150481421 0.847305417060852 0
1717150481504 0.8642714619636536 0
1717150481661 0.8852295279502869 0
1717150481739 0.901197612285614 0
1717150481896 0.9051896333694458 0
1717150481948 0.9500998258590698 0
1717150481995 0.9710578918457031 0
1717150482043 0.9860279560089111 0
1717150482091 0.9950099587440491 0
1717150482137 0.9960079789161682 0
1717150482182 1.0359281301498413 0
1717150482227 1.0349301099777222 0
1717150482274 1.0209580659866333 0
1717150482323 1.0409181118011475 0
1717150482402 1.047904133796692 0
1717150482452 1.0558881759643555 0
1717150482497 1.059880256652832 0
1717150482545 1.0768463611602783 0
1717150482600 1.0858283042907715 0
1717150482672 1.1147704124450684 0
1717150482723 1.1207585334777832 0
1717150482776 1.0988024473190308 0
1717150482828 1.0978044271469116 0
1717150483009 1.1307384967803955 0
1717150483062 1.1417165994644165 0
1717150483162 1.1566866636276245 0
1717150483239 1.1606786251068115 0
1717150483289 1.1736526489257812 0
1717150483337 1.1866267919540405 0
1717150483388 1.1956087350845337 0
1717150483441 1.194610834121704 0
1717150483506 1.2035927772521973 0
