1682072099524 0.7652631402015686 0
1682072099574 0.7652631402015686 0
1682072099628 0.7768421173095703 0
1682072099683 0.7736842036247253 0
1682072099723 0.7726315855979919 0
1682072099781 0.7905263304710388 0
1682072099859 0.7894737124443054 0
1682072099935 0.7989473938941956 0
1682072099993 0.8010526299476624 0
1682072100073 0.7989473938941956 0
1682072100116 0.8084210753440857 0
1682072100153 0.8105263113975525 0
1682072100189 0.8421052694320679 0
1682072100226 0.8568421006202698 0
1682072100261 0.8694736957550049 0
1682072100354 0.8852631449699402 0
1682072100397 0.9210526347160339 0
1682072100433 0.9473684430122375 0
1682072100500 0.9378947615623474 0
1682072100575 0.942105233669281 0
1682072100639 0.9505262970924377 0
1682072100694 0.9505262970924377 0
1682072100830 0.9810526371002197 0
1682072100890 1.0094736814498901 0
