1682072099517 0.6928005576133728 0
1682072099571 0.6827072858810425 0
1682072099624 0.6672862688700358 0
1682072099679 0.6411509434382121 0
1682072099718 0.5975083033243815 0
1682072099775 0.5358676552772522 0
1682072099855 0.47177868088086444 0
1682072099931 0.42723726431528725 0
1682072099989 0.4081776758035024 0
1682072100069 0.40125784476598103 0
1682072100111 0.3974615494410197 0
1682072100149 0.3951971014340719 0
1682072100186 0.39391734401384987 0
1682072100222 0.39317869146664935 0
1682072100258 0.3927196164925893 0
1682072100351 0.39244813323020933 0
1682072100394 0.3922496358553568 0
1682072100430 0.39209017952283226 0
1682072100489 0.3919519046942393 0
1682072100570 0.39185558557510375 0
1682072100635 0.39181442856788634 0
1682072100688 0.3916747470696767 0
1682072100826 0.39155648549397787 0
1682072100880 0.39146253069241843 0
