1714731261412 0.6907704025506973 0
1714731261452 0.6738578677177429 0
1714731261491 0.6466721594333649 0
1714731261532 0.6025092825293541 0
1714731261581 0.5401584953069687 0
1714731261625 0.47141334414482117 0
1714731261666 0.42333751916885376 0
1714731261708 0.4067259207367897 0
1714731261752 0.4017169438302517 0
1714731261798 0.396008413285017 0
1714731261974 0.3933206982910633 0
1714731262092 0.39270444586873055 0
1714731262204 0.3922602981328964 0
1714731262253 0.39199676737189293 0
1714731262308 0.3918613791465759 0
1714731262360 0.3917250744998455 0
1714731262404 0.3916121684014797 0
1714731262459 0.39147912710905075 0
1714731262535 0.3913528099656105 0
1714731262611 0.3912077620625496 0
