1713521620763 0.6760487966239452 0
1713521620815 0.6403162851929665 0
1713521620868 0.5509187206625938 0
1713521620909 0.4338118340820074 0
1713521620951 0.40031856670975685 0
1713521620992 0.3937640506774187 0
1713521621033 0.3926023244857788 0
1713521621075 0.39219945296645164 0
1713521621117 0.3920536544173956 0
1713521621156 0.3918852601200342 0
1713521621199 0.39173686131834984 0
1713521621240 0.39157709851861 0
1713521621280 0.3913086708635092 0
1713521621323 0.39114541560411453 0
1713521621364 0.3909144941717386 0
1713521621405 0.39065974205732346 0
1713521621446 0.39047097600996494 0
1713521621496 0.39009491726756096 0
1713521621543 0.3899210076779127 0
1713521621585 0.3895805589854717 0
