1713521620771 0.8054162263870239 0
1713521620823 0.8004012107849121 0
1713521620876 0.80842524766922 0
1713521620917 0.8184553384780884 0
1713521620959 0.8365095257759094 0
1713521621000 0.920762300491333 0
1713521621040 0.9448345303535461 0
1713521621083 0.95586758852005 0
1713521621125 0.9739217758178711 0
1713521621164 0.9618856310844421 0
1713521621207 0.9859578609466553 0
1713521621248 1.0371112823486328 0
1713521621288 1.041123390197754 0
1713521621331 1.070210576057434 0
1713521621372 1.090270757675171 0
1713521621413 1.111333966255188 0
1713521621456 1.182547688484192 0
1713521621506 1.173520565032959 0
1713521621550 1.1685055494308472 0
1713521621593 1.2066198587417603 0
