1704449579610 0.7035064771771431 0
1704449579642 0.6965563520789146 0
1704449579674 0.688132993876934 0
1704449579705 0.6752722859382629 0
1704449579736 0.6549030914902687 0
1704449579769 0.6232545897364616 0
1704449579799 0.578304722905159 0
1704449579830 0.5226952619850636 0
1704449579862 0.4662756063044071 0
1704449579893 0.42503146082162857 0
1704449579919 0.40706897154450417 0
1704449579949 0.40199802070856094 0
1704449579986 0.3981092609465122 0
1704449580017 0.39489970728755 0
1704449580047 0.393343273550272 0
1704449580082 0.39271917939186096 0
1704449580127 0.39233052358031273 0
1704449580210 0.3921227678656578 0
1704449580240 0.3919677659869194 0
1704449580272 0.3918530270457268 0
1704449580303 0.39175213128328323 0
1704449580354 0.39168186113238335 0
