1726827288876 0.6783231124281883 0
1726827288915 0.6446062512695789 0
1726827288956 0.5566184297204018 0
1726827288995 0.43631141260266304 0
1726827289035 0.40169801004230976 0
1726827289079 0.39409269765019417 0
1726827289118 0.3927492033690214 0
1726827289158 0.39231221191585064 0
1726827289203 0.39207025058567524 0
1726827289252 0.3919142112135887 0
1726827289293 0.3916956316679716 0
1726827289338 0.3915178533643484 0
1726827289378 0.3912763614207506 0
1726827289420 0.3910353649407625 0
1726827289462 0.3908208031207323 0
1726827289503 0.3905796390026808 0
1726827289545 0.3902627807110548 0
