1696587202145 0.845678985118866 0
1696587202207 0.8518518805503845 0
1696587202268 0.8271604776382446 0
1696587202330 0.797325074672699 0
1696587202390 0.8024691343307495 0
1696587202450 0.8096708059310913 0
1696587202510 0.8137860298156738 0
1696587202570 0.8086419701576233 0
1696587202639 0.7952674627304077 0
1696587202716 0.798353910446167 0
1696587202814 0.8045267462730408 0
1696587202906 0.806584358215332 0
1696587203004 0.8179012537002563 0
1696587203083 0.8220164775848389 0
1696587203169 0.8251028656959534 0
1696587203252 0.8518518805503845 0
1696587203339 0.8631687164306641 0
1696587203406 0.8755143880844116 0
1696587203572 0.8878600597381592 0
1696587203679 0.904321014881134 0
1696587203737 0.9156378507614136 0
1696587203796 0.9207819104194641 0
1696587203855 0.9269547462463379 0
1696587203914 0.9578189253807068 0
1696587203974 0.9629629850387573 0
1696587204034 0.9742798209190369 0
