1696587202139 0.6830736379469594 0
1696587202201 0.6779591229654127 0
1696587202262 0.6711911982105624 0
1696587202324 0.6598164727610927 0
1696587202385 0.640936884187883 0
1696587202444 0.6117346267546376 0
1696587202504 0.5708887980830285 0
1696587202564 0.5221068378417723 0
1696587202632 0.47408027225925076 0
1696587202707 0.4372462457226169 0
1696587202804 0.4149644317165498 0
1696587202897 0.4041148251102817 0
1696587202991 0.3987827906685491 0
1696587203075 0.3962249803927637 0
1696587203159 0.3947402536869049 0
1696587203242 0.393729111840648 0
1696587203333 0.3932775980041873 0
1696587203395 0.3928782324637136 0
1696587203560 0.39262128260827833 0
1696587203673 0.39245189293738336 0
1696587203732 0.39225113103466647 0
1696587203790 0.39219363274112823 0
1696587203849 0.3920486992405307 0
1696587203908 0.3919840810760375 0
1696587203968 0.39190361865105167 0
1696587204028 0.39178132434045115 0
