1730456150414 0.8219178318977356 0
1730456150478 0.805283784866333 0
1730456150540 0.8062622547149658 0
1730456150601 0.8228963017463684 0
1730456150662 0.8454011678695679 0
1730456150724 0.888454020023346 0
1730456150784 0.9491193890571594 0
1730456150845 0.9549902081489563 0
1730456150952 0.9530332684516907 0
1730456151016 0.9559686779975891 0
1730456151200 0.985322892665863 0
1730456151266 1.0019569396972656 0
1730456151478 1.045009732246399 0
1730456151549 1.0655577182769775 0
1730456151611 1.0841487646102905 0
1730456151675 1.0880626440048218 0
1730456151738 1.1232876777648926 0
1730456151799 1.11545991897583 0
1730456151860 1.1409002542495728 0
1730456151920 1.1878669261932373 0
1730456151981 1.1917808055877686 0
1730456152043 1.208414912223816 0
