1731665744395 0.6878674253821373 0
1731665744434 0.6838460341095924 0
1731665744470 0.6795317232608795 0
1731665744513 0.6744453087449074 0
1731665744551 0.6680234223604202 0
1731665744589 0.6595340892672539 0
1731665744637 0.6480378210544586 0
1731665744719 0.6324270963668823 0
1731665744755 0.6115304231643677 0
1731665744789 0.5845438987016678 0
1731665744824 0.5512693896889687 0
1731665744859 0.5137788467109203 0
1731665744894 0.47606949135661125 0
1731665744928 0.44344744831323624 0
1731665744964 0.42022183910012245 0
1731665744999 0.40719301626086235 0
1731665745034 0.4014270640909672 0
1731665745120 0.39885781705379486 0
1731665745160 0.39722495526075363 0
1731665745203 0.3958043083548546 0
1731665745247 0.3947481997311115 0
1731665745291 0.39404289424419403 0
1731665745335 0.3935578353703022 0
1731665745379 0.3931895084679127 0
1731665745424 0.39294610917568207 0
1731665745468 0.39273764938116074 0
1731665745542 0.39259205758571625 0
1731665745576 0.3924747221171856 0
1731665745611 0.3923771418631077 0
1731665745646 0.39228876307606697 0
1731665745683 0.3922230899333954 0
1731665745717 0.3921540826559067 0
1731665745751 0.3921010382473469 0
1731665745786 0.39205004274845123 0
1731665745820 0.3919910527765751 0
1731665745854 0.3919402286410332 0
1731665745889 0.39189621433615685 0
1731665745922 0.3918505907058716 0
1731665745957 0.3918081559240818 0
1731665745991 0.3917520344257355 0
1731665746026 0.3917141556739807 0
1731665746061 0.3916623890399933 0
1731665746096 0.3916168436408043 0
1731665746131 0.3915766775608063 0
1731665746177 0.39153217151761055 0
1731665746217 0.3914816565811634 0
1731665746256 0.39144084230065346 0
1731665746291 0.3913947381079197 0
1731665746327 0.3913528583943844 0
1731665746362 0.3912947438657284 0
1731665746398 0.3912534862756729 0
1731665746435 0.391205869615078 0
1731665746469 0.3911581225693226 0
1731665746503 0.3911127485334873 0
1731665746537 0.39106493815779686 0
1731665746572 0.39101598784327507 0
1731665746607 0.39096636697649956 0
1731665746640 0.39091694727540016 0
1731665746675 0.3908652253448963 0
1731665746736 0.3908078484237194 0
1731665746786 0.39076079428195953 0
1731665746824 0.39071379974484444 0
1731665746885 0.3906557783484459 0
