1731665744406 0.80859375 0
1731665744445 0.81640625 0
1731665744481 0.818359375 0
1731665744523 0.8203125 0
1731665744561 0.8271484375 0
1731665744599 0.8310546875 0
1731665744648 0.8369140625 0
1731665744729 0.8310546875 0
1731665744765 0.8173828125 0
1731665744799 0.8330078125 0
1731665744834 0.826171875 0
1731665744869 0.8076171875 0
1731665744903 0.802734375 0
1731665744938 0.802734375 0
1731665744974 0.7978515625 0
1731665745009 0.80078125 0
1731665745043 0.80078125 0
1731665745131 0.8017578125 0
1731665745173 0.80078125 0
1731665745216 0.8076171875 0
1731665745259 0.8173828125 0
1731665745303 0.8251953125 0
1731665745348 0.8486328125 0
1731665745392 0.8505859375 0
1731665745435 0.861328125 0
1731665745513 0.8857421875 0
1731665745552 0.892578125 0
1731665745586 0.8955078125 0
1731665745620 0.916015625 0
1731665745656 0.92578125 0
1731665745692 0.9306640625 0
1731665745727 0.9306640625 0
1731665745761 0.9375 0
1731665745796 0.953125 0
1731665745830 0.96875 0
1731665745864 0.9697265625 0
1731665745898 0.974609375 0
1731665745932 0.970703125 0
1731665745966 0.98828125 0
1731665746001 0.9853515625 0
1731665746036 0.97265625 0
1731665746071 0.99609375 0
1731665746107 0.9970703125 0
1731665746141 1.0078125 0
1731665746188 1.0009765625 0
1731665746228 1.009765625 0
1731665746266 1.01171875 0
1731665746301 1.0234375 0
1731665746338 1.044921875 0
1731665746372 1.0498046875 0
1731665746409 1.048828125 0
1731665746445 1.044921875 0
1731665746478 1.0537109375 0
1731665746513 1.056640625 0
1731665746547 1.0654296875 0
1731665746582 1.060546875 0
1731665746616 1.08984375 0
1731665746650 1.1025390625 0
1731665746708 1.087890625 0
1731665746750 1.0888671875 0
1731665746797 1.109375 0
1731665746835 1.1083984375 0
1731665746906 1.1298828125 0
