1731060868975 0.6936179548501968 0
1731060869020 0.6864547431468964 0
1731060869071 0.6782366782426834 0
1731060869108 0.6674255952239037 0
1731060869144 0.6519370302557945 0
1731060869178 0.6294263824820518 0
1731060869212 0.5971692651510239 0
1731060869245 0.5542855635285378 0
1731060869279 0.5041209943592548 0
1731060869313 0.4552590176463127 0
1731060869348 0.41913313418626785 0
1731060869382 0.4018128216266632 0
1731060869415 0.39737025648355484 0
1731060869448 0.39607854560017586 0
1731060869483 0.39452292397618294 0
1731060869518 0.3932778425514698 0
1731060869552 0.3927573226392269 0
1731060869586 0.39257488027215004 0
1731060869619 0.3924042657017708 0
1731060869656 0.392317246645689 0
1731060869695 0.3922428674995899 0
1731060869729 0.392186526209116 0
1731060869763 0.39213017746806145 0
1731060869803 0.39209073036909103 0
1731060869838 0.3920414224267006 0
1731060869873 0.3919900022447109 0
1731060869908 0.3919266611337662 0
1731060869943 0.39188072457909584 0
1731060869985 0.391828291118145 0
1731060870024 0.3917778469622135 0
1731060870057 0.39172013476490974 0
1731060870092 0.3916703499853611 0
1731060870125 0.39159059524536133 0
1731060870159 0.3915351927280426 0
1731060870192 0.391467671841383 0
1731060870226 0.3914131037890911 0
