1725617699852 0.818719208240509 0
1725617699942 0.8403940796852112 0
1725617700062 0.9724137783050537 0
1725617700171 1.023645281791687 0
1725617700268 1.0945812463760376 0
1725617700354 1.1133004426956177 0
1725617700443 1.2285714149475098 0
1725617700530 1.3290640115737915 0
1725617700616 1.407881736755371 0
1725617700701 1.498522162437439 0
1725617700785 1.6019704341888428 0
1725617700869 1.7034482955932617 0
1725617700956 1.741871953010559 0
1725617701039 1.8334975242614746 0
1725617701123 1.9310344457626343 0
