1725617699842 0.651073295623064 0
1725617699933 0.44826871156692505 0
1725617700052 0.3947338880971074 0
1725617700161 0.3923209272325039 0
1725617700259 0.39186255261301994 0
1725617700345 0.3914482416585088 0
1725617700434 0.3908419357612729 0
1725617700521 0.39012815803289413 0
1725617700607 0.38942226208746433 0
1725617700692 0.38854929246008396 0
1725617700776 0.3877167599275708 0
1725617700860 0.38652932550758123 0
1725617700947 0.385263386182487 0
1725617701030 0.3839196478947997 0
1725617701114 0.3823199197649956 0
