1711102413207 0.8247734308242798 0
1711102413248 0.8237663507461548 0
1711102413286 0.8378650546073914 0
1711102413323 0.8237663507461548 0
1711102413361 0.8469284772872925 0
1711102413399 0.8368580341339111 0
1711102413435 0.8167170286178589 0
1711102413472 0.808660626411438 0
1711102413510 0.8056395053863525 0
1711102413546 0.8066465258598328 0
1711102413583 0.807653546333313 0
1711102413620 0.8136958479881287 0
1711102413661 0.8781470060348511 0
1711102413699 0.9123867154121399 0
1711102413791 0.9204431176185608 0
1711102413838 0.9375629425048828 0
