1709287964935 0.683144630924348 0
1709287964987 0.5852490375118871 0
1709287965038 0.4160352599236273 0
1709287965088 0.3944460730398855 0
1709287965138 0.3927522743901899 0
1709287965189 0.3924910435753484 0
1709287965240 0.3922454964730047 0
1709287965297 0.3920150610708421 0
1709287965353 0.3918500494572424 0
1709287965408 0.39159367930504585 0
1709287965458 0.39138951416938533 0
1709287965506 0.3912128585000192 0
1709287965556 0.3908970106032587 0
1709287965609 0.39066026095421086 0
1709287965659 0.3903738606360651 0
