1679738937599 0.7801268696784973 0
1679738937793 0.7716701626777649 0
1679738938070 0.7674418687820435 0
1679738938347 0.7875264286994934 0
1679738938624 0.7822409868240356 0
1679738938904 0.8086680769920349 0
1679738939183 0.8012685179710388 0
1679738939509 0.7928118109703064 0
1679738939794 0.8002114295959473 0
1679738940128 0.8382663726806641 0
1679738940412 0.8520084619522095 0
1679738940688 0.9016913175582886 0
1679738941016 0.9069767594337463 0
1679738941299 0.8911204934120178 0
1679738941634 0.8911204934120178 0
1679738941914 0.9164904952049255 0
1679738942199 0.9450317025184631 0
1679738942494 0.9471458792686462 0
1679738942785 0.9492600560188293 0
