1679738937472 0.6866094395518303 0
1679738937666 0.6756524667143822 0
1679738937944 0.661351315677166 0
1679738938221 0.6381580978631973 0
1679738938498 0.5982868298888206 0
1679738938777 0.5388887003064156 0
1679738939057 0.4686206392943859 0
1679738939341 0.41696617379784584 0
1679738939668 0.40255438908934593 0
1679738939949 0.4004596844315529 0
1679738940286 0.3950747847557068 0
1679738940562 0.3931352384388447 0
1679738940846 0.39298566803336143 0
1679738941171 0.392486609518528 0
1679738941464 0.39241885021328926 0
1679738941789 0.39223402738571167 0
1679738942071 0.39215243235230446 0
1679738942367 0.3920622877776623 0
1679738942657 0.39190537855029106 0
