1698401501687 0.8747433423995972 0
1698401501726 0.8552361130714417 0
1698401501796 0.8459959030151367 0
1698401501836 0.8234086036682129 0
1698401501874 0.8254619836807251 0
1698401501910 0.8316221833229065 0
1698401501946 0.8603696227073669 0
1698401501983 0.9004106521606445 0
1698401502019 0.9168378114700317 0
1698401502055 0.9455851912498474 0
1698401502092 0.9620122909545898 0
1698401502128 0.9733059406280518 0
1698401502164 0.9958932399749756 0
1698401502199 1.0164271593093872 0
1698401502234 1.0328541994094849 0
1698401502270 1.0287474393844604 0
1698401502306 1.049281358718872 0
1698401502343 1.0585215091705322 0
1698401502381 1.128336787223816 0
1698401502416 1.138603687286377 0
1698401502451 1.148870587348938 0
1698401502487 1.1755646467208862 0
