1697192000475 0.6896023415029049 0
1697192000517 0.6710693463683128 0
1697192000562 0.6302978806197643 0
1697192000611 0.5485595650970936 0
1697192000664 0.450081754475832 0
1697192000714 0.4065469466149807 0
1697192000757 0.3980887643992901 0
1697192000909 0.39365242421627045 0
1697192000956 0.39261937513947487 0
1697192000991 0.3920355997979641 0
1697192001026 0.3920068722218275 0
1697192001081 0.3917183671146631 0
1697192001172 0.39167679473757744 0
1697192001235 0.39156926050782204 0
1697192001275 0.391328739002347 0
1697192001316 0.39118967577815056 0
1697192001351 0.39101661927998066 0
1697192001391 0.39072559401392937 0
1697192001426 0.3905827198177576 0
1697192001462 0.3905874006450176 0
1697192001496 0.3902575634419918 0
1697192001530 0.3900088183581829 0
1697192001570 0.3899210784584284 0
1697192001609 0.38960342667996883 0
1697192001649 0.38938108645379543 0
1697192001691 0.38913105614483356 0
1697192001726 0.38895696215331554 0
1697192001765 0.3885586131364107 0
