1697192000481 0.8106995820999146 0
1697192000523 0.7911522388458252 0
1697192000568 0.7808641791343689 0
1697192000620 0.7705761194229126 0
1697192000670 0.7726337313652039 0
1697192000720 0.7695473432540894 0
1697192000763 0.8189300298690796 0
1697192000919 0.8713991641998291 0
1697192000961 0.904321014881134 0
1697192000995 0.9495884776115417 0
1697192001031 0.9938271641731262 0
1697192001090 0.9969135522842407 0
1697192001180 0.9866254925727844 0
1697192001243 1.0174896717071533 0
1697192001280 1.0606995820999146 0
1697192001321 1.0720164775848389 0
1697192001356 1.0576131343841553 0
1697192001396 1.1193416118621826 0
1697192001430 1.0956790447235107 0
1697192001467 1.106995940208435 0
1697192001501 1.1872427463531494 0
1697192001535 1.2211934328079224 0
1697192001577 1.2026748657226562 0
1697192001614 1.2355966567993164 0
1697192001655 1.2685185670852661 0
1697192001696 1.2561728954315186 0
1697192001731 1.260288119316101 0
1697192001771 1.3240740299224854 0
