1715336037156 0.793793797492981 0
1715336037228 0.8098098039627075 0
1715336037266 0.7797797918319702 0
1715336037304 0.7897897958755493 0
1715336037340 0.7857857942581177 0
1715336037376 0.7767767906188965 0
1715336037412 0.7627627849578857 0
1715336037448 0.7757757902145386 0
1715336037484 0.759759783744812 0
1715336037519 0.7727727890014648 0
1715336037555 0.7607607841491699 0
1715336037591 0.7587587833404541 0
1715336037630 0.7657657861709595 0
1715336037669 0.7647647857666016 0
1715336037721 0.7657657861709595 0
1715336037767 0.7767767906188965 0
1715336037812 0.7837837934494019 0
1715336037858 0.7897897958755493 0
1715336037901 0.7947947978973389 0
1715336037945 0.8138138055801392 0
1715336037987 0.8238238096237183 0
1715336038023 0.848848819732666 0
1715336038059 0.8508508801460266 0
1715336038095 0.8698698878288269 0
1715336038130 0.8978978991508484 0
1715336038166 0.8858858942985535 0
1715336038202 0.9219219088554382 0
1715336038238 0.9459459185600281 0
1715336038273 0.9299299120903015 0
1715336038311 0.9499499201774597 0
