1691748770303 0.681671991944313 0
1691748770336 0.6653080359101295 0
1691748770368 0.6379788964986801 0
1691748770400 0.5910356119275093 0
1691748770431 0.5219263657927513 0
1691748770463 0.450044471770525 0
1691748770495 0.4122845232486725 0
1691748770527 0.4052663818001747 0
1691748770559 0.3986433148384094 0
1691748770591 0.3937538266181946 0
1691748770623 0.39306261017918587 0
1691748770655 0.39250922948122025 0
1691748770688 0.3921591527760029 0
1691748770719 0.391969483345747 0
1691748770757 0.39186013117432594 0
1691748770793 0.3916414864361286 0
1691748770829 0.39148007333278656 0
1691748770863 0.39137618243694305 0
1691748770897 0.3911926709115505 0
