1681553223448 0.8451001048088074 0
1681553223489 0.8640674352645874 0
1681553223528 0.8788198232650757 0
1681553223567 0.8735511302947998 0
1681553223605 0.8840885162353516 0
1681553223644 0.8714436292648315 0
1681553223684 0.8714436292648315 0
1681553223722 0.8598524928092957 0
1681553223759 0.8587987422943115 0
1681553223797 0.8587987422943115 0
1681553223835 0.8756585717201233 0
1681553223873 0.8851422667503357 0
1681553223911 0.9009483456611633 0
1681553223949 0.9030558466911316 0
1681553223988 0.9083245396614075 0
1681553224026 0.9357218146324158 0
1681553224064 0.9546891450881958 0
1681553224102 0.9578503966331482 0
1681553224139 0.9852476119995117 0
1681553224177 0.9957850575447083 0
1681553224215 0.9947313070297241 0
1681553224252 1.0073761940002441 0
1681553224290 1.0326659679412842 0
1681553224327 1.0421496629714966 0
1681553224366 1.0579557418823242 0
1681553224403 1.0663856267929077 0
1681553224442 1.081138014793396 0
1681553224482 1.093782901763916 0
1681553224523 1.1011590957641602 0
1681553224566 1.1306638717651367 0
1681553224609 1.158061146736145 0
1681553224653 1.1801897287368774 0
1681553224698 1.1928346157073975 0
1681553224741 1.2244467735290527 0
1681553224794 1.282402515411377 0
