1698401504976 0.7854209542274475 0
1698401505005 0.790554404258728 0
1698401505033 0.7885010242462158 0
1698401505063 0.7885010242462158 0
1698401505093 0.7792607545852661 0
1698401505121 0.7792607545852661 0
1698401505151 0.7761806845664978 0
1698401505180 0.77823406457901 0
1698401505208 0.7843942642211914 0
1698401505238 0.7915810942649841 0
1698401505267 0.7854209542274475 0
1698401505295 0.7823408842086792 0
1698401505324 0.7833675742149353 0
1698401505352 0.7854209542274475 0
1698401505381 0.790554404258728 0
1698401505414 0.7802874445915222 0
1698401505442 0.7843942642211914 0
1698401505472 0.7833675742149353 0
1698401505500 0.7843942642211914 0
1698401505528 0.7885010242462158 0
1698401505557 0.7946611642837524 0
1698401505587 0.7967146039009094 0
1698401505615 0.8100615739822388 0
1698401505645 0.826488733291626 0
1698401505673 0.8347022533416748 0
1698401505702 0.8336755633354187 0
1698401505731 0.8429158329963684 0
1698401505758 0.8644763827323914 0
1698401505787 0.8850102424621582 0
1698401505816 0.9034907817840576 0
1698401505844 0.9014373421669006 0
1698401505873 0.9045174717903137 0
1698401505902 0.9024640917778015 0
1698401505929 0.907597541809082 0
1698401505961 0.9055441617965698 0
1698401505994 0.9178645014762878 0
1698401506025 0.9229979515075684 0
1698401506055 0.9271047115325928 0
1698401506083 0.9312114715576172 0
1698401506111 0.9301847815513611 0
1698401506140 0.9394250512123108 0
1698401506169 0.9476386308670044 0
1698401506197 0.9681724905967712 0
1698401506229 0.9640657305717468 0
1698401506259 0.9599589109420776 0
1698401506288 0.9568788409233093 0
1698401506318 0.9794661402702332 0
1698401506346 0.977412760257721 0
1698401506374 0.9897330403327942 0
1698401506402 0.9815195202827454 0
1698401506430 0.9917864203453064 0
1698401506458 1.0051335096359253 0
1698401506486 1.0154004096984863 0
1698401506513 1.0256673097610474 0
1698401506541 1.024640679359436 0
1698401506569 1.0277206897735596 0
1698401506597 1.0236139297485352 0
1698401506626 1.035934329032898 0
