1708683270058 0.6832893639802933 0
1708683270093 0.6789129376411438 0
1708683270129 0.6737553998827934 0
1708683270164 0.6672311946749687 0
1708683270200 0.6586264669895172 0
1708683270235 0.6470142006874084 0
1708683270271 0.6312926858663559 0
1708683270306 0.6102517768740654 0
1708683270341 0.583068884909153 0
1708683270375 0.5500634759664536 0
1708683270409 0.5130302868783474 0
1708683270443 0.47612855210900307 0
1708683270478 0.44407058507204056 0
1708683270512 0.4213511273264885 0
1708683270546 0.40878697857260704 0
1708683270580 0.4026772677898407 0
1708683270614 0.39954646304249763 0
1708683270648 0.3971860334277153 0
1708683270682 0.3955249898135662 0
1708683270716 0.3943699672818184 0
1708683270750 0.39357349276542664 0
1708683270785 0.393132284283638 0
1708683270820 0.39279885590076447 0
1708683270854 0.392637487500906 0
1708683270888 0.3924204707145691 0
1708683270923 0.39234764873981476 0
1708683270959 0.39228620007634163 0
1708683270995 0.3922246880829334 0
1708683271034 0.3921331763267517 0
1708683271070 0.39209261164069176 0
1708683271121 0.39201946929097176 0
1708683271155 0.3919684700667858 0
1708683271190 0.39189475402235985 0
1708683271225 0.3918504975736141 0
1708683271260 0.39185731112957 0
1708683271294 0.3917602114379406 0
