1692958403464 0.7991718649864197 0
1692958403511 0.7888198494911194 0
1692958403557 0.7898550629615784 0
1692958403602 0.8074533939361572 0
1692958403648 0.784679114818573 0
1692958403692 0.7919254899024963 0
1692958403737 0.8136646151542664 0
1692958403782 0.8519668579101562 0
1692958403826 0.9140786528587341 0
1692958403870 0.909937858581543 0
1692958403914 0.9306418299674988 0
1692958403957 0.9409937858581543 0
1692958404001 0.954451322555542 0
1692958404045 0.9399585723876953 0
1692958404089 1.003105640411377 0
1692958404133 0.9855072498321533 0
1692958404177 0.9958592057228088 0
