1692958403459 0.6800198405981064 0
1692958403506 0.6568699292838573 0
1692958403551 0.6106666885316372 0
1692958403597 0.5286370553076267 0
1692958403643 0.4389841426163912 0
1692958403687 0.4027467593550682 0
1692958403731 0.3964933194220066 0
1692958403777 0.3934014067053795 0
1692958403821 0.39279327169060707 0
1692958403865 0.3923896327614784 0
1692958403909 0.39226629585027695 0
1692958403952 0.392152925953269 0
1692958403996 0.3918668031692505 0
1692958404040 0.39167226664721966 0
1692958404084 0.39154124446213245 0
1692958404128 0.3915918730199337 0
1692958404172 0.39113229885697365 0
