1706868800810 0.6868189688651792 0
1706868800900 0.6567565664168327 0
1706868800988 0.5770709610754444 0
1706868801195 0.4528816111626164 0
1706868801287 0.3999298849413472 0
1706868801379 0.39425690616330794 0
1706868801478 0.39284098340618995 0
1706868801577 0.39232482256427886 0
1706868801668 0.3920832747413266 0
1706868801773 0.39180546902841135 0
1706868802021 0.39166380032416315 0
1706868802122 0.391467587601754 0
1706868802281 0.39129727309749973 0
1706868802535 0.39110802065941597 0
1706868802710 0.39091926524716036 0
