1714731246234 0.8138138055801392 0
1714731246302 0.8328328132629395 0
1714731246370 0.8068068027496338 0
1714731246437 0.8058058023452759 0
1714731246504 0.8028028011322021 0
1714731246570 0.8238238096237183 0
1714731246639 0.8228228092193604 0
1714731246706 0.8468468189239502 0
1714731246774 0.8708708882331848 0
1714731246893 0.913913905620575 0
1714731246963 0.9099099040031433 0
1714731247034 0.9399399161338806 0
1714731247113 0.9409409165382385 0
1714731247379 0.9379379153251648 0
1714731247498 0.9609609842300415 0
1714731247612 1.0170170068740845 0
1714731247737 1.0070070028305054 0
1714731247827 1.0260260105133057 0
1714731247914 1.022022008895874 0
1714731247984 1.0370370149612427 0
1714731248054 1.056056022644043 0
1714731248145 1.0810810327529907 0
1714731248215 1.1221221685409546 0
1714731248283 1.1221221685409546 0
1714731248352 1.152152180671692 0
1714731248421 1.173173189163208 0
1714731248488 1.1751751899719238 0
1714731248556 1.2262262105941772 0
1714731248624 1.229229211807251 0
1714731248692 1.251251220703125 0
