1692353719267 0.7979274392127991 0
1692353719314 0.811398983001709 0
1692353719349 0.8010362982749939 0
1692353719384 0.8093264102935791 0
1692353719418 0.8176165819168091 0
1692353719451 0.8165802955627441 0
1692353719485 0.8082901835441589 0
1692353719558 0.8476684093475342 0
1692353719596 0.9295336604118347 0
1692353719631 0.8974093198776245 0
1692353719693 0.9253885746002197 0
1692353719726 0.9512953162193298 0
1692353719780 0.9720207452774048 0
1692353719834 1.015544056892395 0
1692353719884 1.0331605672836304 0
1692353719957 1.0756477117538452 0
