1731060871553 0.8367546200752258 0
1731060871615 0.8230693936347961 0
1731060871674 0.7810361385345459 0
1731060871730 0.7956989407539368 0
1731060871786 0.8279569745063782 0
1731060871843 0.8631476163864136 0
1731060871900 0.9374389052391052 0
1731060871956 0.9853372573852539 0
1731060872011 0.9814271926879883 0
1731060872067 1.026392936706543 0
1731060872122 1.0351905822753906 0
1731060872177 1.0547409057617188 0
1731060872232 1.0840665102005005 0
1731060872287 1.0957967042922974 0
1731060872343 1.0967742204666138 0
1731060872412 1.1436949968338013 0
1731060872470 1.1280547380447388 0
1731060872529 1.2013685703277588 0
1731060872587 1.2297165393829346 0
1731060872644 1.2346041202545166 0
1731060872699 1.261974573135376 0
