1699006376631 0.690758845498485 0
1699006376673 0.6635161503668754 0
1699006376715 0.5987059416309479 0
1699006376758 0.5039516543188403 0
1699006376802 0.4340412982048527 0
1699006376845 0.4081137276464893 0
1699006376887 0.3991491554244872 0
1699006376928 0.3954426876960262 0
1699006376969 0.3935892255075516 0
1699006377018 0.3927104521182276 0
1699006377166 0.3922397792339325 0
1699006377212 0.39194741460584825 0
1699006377254 0.39175165468646633 0
1699006377345 0.3916205658066657 0
1699006377436 0.3913807272911072 0
1699006377478 0.39124445376857636 0
1699006377524 0.3911121622208626 0
1699006377565 0.3908991602159316 0
1699006377608 0.39080137879617755 0
1699006377704 0.3905944468513612 0
1699006377749 0.3903684616088867 0
1699006377936 0.39016667489082585 0
