1699006376636 0.7897436022758484 0
1699006376678 0.7938461303710938 0
1699006376720 0.8041025400161743 0
1699006376764 0.8225641250610352 0
1699006376807 0.8225641250610352 0
1699006376850 0.8102564215660095 0
1699006376892 0.8246153593063354 0
1699006376933 0.8399999737739563 0
1699006376974 0.8430769443511963 0
1699006377023 0.8799999952316284 0
1699006377171 0.9179487228393555 0
1699006377217 0.9528205394744873 0
1699006377259 0.9856410026550293 0
1699006377352 0.9928205013275146 0
1699006377441 1.005128264427185 0
1699006377484 1.0399999618530273 0
1699006377529 1.0420513153076172 0
1699006377570 1.0779486894607544 0
1699006377666 1.0861538648605347 0
1699006377710 1.0912820100784302 0
1699006377759 1.1169230937957764 0
1699006377941 1.1282051801681519 0
