1731665748291 0.8017578125 0
1731665748361 0.8173828125 0
1731665748432 0.8291015625 0
1731665748490 0.81640625 0
1731665748550 0.8076171875 0
1731665748610 0.806640625 0
1731665748671 0.806640625 0
1731665748741 0.8349609375 0
1731665748813 0.8466796875 0
1731665748886 0.8759765625 0
1731665748959 0.8916015625 0
1731665749030 0.916015625 0
1731665749108 0.9228515625 0
1731665749184 0.9794921875 0
1731665749255 0.9765625 0
1731665749373 0.994140625 0
1731665749541 0.9990234375 0
1731665749609 1.037109375 0
1731665749683 1.05078125 0
1731665749760 1.078125 0
1731665749922 1.0830078125 0
1731665750007 1.0908203125 0
1731665750088 1.1201171875 0
1731665750170 1.1435546875 0
1731665750248 1.1552734375 0
1731665750420 1.1708984375 0
1731665750495 1.189453125 0
1731665750569 1.20703125 0
1731665750646 1.2392578125 0
1731665750725 1.25 0
1731665750800 1.265625 0
1731665750873 1.3056640625 0
1731665750948 1.318359375 0
1731665751020 1.337890625 0
1731665751083 1.341796875 0
1731665751251 1.376953125 0
1731665751316 1.365234375 0
1731665751385 1.4130859375 0
1731665751460 1.4326171875 0
1731665751536 1.4375 0
1731665751612 1.4443359375 0
1731665751691 1.478515625 0
