1731665748280 0.6975197158753872 0
1731665748345 0.6847417745739222 0
1731665748422 0.6581588052213192 0
1731665748480 0.6023126449435949 0
1731665748540 0.516698001883924 0
1731665748599 0.4413834111765027 0
1731665748660 0.408604197204113 0
1731665748730 0.3991949027404189 0
1731665748801 0.3955784644931555 0
1731665748874 0.39388745930045843 0
1731665748948 0.393008996732533 0
1731665749017 0.3925343342125416 0
1731665749094 0.39223022665828466 0
1731665749172 0.3920349031686783 0
1731665749242 0.3918738681823015 0
1731665749359 0.391734859906137 0
1731665749529 0.391613258048892 0
1731665749598 0.3914658213034272 0
1731665749670 0.39131222758442163 0
1731665749747 0.39120708778500557 0
1731665749906 0.3910764316096902 0
1731665749994 0.39091129042208195 0
1731665750074 0.3907996788620949 0
1731665750156 0.3906172411516309 0
1731665750235 0.3904547272250056 0
1731665750407 0.39036852307617664 0
1731665750483 0.3901515854522586 0
1731665750556 0.38998980540782213 0
1731665750633 0.3898324891924858 0
1731665750712 0.3896568864583969 0
1731665750787 0.3894509766250849 0
1731665750861 0.3892763387411833 0
1731665750935 0.3890911936759949 0
1731665751010 0.3888876847922802 0
1731665751072 0.388684474863112 0
1731665751237 0.38848353642970324 0
1731665751306 0.388272468931973 0
1731665751373 0.38804070465266705 0
1731665751447 0.3877964485436678 0
1731665751523 0.38759054988622665 0
1731665751599 0.3873343411833048 0
1731665751677 0.3870485043153167 0
