1699611130404 0.7704917788505554 0
1699611130426 0.7827869057655334 0
1699611130449 0.7950819730758667 0
1699611130471 0.7991803288459778 0
1699611130494 0.7981557250022888 0
1699611130516 0.7827869057655334 0
1699611130537 0.7684426307678223 0
1699611130559 0.7633196711540222 0
1699611130580 0.7807376980781555 0
1699611130602 0.811475396156311 0
1699611130624 0.806352436542511 0
1699611130646 0.8032786846160889 0
1699611130668 0.7971311211585999 0
1699611130694 0.8022540807723999 0
1699611130716 0.8053278923034668 0
1699611130738 0.8053278923034668 0
1699611130760 0.8104507923126221 0
1699611130782 0.8237704634666443 0
1699611130807 0.8360655903816223 0
1699611130832 0.8514344096183777 0
1699611130855 0.8678278923034668 0
1699611130879 0.8565573692321777 0
1699611130902 0.8565573692321777 0
1699611130926 0.881147563457489 0
1699611130948 0.9067623019218445 0
1699611130970 0.9118852615356445 0
1699611130992 0.9262295365333557 0
1699611131014 0.9375 0
1699611131036 0.936475396156311 0
1699611131059 0.938524603843689 0
1699611131083 0.9354507923126221 0
1699611131109 0.9559426307678223 0
1699611131131 0.9661885499954224 0
1699611131153 0.9692623019218445 0
1699611131175 0.9692623019218445 0
1699611131197 0.9805327653884888 0
1699611131221 0.9754098653793335 0
1699611131244 0.9805327653884888 0
1699611131268 0.9907786846160889 0
1699611131290 1.011270523071289 0
1699611131313 1.0245901346206665 0
1699611131337 1.0286885499954224 0
1699611131361 1.0071721076965332 0
1699611131384 1.0194672346115112 0
