1714126397149 0.6960632801055908 0
1714126397180 0.6919939443469048 0
1714126397208 0.6877331957221031 0
1714126397238 0.6827817335724831 0
1714126397313 0.6765592098236084 0
1714126397389 0.6684923321008682 0
1714126397447 0.6578815132379532 0
1714126397475 0.6446163058280945 0
1714126397504 0.6284847855567932 0
1714126397531 0.60945063829422 0
1714126397559 0.5878403559327126 0
1714126397586 0.5640135705471039 0
1714126397644 0.53877092897892 0
1714126397714 0.513111799955368 0
1714126397882 0.4878726452589035 0
1714126397914 0.46483050659298897 0
1714126397946 0.4450461082160473 0
1714126397979 0.4294072203338146 0
1714126398118 0.4180685430765152 0
1714126398152 0.41034824028611183 0
1714126398183 0.40525928139686584 0
1714126398215 0.40187524631619453 0
1714126398248 0.399558637291193 0
1714126398278 0.3978348858654499 0
1714126398308 0.3965620957314968 0
1714126398343 0.3955525942146778 0
1714126398374 0.3947969600558281 0
1714126398409 0.3941335454583168 0
1714126398436 0.39366399496793747 0
1714126398503 0.39326921105384827 0
1714126398542 0.39297107979655266 0
1714126398580 0.3927535451948643 0
1714126398622 0.3925292119383812 0
1714126398742 0.39237529411911964 0
1714126398780 0.3922719992697239 0
1714126398810 0.39212727919220924 0
1714126399089 0.3920428678393364 0
1714126399132 0.3919615112245083 0
1714126399163 0.3918728195130825 0
1714126399196 0.3918212540447712 0
1714126399226 0.39174747094511986 0
1714126399261 0.39168768376111984 0
1714126399290 0.3916369080543518 0
1714126399319 0.3915693536400795 0
1714126399351 0.39153575897216797 0
1714126399431 0.391454242169857 0
1714126399560 0.39142848551273346 0
1714126399618 0.391357209533453 0
1714126399687 0.39129747822880745 0
1714126399716 0.3912465050816536 0
1714126399748 0.3912023492157459 0
1714126399777 0.391152024269104 0
1714126399809 0.3910847492516041 0
1714126399840 0.39105210825800896 0
1714126399868 0.39096109196543694 0
1714126399903 0.3909401446580887 0
1714126399934 0.3908849395811558 0
1714126399970 0.39080116525292397 0
1714126400048 0.3907499425113201 0
1714126400090 0.3906811736524105 0
1714126400128 0.39062535390257835 0
1714126400159 0.3905610106885433 0
1714126400190 0.3904979042708874 0
1714126400223 0.3904416449368 0
1714126400348 0.3903821296989918 0
1714126400494 0.39030569419264793 0
1714126400520 0.39025000110268593 0
1714126400548 0.3901671878993511 0
1714126400575 0.39008961245417595 0
1714126400602 0.3900330737233162 0
1714126400630 0.38995881751179695 0
1714126400660 0.38986820727586746 0
1714126400693 0.3898189701139927 0
1714126400722 0.38974007964134216 0
1714126400756 0.3896821141242981 0
1714126400790 0.38957180082798004 0
1714126400827 0.3895012177526951 0
