1708683267709 0.8333333134651184 0
1708683267770 0.8323232531547546 0
1708683267820 0.8282828330993652 0
1708683267868 0.8181818127632141 0
1708683267917 0.8353535532951355 0
1708683267977 0.8030303120613098 0
1708683268023 0.8030303120613098 0
1708683268068 0.8616161346435547 0
1708683268113 0.9070706963539124 0
1708683268158 0.9232323169708252 0
1708683268203 0.9494949579238892 0
1708683268248 0.9454545378684998 0
1708683268293 0.9646464586257935 0
1708683268342 0.9909090995788574 0
1708683268391 0.9909090995788574 0
1708683268438 1.0070706605911255 0
1708683268483 1.0323232412338257 0
1708683268527 1.0555555820465088 0
1708683268571 1.0616161823272705 0
1708683268615 1.0747474431991577 0
1708683268660 1.1030303239822388 0
1708683268705 1.1484848260879517 0
1708683268750 1.1727272272109985 0
1708683268795 1.1777777671813965 0
1708683268840 1.2060606479644775 0
1708683268885 1.2262625694274902 0
1708683268932 1.2191919088363647 0
1708683268980 1.2989898920059204 0
1708683269028 1.3282828330993652 0
1708683269082 1.339393973350525 0
1708683269127 1.381818175315857 0
1708683269172 1.408080816268921 0
1708683269218 1.4424242973327637 0
1708683269263 1.4969696998596191 0
1708683269308 1.4939393997192383 0
1708683269352 1.5575757026672363 0
1708683269397 1.6252524852752686 0
1708683269442 1.660606026649475 0
1708683269517 1.686868667602539 0
1708683269563 1.7272727489471436 0
1708683269611 1.7282828092575073 0
1708683269658 1.7808080911636353 0
1708683269705 1.8050504922866821 0
1708683269750 1.829292893409729 0
1708683269794 1.862626314163208 0
1708683269839 1.9151514768600464 0
1708683269882 1.9444444179534912 0
1708683269926 1.9393939971923828 0
1708683269971 1.9676767587661743 0
