1711102408821 0.7925478219985962 0
1711102409051 0.826787531375885 0
1711102409135 0.8398791551589966 0
1711102409190 0.8348439335823059 0
1711102409332 0.8318227529525757 0
1711102409565 0.8388720750808716 0
1711102409635 0.8912386894226074 0
1711102409683 0.9164149165153503 0
1711102409764 0.9194360375404358 0
1711102409870 0.9274924397468567 0
1711102409921 0.9486404657363892 0
1711102410031 0.9677743911743164 0
1711102410232 0.9758307933807373 0
1711102410285 0.9869083762168884 0
1711102410336 0.9808660745620728 0
1711102410396 0.9979858994483948 0
1711102410451 1.0120846033096313 0
1711102410511 1.0322256088256836 0
1711102410562 1.0483384132385254 0
1711102410672 1.0402820110321045 0
1711102410755 1.0745216608047485 0
1711102410809 1.0755287408828735 0
1711102410887 1.1178247928619385 0
1711102410949 1.1107754707336426 0
1711102410999 1.148036241531372 0
1711102411049 1.1540786027908325 0
1711102411097 1.1460222005844116 0
