1721384017514 0.7470238208770752 0
1721384017553 0.7509920597076416 0
1721384017592 0.7579365372657776 0
1721384017630 0.745039701461792 0
1721384017669 0.7321428656578064 0
1721384017707 0.7460317611694336 0
1721384017745 0.766865074634552 0
1721384017782 0.8650793433189392 0
1721384017820 0.9226190447807312 0
1721384017857 0.9394841194152832 0
1721384017894 0.9394841194152832 0
1721384017932 0.9702380895614624 0
1721384017970 0.9751983880996704 0
1721384018007 0.9890872836112976 0
1721384018045 0.9980158805847168 0
1721384018083 1.0267857313156128 0
1721384018120 1.033730149269104 0
