1721384017506 0.684671226888895 0
1721384017546 0.6561918891966343 0
1721384017584 0.5963950306177139 0
1721384017623 0.5002636034041643 0
1721384017661 0.42345126904547215 0
1721384017699 0.40328318625688553 0
1721384017737 0.39661566726863384 0
1721384017775 0.39383101277053356 0
1721384017812 0.3928933870047331 0
1721384017850 0.3924564849585295 0
1721384017887 0.39218337647616863 0
1721384017924 0.39203126169741154 0
1721384017962 0.39190250635147095 0
1721384018000 0.3918161541223526 0
1721384018038 0.39160703867673874 0
1721384018075 0.391493896022439 0
1721384018112 0.39136576279997826 0
