1724408131262 0.680422093719244 0
1724408131311 0.6737044230103493 0
1724408131359 0.6647274866700172 0
1724408131406 0.6507191173732281 0
1724408131453 0.6286095753312111 0
1724408131500 0.5962140187621117 0
1724408131548 0.5538576543331146 0
1724408131595 0.5070620253682137 0
1724408131642 0.465414322912693 0
1724408131788 0.43559342436492443 0
1724408131917 0.4180375561118126 0
1724408132020 0.40838868357241154 0
1724408132068 0.40287269465625286 0
1724408132114 0.3992429208010435 0
1724408132201 0.3969044517725706 0
1724408132325 0.39527270197868347 0
1724408132405 0.3941673915833235 0
1724408132453 0.393430570140481 0
1724408132501 0.39288269728422165 0
1724408132551 0.39250542782247066 0
1724408132599 0.3922183196991682 0
1724408132666 0.3919832203537226 0
1724408132773 0.39183945767581463 0
1724408132836 0.3916931562125683 0
1724408132908 0.39155091531574726 0
1724408132991 0.3914297018200159 0
1724408133175 0.3913431912660599 0
1724408133300 0.3912252578884363 0
1724408133363 0.3911089561879635 0
1724408133448 0.3910039830952883 0
1724408133932 0.39091213047504425 0
1724408134063 0.3907882757484913 0
1724408134339 0.39067215844988823 0
1724408134398 0.39058659970760345 0
1724408134628 0.39044023863971233 0
1724408135109 0.3903147280216217 0
1724408135463 0.39019469916820526 0
