1702030299144 0.8142856955528259 0
1702030299218 0.8122448921203613 0
1702030299286 0.813265323638916 0
1702030299349 0.9255102276802063 0
1702030299508 0.954081654548645 0
1702030299591 1.0295917987823486 0
1702030299688 1.0153061151504517 0
1702030299763 1.0765305757522583 0
1702030299840 1.1387754678726196 0
1702030299905 1.1561224460601807 0
1702030299992 1.1918367147445679 0
1702030300072 1.2234693765640259 0
1702030300134 1.298979640007019 0
1702030300190 1.3714286088943481 0
1702030300254 1.4520407915115356 0
1702030300313 1.4989795684814453 0
1702030300375 1.5438776016235352 0
1702030300436 1.6306122541427612 0
1702030300490 1.6918367147445679 0
1702030300547 1.7255102396011353 0
