1706263961874 0.6875782236456871 0
1706263961923 0.6830303072929382 0
1706263961973 0.678133599460125 0
1706263962021 0.672242060303688 0
1706263962069 0.6646469086408615 0
1706263962117 0.6543211489915848 0
1706263962164 0.6404204070568085 0
1706263962212 0.6216142922639847 0
1706263962260 0.5973595902323723 0
1706263962305 0.5671526417136192 0
1706263962352 0.532729260623455 0
1706263962400 0.49657394737005234 0
1706263962447 0.4625464789569378 0
1706263962493 0.43480774760246277 0
1706263962539 0.4156515933573246 0
1706263962586 0.40473586693406105 0
1706263962633 0.39953843876719475 0
1706263962679 0.3969277925789356 0
1706263962725 0.39542287960648537 0
1706263962772 0.39428508654236794 0
1706263962820 0.3933924697339535 0
1706263962868 0.3928462639451027 0
1706263962915 0.3924977779388428 0
1706263962961 0.39229046925902367 0
1706263963010 0.39215676486492157 0
1706263963057 0.39196256175637245 0
1706263963104 0.3919311352074146 0
1706263963151 0.39181918650865555 0
1706263963199 0.39177022501826286 0
1706263963245 0.39171891659498215 0
1706263963292 0.391602523624897 0
1706263963338 0.39156758412718773 0
