1680948422867 0.7985231876373291 0
1680948422902 0.8101266026496887 0
1680948422937 0.8185654282569885 0
1680948422971 0.8122363090515137 0
1680948423005 0.8090717196464539 0
1680948423038 0.8069620132446289 0
1680948423079 0.800632894039154 0
1680948423113 0.8016877770423889 0
1680948423148 0.7964134812355042 0
1680948423183 0.7858649492263794 0
1680948423218 0.7890295386314392 0
1680948423252 0.7953586578369141 0
1680948423289 0.7932489514350891 0
1680948423322 0.7932489514350891 0
1680948423357 0.7827004194259644 0
1680948423391 0.7879746556282043 0
1680948423425 0.799578070640564 0
1680948423458 0.7763713002204895 0
1680948423492 0.7858649492263794 0
1680948423526 0.7795358896255493 0
1680948423560 0.7827004194259644 0
1680948423594 0.7879746556282043 0
1680948423627 0.7879746556282043 0
1680948423661 0.7890295386314392 0
1680948423694 0.7879746556282043 0
1680948423728 0.7879746556282043 0
1680948423760 0.7869198322296143 0
1680948423793 0.7869198322296143 0
1680948423828 0.7869198322296143 0
1680948423862 0.7879746556282043 0
1680948423897 0.7879746556282043 0
1680948423931 0.7869198322296143 0
1680948423965 0.7879746556282043 0
1680948424004 0.7879746556282043 0
1680948424038 0.7869198322296143 0
1680948424072 0.7879746556282043 0
1680948424107 0.7869198322296143 0
1680948424141 0.7869198322296143 0
1680948424175 0.7879746556282043 0
1680948424209 0.7827004194259644 0
1680948424243 0.7816455960273743 0
1680948424277 0.7837553024291992 0
1680948424312 0.7837553024291992 0
1680948424347 0.7816455960273743 0
1680948424381 0.7879746556282043 0
1680948424416 0.7943037748336792 0
1680948424450 0.8080168962478638 0
1680948424484 0.8164557218551636 0
1680948424522 0.8132911324501038 0
1680948424557 0.8185654282569885 0
1680948424592 0.8375527262687683 0
1680948424627 0.8544303774833679 0
1680948424661 0.8597046136856079 0
1680948424694 0.8755274415016174 0
