1702030296635 0.8112244606018066 0
1702030296703 0.8295918107032776 0
1702030296796 0.8438775539398193 0
1702030296839 0.8061224222183228 0
1702030296880 0.7877551317214966 0
1702030296917 0.8030612468719482 0
1702030296958 0.8081632852554321 0
1702030297004 0.8367347121238708 0
1702030297107 0.9326530694961548 0
1702030297160 0.9469387531280518 0
1702030297197 0.9591836929321289 0
1702030297230 0.9897959232330322 0
1702030297262 1.0010204315185547 0
1702030297402 0.9806122183799744 0
1702030297448 1.0163265466690063 0
1702030297487 1.0295917987823486 0
1702030297567 1.0673469305038452 0
1702030297652 1.0826530456542969 0
