1718359994698 0.6934908777475357 0
1718359994745 0.67931854352355 0
1718359994788 0.6542328521609306 0
1718359994833 0.6065595932304859 0
1718359994882 0.5316929556429386 0
1718359994924 0.4526749402284622 0
1718359995312 0.41007116809487343 0
1718359995357 0.399513129144907 0
1718359995404 0.3955494724214077 0
1718359995450 0.3934772927314043 0
1718359995494 0.39263741485774517 0
1718359995543 0.392201766371727 0
1718359995589 0.39197874814271927 0
1718359995634 0.391792805865407 0
1718359995679 0.3916907664388418 0
1718359995874 0.39148420095443726 0
1718359995927 0.3913441952317953 0
1718359995969 0.3912274185568094 0
1718359996011 0.3910642974078655 0
1718359996056 0.39089618995785713 0
1718359996100 0.3907812051475048 0
