1711707200701 0.6852675974369049 0
1711707200735 0.6691267006099224 0
1711707200772 0.6435751132667065 0
1711707200806 0.6008136011660099 0
1711707200840 0.5405688770115376 0
1711707200876 0.4759928919374943 0
1711707200910 0.4288243632763624 0
1711707200945 0.40752059780061245 0
1711707200978 0.3996889665722847 0
1711707201012 0.3959615360945463 0
1711707201046 0.3939790353178978 0
1711707201080 0.3930406793951988 0
1711707201118 0.39249370619654655 0
1711707201159 0.3922440614551306 0
1711707201201 0.39208211563527584 0
1711707201243 0.39195289090275764 0
1711707201282 0.39183788001537323 0
1711707201319 0.39173721335828304 0
1711707201352 0.39163623936474323 0
