1686910453475 0.6811086217562358 0
1686910453579 0.6565922300020853 0
1686910453788 0.5974529186884562 0
1686910453852 0.48878820141156515 0
1686910453906 0.4073132197062174 0
1686910453960 0.3972157080968221 0
1686910454015 0.39297314286231994 0
1686910454104 0.39227892955144245 0
1686910454240 0.39188974499702456 0
1686910454329 0.39168958067893983 0
1686910454393 0.39149224360783896 0
1686910454449 0.391302490234375 0
1686910454530 0.3910338660081228 0
1686910454586 0.39077942371368407 0
1686910454640 0.3905140459537506 0
1686910454695 0.39026872714360555 0
1686910454766 0.3900368928909302 0
1686910454821 0.3897214432557424 0
1686910454875 0.3894323805967967 0
1686910454930 0.3891210397084554 0
1686910454987 0.38877790570259096 0
1686910455041 0.38851911425590513 0
