1706263955206 0.8215010166168213 0
1706263955255 0.8052738308906555 0
1706263955350 0.7910750508308411 0
1706263955398 0.7849898338317871 0
1706263955445 0.7768762707710266 0
1706263955494 0.7647058963775635 0
1706263955540 0.912778913974762 0
1706263955588 0.9371196627616882 0
1706263955636 0.9908722043037415 0
1706263955683 1.0253549814224243 0
1706263955731 1.046653151512146 0
1706263955777 1.081135869026184 0
1706263955824 1.0415821075439453 0
1706263955871 1.1328600645065308 0
1706263955919 1.1602433919906616 0
1706263955965 1.1632859706878662 0
1706263956013 1.2261663675308228 0
1706263956061 1.2281947135925293 0
1706263956107 1.298174500465393 0
1706263956154 1.3164299726486206 0
1706263956199 1.3569979667663574 0
1706263956247 1.377281904220581 0
1706263956294 1.3914806842803955 0
1706263956341 1.4442191123962402 0
