1703239991477 0.687956091016531 0
1703239991544 0.6705847233533859 0
1703239991606 0.6395746096968651 0
1703239991669 0.5782401189208031 0
1703239991728 0.491633877158165 0
1703239991792 0.42926120571792126 0
1703239991855 0.4069522488862276 0
1703239991919 0.39878784865140915 0
1703239991984 0.3947798926383257 0
1703239992055 0.3930267170071602 0
1703239992119 0.39256596378982067 0
1703239992183 0.392168540507555 0
1703239992242 0.39193265698850155 0
1703239992362 0.3916736152023077 0
1703239992488 0.39159413427114487 0
1703239992557 0.39136479794979095 0
1703239992653 0.3912186548113823 0
1703239992699 0.39110857620835304 0
1703239992751 0.39084132574498653 0
1703239992803 0.39066250436007977 0
