1726827296626 0.8367748260498047 0
1726827296734 0.8308750987052917 0
1726827296836 0.8308750987052917 0
1726827296923 0.8318583965301514 0
1726827296958 0.8466076850891113 0
1726827296989 0.8289085626602173 0
1726827297022 0.8259587287902832 0
1726827297059 0.8249754309654236 0
1726827297172 0.823992133140564 0
1726827297243 0.8259587287902832 0
1726827297314 0.8259587287902832 0
1726827297346 0.8318583965301514 0
1726827297378 0.826941967010498 0
1726827297410 0.8318583965301514 0
1726827297461 0.841691255569458 0
1726827297532 0.8367748260498047 0
1726827297615 0.847590982913971 0
1726827297690 0.8407079577445984 0
1726827297722 0.8495575189590454 0
1726827297754 0.847590982913971 0
1726827297788 0.8574237823486328 0
1726827297826 0.8702064752578735 0
1726827297864 0.886922299861908 0
1726827297902 0.904621422290802 0
1726827297950 0.9213372468948364 0
1726827298039 0.9429695010185242 0
1726827298075 0.9567354917526245 0
1726827298107 0.9577187895774841 0
1726827298139 0.9596853256225586 0
1726827298172 0.9626352190971375 0
1726827298258 0.982300877571106 0
1726827298322 0.9891839027404785 0
1726827298372 0.9882006049156189 0
1726827298428 0.9901671409606934 0
1726827298459 1.0068830251693726 0
1726827298491 1.0098328590393066 0
1726827298523 1.0314650535583496 0
1726827298555 1.0373648405075073 0
1726827298691 1.032448410987854 0
1726827298724 1.051130771636963 0
1726827298756 1.0521140098571777 0
1726827298789 1.0599803924560547 0
1726827298824 1.0757129192352295 0
1726827298860 1.0983284711837769 0
1726827298893 1.089478850364685 0
1726827298925 1.0993117094039917 0
1726827299024 1.1130776405334473 0
1726827299082 1.1317601203918457 0
1726827299114 1.140609622001648 0
1726827299148 1.1474926471710205 0
1726827299180 1.1425762176513672 0
1726827299222 1.1514257192611694 0
1726827299261 1.1671583652496338 0
1726827299297 1.1769911050796509 0
1726827299410 1.2015732526779175 0
1726827299511 1.2143559455871582 0
1726827299570 1.2133727073669434 0
1726827299602 1.2340216636657715 0
1726827299632 1.2379547357559204 0
