1700215953324 0.8403275609016418 0
1700215953349 0.8331627249717712 0
1700215953374 0.8311156630516052 0
1700215953399 0.8188331723213196 0
1700215953423 0.8116683959960938 0
1700215953448 0.8137154579162598 0
1700215953473 0.8075742125511169 0
1700215953497 0.8034800291061401 0
1700215953523 0.8034800291061401 0
1700215953549 0.8024564981460571 0
1700215953576 0.8034800291061401 0
1700215953602 0.8771750330924988 0
1700215953639 0.8761515021324158 0
1700215953664 0.9242579340934753 0
1700215953689 0.937563955783844 0
1700215953714 0.9457523226737976 0
1700215953739 0.9488229155540466 0
1700215953764 0.9651995897293091 0
