1729246595132 0.6821592636406422 0
1729246595173 0.612483873963356 0
1729246595214 0.4653837978839874 0
1729246595256 0.40455131977796555 0
1729246595298 0.39390111342072487 0
1729246595339 0.39249974861741066 0
1729246595382 0.39194062910974026 0
1729246595425 0.39165499433875084 0
1729246595466 0.39142111875116825 0
1729246595511 0.39115707017481327 0
1729246595555 0.39076774567365646 0
1729246595623 0.39057361520826817 0
1729246595670 0.39019270427525043 0
1729246595714 0.3898994978517294 0
1729246595758 0.3894265554845333 0
1729246595804 0.38897547125816345 0
1729246595850 0.38849864713847637 0
1729246595961 0.38790747337043285 0
1729246596004 0.38732835091650486 0
1729246596046 0.3866457734256983 0
1729246596089 0.3857984710484743 0
1729246596131 0.3850065190345049 0
