1686910447823 0.6800710121790569 0
1686910447906 0.6282800157864888 0
1686910447996 0.5238564352194468 0
1686910448083 0.42695205211639403 0
1686910448186 0.403146759668986 0
1686910448300 0.394274495045344 0
1686910448363 0.39257791042327883 0
1686910448433 0.39199802875518797 0
1686910448504 0.39176516731580097 0
1686910448563 0.3914908568064372 0
1686910448623 0.39128247698148094 0
1686910448678 0.3910102367401123 0
1686910448733 0.3907671193281809 0
1686910448777 0.3904086768627167 0
1686910448824 0.3900862574577332 0
1686910448868 0.3897125522295634 0
1686910448952 0.3893320659796397 0
