1710497577187 0.7782257795333862 0
1710497577229 0.7731854915618896 0
1710497577325 0.7782257795333862 0
1710497577376 0.7782257795333862 0
1710497577418 0.78125 0
1710497577466 0.788306474685669 0
1710497577642 0.7832661271095276 0
1710497577731 0.7691532373428345 0
1710497577871 0.757056474685669 0
1710497577965 0.7651209831237793 0
1710497578060 0.7691532373428345 0
1710497578142 0.7782257795333862 0
1710497578238 0.7782257795333862 0
1710497578348 0.7681451439857483 0
1710497578392 0.7600806355476379 0
1710497578437 0.75 0
1710497578485 0.7459677457809448 0
1710497578522 0.78125 0
1710497578558 0.7752016186714172 0
1710497578600 0.7711693644523621 0
1710497578639 0.7752016186714172 0
1710497578673 0.7711693644523621 0
1710497578708 0.7701612710952759 0
1710497578780 0.7701612710952759 0
1710497578872 0.7752016186714172 0
1710497578922 0.7802419066429138 0
1710497578977 0.7822580933570862 0
1710497579161 0.7752016186714172 0
1710497579203 0.7752016186714172 0
1710497579286 0.7671371102333069 0
1710497579547 0.774193525314331 0
1710497579627 0.7792338728904724 0
1710497579793 0.7711693644523621 0
1710497579836 0.7721773982048035 0
1710497579934 0.7620967626571655 0
1710497580085 0.7550403475761414 0
1710497580150 0.7550403475761414 0
1710497580203 0.7530242204666138 0
1710497580310 0.7600806355476379 0
1710497580442 0.7631048560142517 0
1710497580546 0.7631048560142517 0
1710497580655 0.7620967626571655 0
1710497580764 0.7641128897666931 0
1710497580845 0.7590726017951965 0
1710497580967 0.7600806355476379 0
1710497581032 0.7671371102333069 0
1710497581110 0.7671371102333069 0
1710497581149 0.7731854915618896 0
1710497581185 0.7731854915618896 0
1710497581223 0.774193525314331 0
1710497581260 0.7731854915618896 0
1710497581296 0.7721773982048035 0
1710497581329 0.7711693644523621 0
1710497581381 0.7721773982048035 0
1710497581466 0.774193525314331 0
1710497581545 0.7792338728904724 0
1710497581623 0.7852822542190552 0
1710497581656 0.7832661271095276 0
1710497581695 0.7963709831237793 0
1710497581744 0.8044354915618896 0
1710497581841 0.8175403475761414 0
1710497581890 0.8215726017951965 0
1710497581933 0.8336693644523621 0
1710497581967 0.8427419066429138 0
1710497582048 0.850806474685669 0
1710497582136 0.8497983813285828 0
1710497582225 0.8538306355476379 0
1710497582267 0.8629032373428345 0
1710497582308 0.8760080933570862 0
1710497582354 0.8881048560142517 0
1710497582422 0.9032257795333862 0
1710497582468 0.9102822542190552 0
1710497582606 0.9294354915618896 0
1710497582723 0.9455645084381104 0
1710497582768 0.9586693644523621 0
1710497582801 0.9526209831237793 0
1710497582834 0.9566532373428345 0
