1710497577177 0.6885316148400307 0
1710497577220 0.6862482205033302 0
1710497577312 0.6838293522596359 0
1710497577368 0.6815734580159187 0
1710497577406 0.6790612190961838 0
1710497577454 0.676335908472538 0
1710497577629 0.6732171401381493 0
1710497577723 0.6695042103528976 0
1710497577857 0.6651195958256721 0
1710497577953 0.6598825827240944 0
1710497578050 0.6536799147725105 0
1710497578132 0.6466941982507706 0
1710497578228 0.6387212052941322 0
1710497578338 0.6298884078860283 0
1710497578380 0.6204385757446289 0
1710497578424 0.6102273911237717 0
1710497578473 0.5992151200771332 0
1710497578514 0.5877951979637146 0
1710497578550 0.5758694633841515 0
1710497578590 0.5633823946118355 0
1710497578627 0.5505502671003342 0
1710497578665 0.5374623164534569 0
1710497578700 0.5243838056921959 0
1710497578767 0.5114494860172272 0
1710497578859 0.4991046115756035 0
1710497578909 0.4870653785765171 0
1710497578964 0.4760066904127598 0
1710497579111 0.4659368619322777 0
1710497579193 0.456594355404377 0
1710497579272 0.44847628474235535 0
1710497579437 0.441172756254673 0
1710497579619 0.4345952607691288 0
1710497579701 0.4288393072783947 0
1710497579827 0.4240833632647991 0
1710497579918 0.4198034405708313 0
1710497580025 0.41619279608130455 0
1710497580136 0.41312066838145256 0
1710497580190 0.4104621969163418 0
1710497580295 0.4082445912063122 0
1710497580430 0.406404297798872 0
1710497580532 0.4046744704246521 0
1710497580642 0.4032502993941307 0
1710497580750 0.40195920318365097 0
1710497580834 0.40083758160471916 0
1710497580951 0.399836964905262 0
1710497581020 0.3990880846977234 0
1710497581098 0.39831477031111717 0
1710497581141 0.3976104110479355 0
1710497581177 0.3971122018992901 0
1710497581215 0.39654405787587166 0
1710497581251 0.3960523083806038 0
1710497581288 0.3956396020948887 0
1710497581321 0.39521005004644394 0
1710497581361 0.3948640897870064 0
1710497581452 0.3945894092321396 0
1710497581532 0.39432431384921074 0
1710497581612 0.39402731135487556 0
1710497581648 0.39380083978176117 0
1710497581684 0.3935704305768013 0
1710497581732 0.3934290446341038 0
1710497581831 0.39327049627900124 0
1710497581881 0.39312800765037537 0
1710497581922 0.39297356829047203 0
1710497581959 0.3928595185279846 0
1710497582038 0.39274268597364426 0
1710497582125 0.39264927059412 0
1710497582214 0.39256593957543373 0
1710497582258 0.3924695737659931 0
1710497582300 0.39239080250263214 0
1710497582341 0.3923429548740387 0
1710497582409 0.39224008470773697 0
1710497582452 0.3922125995159149 0
1710497582570 0.39214618504047394 0
1710497582714 0.3920959569513798 0
1710497582758 0.39206406101584435 0
1710497582793 0.3919817581772804 0
1710497582826 0.3919435665011406 0
