1681553224875 0.7555321455001831 0
1681553224913 0.7555321455001831 0
1681553224951 0.7502634525299072 0
1681553224989 0.7449947595596313 0
1681553225030 0.7471022009849548 0
1681553225072 0.7660695314407349 0
1681553225114 0.7586933374404907 0
1681553225151 0.7723919749259949 0
1681553225187 0.7597470879554749 0
1681553225222 0.7471022009849548 0
1681553225259 0.7565858960151672 0
1681553225295 0.8198103308677673 0
1681553225331 0.8967334032058716 0
1681553225370 0.9178082346916199 0
1681553225406 0.9367755651473999 0
1681553225441 0.9578503966331482 0
1681553225477 0.97471022605896 0
1681553225512 0.9831401705741882 0
