1718359993468 0.7768924236297607 0
1718359993530 0.8087649345397949 0
1718359993701 0.9083665609359741 0
1718359993765 0.951195240020752 0
1718359993829 0.9701195359230042 0
1718359993890 1.0478087663650513 0
1718359993954 1.107569694519043 0
1718359994028 1.1533864736557007 0
1718359994097 1.194223165512085 0
1718359994159 1.268924355506897 0
1718359994221 1.3864542245864868 0
1718359994282 1.4462151527404785 0
1718359994343 1.5129481554031372 0
1718359994405 1.600597620010376 0
1718359994468 1.6503983736038208 0
1718359994538 1.7250995635986328 0
