1726827286822 0.8023598790168762 0
1726827286861 0.8230088353157043 0
1726827286900 0.809242844581604 0
1726827286941 0.8190757036209106 0
1726827286984 0.8053097128868103 0
1726827287023 0.8033431768417358 0
1726827287063 0.8023598790168762 0
1726827287108 0.8043264746665955 0
1726827287146 0.8161258697509766 0
1726827287182 0.8348082304000854 0
1726827287218 0.8564404845237732 0
1726827287258 0.8682399392127991 0
1726827287295 0.8879055976867676 0
1726827287332 0.9292035102844238 0
1726827287369 0.9183874130249023 0
1726827287405 0.9183874130249023 0
1726827287441 0.9596853256225586 0
1726827287478 0.9705014824867249 0
1726827287514 0.9862340092658997 0
1726827287550 1.0088495016098022 0
1726827287585 1.0049164295196533 0
1726827287620 1.0334316492080688 0
1726827287655 1.0265486240386963 0
1726827287734 1.054080605506897 0
