1722593691077 0.8346534371376038 0
1722593691133 0.8277227878570557 0
1722593691190 0.8237623572349548 0
1722593691269 0.8207920789718628 0
1722593691359 0.8198019862174988 0
1722593691419 0.802970290184021 0
1722593691459 0.804950475692749 0
1722593691497 0.8069307208061218 0
1722593691534 0.804950475692749 0
1722593691572 0.802970290184021 0
1722593691621 0.803960382938385 0
1722593691663 0.800000011920929 0
1722593691700 0.802970290184021 0
1722593691736 0.804950475692749 0
1722593691772 0.800990104675293 0
1722593691808 0.8108910918235779 0
1722593691844 0.815841555595398 0
1722593691879 0.8297029733657837 0
1722593691918 0.8445544838905334 0
1722593691954 0.8722772002220154 0
1722593691994 0.8999999761581421 0
1722593692042 0.9376237392425537 0
1722593692081 0.9821782112121582 0
1722593692119 1.005940556526184 0
