1680948428242 0.6560623049736023 0
1680948428320 0.46540318230787914 0
1680948428401 0.3962068458398183 0
1680948428478 0.39247600038846336 0
1680948428557 0.3919431100289027 0
1680948428634 0.39147187968095143 0
1680948428708 0.3908439328273137 0
1680948428784 0.3902142326037089 0
1680948428859 0.38946460088094076 0
1680948428935 0.3885465095440547 0
1680948429009 0.38783323566118877 0
1680948429085 0.386816543340683 0
1680948429159 0.3855825702349345 0
1680948429233 0.384287828207016 0
1680948429306 0.3829216241836548 0
1680948429380 0.3812233418226242 0
1680948429453 0.3795621772607168 0
