1708078354493 0.6905121691524982 0
1708078354534 0.6879334971308708 0
1708078354575 0.6853612810373306 0
1708078354694 0.6824969537556171 0
1708078354743 0.6791807375848293 0
1708078354779 0.6752183772623539 0
1708078354826 0.6703742705285549 0
1708078354871 0.6641075275838375 0
1708078354919 0.6561127454042435 0
1708078354965 0.6457921676337719 0
1708078355190 0.6325059607625008 0
1708078355331 0.6158289201557636 0
1708078355380 0.5961175262928009 0
1708078355423 0.5737499594688416 0
1708078355469 0.5495613738894463 0
1708078355518 0.5247841514647007 0
1708078355556 0.5004285536706448 0
1708078355595 0.4777685683220625 0
1708078355636 0.45802075043320656 0
1708078355674 0.4417334031313658 0
1708078355722 0.42852293886244297 0
1708078355867 0.4188950303941965 0
1708078355970 0.41201220639050007 0
1708078356020 0.4067795481532812 0
1708078356056 0.40363427624106407 0
1708078356092 0.4011449757963419 0
1708078356127 0.39910912327468395 0
1708078356163 0.3978738822042942 0
1708078356199 0.39667175337672234 0
1708078356269 0.39598087035119534 0
1708078356368 0.3951867036521435 0
1708078356464 0.39462404884397984 0
1708078356502 0.3942572195082903 0
1708078356546 0.39390300773084164 0
1708078356596 0.3935232665389776 0
1708078356637 0.39341604709625244 0
1708078356680 0.39325419254601 0
1708078356779 0.3930230922996998 0
1708078356909 0.39290000684559345 0
1708078357000 0.3928047250956297 0
1708078357076 0.3927055411040783 0
1708078357111 0.39264355041086674 0
1708078357146 0.3925758060067892 0
1708078357181 0.3924851734191179 0
1708078357215 0.3924169335514307 0
1708078357365 0.3924158737063408 0
1708078357470 0.3923436477780342 0
1708078357512 0.39232459105551243 0
1708078357555 0.39231884479522705 0
1708078357591 0.39224592223763466 0
1708078357629 0.3922442067414522 0
1708078357664 0.39215066842734814 0
1708078357699 0.39211636409163475 0
1708078357740 0.39220984652638435 0
1708078357782 0.39222440496087074 0
1708078357824 0.39212981797754765 0
1708078357899 0.39210163801908493 0
1708078358013 0.3920919578522444 0
1708078358153 0.392011197283864 0
1708078358235 0.39201597683131695 0
1708078358281 0.3920124005526304 0
1708078358322 0.39196828939020634 0
1708078358361 0.39189058542251587 0
1708078358400 0.39197747595608234 0
1708078358442 0.3919756803661585 0
1708078358519 0.3919057995080948 0
1708078358632 0.3919341079890728 0
1708078358731 0.39187183789908886 0
1708078358774 0.39184439554810524 0
1708078358827 0.3918339181691408 0
1708078358879 0.39176624454557896 0
1708078358925 0.39175471290946007 0
1708078358969 0.39173256047070026 0
1708078359081 0.3916827477514744 0
1708078359135 0.3916964754462242 0
1708078359188 0.39164918661117554 0
1708078359264 0.3916588667780161 0
