1712916789544 0.8242971897125244 0
1712916789598 0.8283132314682007 0
1712916789693 0.8152610659599304 0
1712916789776 0.7971887588500977 0
1712916789828 0.8554216623306274 0
1712916789883 0.8724899888038635 0
1712916789941 0.8855421543121338 0
1712916790027 0.9297188520431519 0
1712916790138 0.9658634662628174 0
1712916790189 0.9678714871406555 0
1712916790241 0.9889557957649231 0
1712916790295 1.0060241222381592 0
1712916790350 1.0401606559753418 0
1712916790405 1.0702811479568481 0
1712916790459 1.057228922843933 0
1712916790517 1.1244980096817017 0
1712916790575 1.1315261125564575 0
1712916790629 1.1144578456878662 0
1712916790719 1.1716867685317993 0
1712916790780 1.1536144018173218 0
1712916790831 1.1696786880493164 0
