1684491153873 0.6905131191015244 0
1684491153938 0.6838179901242256 0
1684491153994 0.6758071929216385 0
1684491154058 0.6646312922239304 0
1684491154113 0.6478911861777306 0
1684491154162 0.6227602139115334 0
1684491154200 0.586065024137497 0
1684491154240 0.5372629687190056 0
1684491154295 0.48198918253183365 0
1684491154361 0.43367189168930054 0
1684491154414 0.4056040346622467 0
1684491154485 0.39775314927101135 0
1684491154520 0.39699872210621834 0
1684491154554 0.3951905108988285 0
1684491154588 0.39341116324067116 0
1684491154623 0.3929283246397972 0
1684491154667 0.3926822431385517 0
1684491154705 0.3925233259797096 0
1684491154744 0.39239535853266716 0
1684491154852 0.39227116480469704 0
1684491154935 0.39223312214016914 0
1684491155031 0.39210911467671394 0
1684491155093 0.3920247443020344 0
1684491155144 0.39204224571585655 0
1684491155199 0.3918283209204674 0
1684491155261 0.3918050453066826 0
1684491155315 0.3917001634836197 0
