1691143958513 0.6905255952189046 0
1691143958635 0.6789169696069532 0
1691143958766 0.6592892158416009 0
1691143958900 0.6211897596236198 0
1691143959008 0.5574259777222911 0
1691143959066 0.4849153593663246 0
1691143959151 0.4326437654033784 0
1691143959221 0.40914744619400273 0
1691143959280 0.4001149035269214 0
1691143959336 0.39600299539104583 0
1691143959392 0.3945232918185572 0
1691143959448 0.39321466030613067 0
1691143959504 0.39284910790381894 0
1691143959618 0.3924670142512168 0
1691143959676 0.39254826595706327 0
1691143959737 0.3922311750150496 0
1691143959806 0.3923450602639106 0
1691143959897 0.392330038932062 0
1691143960021 0.3921156919771625 0
1691143960215 0.392216746845553 0
1691143960355 0.3918259345716046 0
1691143960470 0.3919572541790624 0
1691143960566 0.39187721283205096 0
1691143960666 0.3918158681161942 0
1691143960855 0.3916706567810428 0
1691143961041 0.391621531017365 0
1691143961179 0.39153549171263174 0
1691143961283 0.3916241565058308 0
1691143961378 0.3915271980147208 0
1691143961487 0.3911571425776328 0
1691143961598 0.3913584111198302 0
1691143961737 0.3911756940426365 0
1691143961897 0.3910156690305279 0
1691143962079 0.3909230703307736 0
1691143962207 0.3910398079502967 0
