1716545632505 0.8191808462142944 0
1716545632537 0.8121877908706665 0
1716545632568 0.8031967878341675 0
1716545632598 0.8331668376922607 0
1716545632630 0.8481518626213074 0
1716545632660 0.8171828389167786 0
1716545632691 0.7922077775001526 0
1716545632721 0.7932068109512329 0
1716545632750 0.7862138152122498 0
1716545632782 0.7842158079147339 0
1716545632813 0.8031967878341675 0
1716545632844 0.8851149082183838 0
1716545632878 0.928071916103363 0
1716545632909 0.9250749349594116 0
1716545632939 0.9440559148788452 0
1716545632969 0.9580419659614563 0
1716545633002 0.9810189604759216 0
1716545633033 0.9790209531784058 0
1716545633063 0.9900099635124207 0
1716545633093 0.9990010261535645 0
1716545633122 1.0139859914779663 0
1716545633152 1.0199800729751587 0
1716545633183 1.0119880437850952 0
1716545633213 1.0299700498580933 0
1716545633243 1.0469530820846558 0
1716545633272 1.0599400997161865 0
1716545633303 1.0409590005874634 0
1716545633333 1.0559440851211548 0
1716545633365 1.075924038887024 0
1716545633397 1.0819181203842163 0
1716545633432 1.1018980741500854 0
1716545633475 1.1068930625915527 0
1716545633510 1.1148850917816162 0
1716545633540 1.1418581008911133 0
1716545633569 1.1178821325302124 0
1716545633599 1.145854115486145 0
1716545633629 1.1578421592712402 0
1716545633659 1.1878122091293335 0
1716545633688 1.1988011598587036 0
1716545633718 1.2017982006072998 0
1716545633749 1.2247751951217651 0
1716545633779 1.2427572011947632 0
1716545633810 1.256743311882019 0
1716545633839 1.2587412595748901 0
1716545633870 1.264735221862793 0
