1688120048085 0.6924977675080299 0
1688120048127 0.6886494979262352 0
1688120048163 0.6843145713210106 0
1688120048202 0.6791948899626732 0
1688120048243 0.6729752197861671 0
1688120048286 0.6654140576720238 0
1688120048328 0.6556840166449547 0
1688120048388 0.6438034921884537 0
1688120048442 0.6294411420822144 0
1688120048494 0.6119776368141174 0
1688120048535 0.5918177515268326 0
1688120048567 0.5690533816814423 0
1688120048596 0.5440933629870415 0
1688120048633 0.518547996878624 0
1688120048673 0.4940046928822994 0
1688120048710 0.47096364572644234 0
1688120048750 0.4503503888845444 0
1688120048788 0.4344513490796089 0
1688120048829 0.4228312633931637 0
1688120048869 0.4146215543150902 0
1688120048912 0.40911515057086945 0
1688120048948 0.4053540267050266 0
1688120048989 0.4026484340429306 0
1688120049027 0.40067196264863014 0
1688120049070 0.39905474334955215 0
1688120049112 0.3979409337043762 0
1688120049154 0.3968755081295967 0
1688120049203 0.39604922384023666 0
1688120049240 0.39530307054519653 0
1688120049270 0.39484135061502457 0
1688120049302 0.3943804241716862 0
1688120049333 0.39405034109950066 0
1688120049361 0.3936298228800297 0
1688120049389 0.39344190433621407 0
1688120049417 0.39320380985736847 0
1688120049445 0.39292965456843376 0
1688120049473 0.3927592486143112 0
1688120049501 0.39257559552788734 0
1688120049528 0.3924977146089077 0
1688120049556 0.39243587851524353 0
1688120049585 0.39228950068354607 0
1688120049613 0.39223573356866837 0
1688120049641 0.39209918677806854 0
1688120049669 0.3920523077249527 0
1688120049698 0.39200712367892265 0
1688120049726 0.3919421285390854 0
1688120049754 0.391925361007452 0
1688120049782 0.39184072241187096 0
1688120049809 0.3918735980987549 0
1688120049837 0.3917306177318096 0
1688120049865 0.39174363389611244 0
1688120049895 0.39167386293411255 0
1688120049923 0.39169178903102875 0
1688120049950 0.39161211252212524 0
1688120049977 0.3915570043027401 0
1688120050005 0.3915000297129154 0
1688120050033 0.39142102003097534 0
1688120050062 0.39144204556941986 0
1688120050089 0.3914378806948662 0
1688120050117 0.3913588486611843 0
1688120050144 0.391260351985693 0
1688120050172 0.39122971147298813 0
1688120050201 0.3911864086985588 0
1688120050230 0.3911162465810776 0
1688120050260 0.39109261706471443 0
1688120050289 0.3909788876771927 0
1688120050319 0.390958558768034 0
1688120050349 0.39094800502061844 0
1688120050437 0.3908744938671589 0
1688120050465 0.3906922973692417 0
1688120050493 0.39079079031944275 0
1688120050523 0.3906457647681236 0
1688120050551 0.39061978459358215 0
1688120050579 0.39056506007909775 0
1688120050608 0.390428364276886 0
1688120050636 0.3904603533446789 0
1688120050666 0.3904320113360882 0
