1688120032656 0.8050051927566528 0
1688120032688 0.7799791693687439 0
1688120032730 0.7841501832008362 0
1688120032786 0.7945776581764221 0
1688120032846 0.7768508791923523 0
1688120032906 0.787278413772583 0
1688120032964 0.7841501832008362 0
1688120033030 0.7716371417045593 0
1688120033084 0.7705943584442139 0
1688120033128 0.7653806209564209 0
1688120033174 0.7653806209564209 0
1688120033214 0.758081316947937 0
1688120033258 0.7643378376960754 0
1688120033300 0.7653806209564209 0
1688120033341 0.758081316947937 0
1688120033383 0.7601668238639832 0
1688120033424 0.7570385932922363 0
1688120033463 0.7612096071243286 0
1688120033504 0.7768508791923523 0
1688120033535 0.8081334829330444 0
1688120033565 0.8331595659255981 0
1688120033595 0.8571428656578064 0
1688120033624 0.8894681930541992 0
1688120033654 0.936392068862915 0
1688120033689 0.9395203590393066 0
1688120033726 0.9447340965270996 0
1688120033760 0.965589165687561 0
1688120033874 1.0198123455047607 0
1688120033933 1.0177267789840698 0
