1722593697119 0.7504950761795044 0
1722593697157 0.7514851689338684 0
1722593697208 0.7504950761795044 0
1722593697251 0.7534653544425964 0
1722593697389 0.7534653544425964 0
1722593698156 0.7485148310661316 0
1722593698364 0.7495049238204956 0
1722593698409 0.7514851689338684 0
1722593698446 0.7455445528030396 0
1722593698487 0.7504950761795044 0
1722593698565 0.7475247383117676 0
1722593698636 0.7465346455574036 0
1722593698707 0.7534653544425964 0
1722593698787 0.7603960633277893 0
1722593698862 0.7623762488365173 0
1722593698910 0.7584158182144165 0
1722593698947 0.7564356327056885 0
1722593698986 0.7524752616882324 0
1722593699024 0.7594059109687805 0
1722593699064 0.7623762488365173 0
1722593699112 0.7623762488365173 0
1722593699160 0.7980198264122009 0
1722593699204 0.802970290184021 0
1722593699257 0.8099009990692139 0
1722593699304 0.8108910918235779 0
1722593699353 0.8079208135604858 0
1722593699402 0.8217821717262268 0
1722593699458 0.8079208135604858 0
1722593699554 0.8138613700866699 0
1722593699745 0.8217821717262268 0
1722593699803 0.8287128806114197 0
1722593699868 0.8356435894966125 0
1722593699947 0.8356435894966125 0
1722593700002 0.8336633443832397 0
1722593700084 0.8356435894966125 0
1722593700144 0.8366336822509766 0
1722593700221 0.8425742387771606 0
1722593700280 0.8465346693992615 0
1722593700384 0.8435643315315247 0
1722593700421 0.8455445766448975 0
1722593700468 0.8534653186798096 0
1722593700520 0.8514851331710815 0
1722593700571 0.8544554710388184 0
1722593700747 0.8534653186798096 0
1722593700880 0.8504950404167175 0
1722593700963 0.8495049476623535 0
1722593701044 0.8425742387771606 0
1722593701111 0.8504950404167175 0
1722593701180 0.8485148549079895 0
1722593701247 0.8485148549079895 0
1722593701319 0.8495049476623535 0
1722593701386 0.8485148549079895 0
1722593701451 0.8475247621536255 0
1722593701529 0.8485148549079895 0
1722593701749 0.8485148549079895 0
1722593701798 0.8455445766448975 0
1722593701835 0.8435643315315247 0
1722593701881 0.8425742387771606 0
1722593701934 0.8445544838905334 0
1722593701976 0.8455445766448975 0
1722593702014 0.8465346693992615 0
1722593702054 0.8445544838905334 0
1722593702090 0.8455445766448975 0
1722593702128 0.8465346693992615 0
1722593702166 0.8465346693992615 0
1722593702209 0.8504950404167175 0
1722593702246 0.8495049476623535 0
1722593702285 0.8485148549079895 0
1722593702333 0.8475247621536255 0
1722593702377 0.8485148549079895 0
1722593702415 0.8495049476623535 0
1722593702453 0.8465346693992615 0
1722593702490 0.8445544838905334 0
1722593702526 0.8455445766448975 0
1722593702566 0.8495049476623535 0
1722593702602 0.8544554710388184 0
1722593702643 0.8574257493019104 0
