1708078375767 0.8038422465324402 0
1708078375817 0.8048533797264099 0
1708078375865 0.7795753479003906 0
1708078375914 0.7613751292228699 0
1708078375961 0.7522750496864319 0
1708078376009 0.7836198210716248 0
1708078376055 0.830131471157074 0
1708078376103 0.9312436580657959 0
1708078376153 0.9352881908416748 0
1708078376202 0.9484327435493469 0
1708078376259 0.9777553081512451 0
1708078376364 1.0111223459243774 0
1708078376426 1.0121334791183472 0
1708078376485 1.0262892246246338 0
1708078376625 1.0515671968460083 0
1708078376751 1.0950454473495483 0
1708078376873 1.1324570178985596 0
1708078376936 1.125379204750061 0
1708078376990 1.152679443359375 0
1708078377052 1.1860464811325073 0
1708078377099 1.2325581312179565 0
1708078377143 1.2881698608398438 0
1708078377182 1.2760363817214966 0
1708078377227 1.3498483896255493 0
1708078377289 1.3569262027740479 0
1708078377342 1.421638011932373 0
1708078377394 1.4752274751663208 0
1708078377610 1.4641051292419434 0
1708078377664 1.6228513717651367 0
1708078377707 1.6329625844955444 0
1708078377746 1.6491405963897705 0
1708078377786 1.6895854473114014 0
