1702030305167 0.6884922459721565 0
1702030305210 0.6690834388136864 0
1702030305250 0.6361336410045624 0
1702030305287 0.578994631767273 0
1702030305343 0.4961685985326767 0
1702030305375 0.4226401075720787 0
1702030305407 0.4025318957865238 0
1702030305441 0.4010636880993843 0
1702030305476 0.3937097229063511 0
1702030305510 0.39284268394112587 0
1702030305543 0.39276959374547005 0
1702030305577 0.3921441212296486 0
1702030305612 0.392066303640604 0
1702030305645 0.3918496407568455 0
1702030305679 0.3916999213397503 0
1702030305712 0.3915640041232109 0
1702030305744 0.39133932814002037 0
1702030305777 0.3912372812628746 0
1702030305810 0.3910682499408722 0
1702030305843 0.3909223936498165 0
1702030305877 0.3908064551651478 0
1702030305917 0.3906344100832939 0
1702030305958 0.39045944809913635 0
1702030305994 0.39028242602944374 0
1702030306033 0.39015060663223267 0
1702030306111 0.38992632925510406 0
1702030306145 0.38974687084555626 0
1702030306178 0.3895554654300213 0
1702030306211 0.3893618956208229 0
1702030306244 0.3890945501625538 0
1702030306279 0.3889920338988304 0
