1681553218970 0.6936671808362007 0
1681553219006 0.6904591172933578 0
1681553219040 0.6869688853621483 0
1681553219075 0.6829235702753067 0
1681553219109 0.6779569312930107 0
1681553219144 0.671762503683567 0
1681553219178 0.6635911241173744 0
1681553219212 0.6529030650854111 0
1681553219247 0.6390055790543556 0
1681553219280 0.621302530169487 0
1681553219314 0.5990567207336426 0
1681553219348 0.5729993581771851 0
1681553219381 0.543228417634964 0
1681553219415 0.5114540569484234 0
1681553219448 0.48013876006007195 0
1681553219481 0.4524107724428177 0
1681553219515 0.429370678961277 0
1681553219549 0.4133426323533058 0
1681553219582 0.4036067947745323 0
1681553219617 0.39852793514728546 0
1681553219650 0.3961988240480423 0
1681553219683 0.395247645676136 0
1681553219716 0.39444782212376595 0
1681553219750 0.39398813247680664 0
1681553219783 0.3934861570596695 0
1681553219816 0.3932342939078808 0
1681553219849 0.3929918520152569 0
1681553219882 0.39284661039710045 0
1681553219914 0.39272139593958855 0
1681553219947 0.3925543949007988 0
