1681553218974 0.7934668064117432 0
1681553219009 0.8092729449272156 0
1681553219044 0.805057942867279 0
1681553219078 0.8177028298377991 0
1681553219112 0.8366701602935791 0
1681553219147 0.822971522808075 0
1681553219181 0.8345627188682556 0
1681553219216 0.835616409778595 0
1681553219250 0.8451001048088074 0
1681553219284 0.8408851623535156 0
1681553219317 0.8366701602935791 0
1681553219351 0.8282402753829956 0
1681553219384 0.8166490793228149 0
1681553219418 0.8029505014419556 0
1681553219451 0.7997892498970032 0
1681553219485 0.8208640813827515 0
1681553219518 0.8282402753829956 0
1681553219552 0.8166490793228149 0
1681553219586 0.8187565803527832 0
1681553219620 0.8429926037788391 0
1681553219653 0.8545837998390198 0
1681553219686 0.8472076058387756 0
1681553219720 0.8577449917793274 0
1681553219753 0.8714436292648315 0
1681553219786 0.8851422667503357 0
1681553219819 0.8714436292648315 0
1681553219852 0.8714436292648315 0
1681553219885 0.8904109597206116 0
1681553219917 0.9146469831466675 0
1681553219950 0.9020020961761475 0
