1717755224678 0.7986041903495789 0
1717755224712 0.7916251420974731 0
1717755224745 0.8025922179222107 0
1717755224778 0.8045862317085266 0
1717755224811 0.8055832386016846 0
1717755224843 0.8225324153900146 0
1717755224876 0.8354935050010681 0
1717755224909 0.8664007782936096 0
1717755224942 0.9032901525497437 0
1717755224975 0.9312064051628113 0
1717755225007 0.9571285843849182 0
1717755225084 0.9760717749595642 0
1717755225119 0.9910269379615784 0
1717755225156 0.9850448369979858 0
1717755225194 1.025922179222107 0
1717755225324 1.039880394935608 0
1717755225378 1.0797606706619263 0
1717755225417 1.0937188863754272 0
1717755225455 1.1036889553070068 0
1717755225525 1.1345962285995483 0
1717755225624 1.1355931758880615 0
1717755225712 1.204386830329895 0
1717755225753 1.228314995765686 0
1717755225789 1.206380844116211 0
1717755225824 1.2193419933319092 0
1717755225864 1.2731804847717285 0
