1717755224671 0.6749218255281448 0
1717755224704 0.6525659449398518 0
1717755224738 0.6024703085422516 0
1717755224770 0.5125938896089792 0
1717755224803 0.43236639723181725 0
1717755224836 0.40519480779767036 0
1717755224869 0.39648967050015926 0
1717755224902 0.39344796165823936 0
1717755224935 0.39264254458248615 0
1717755224968 0.392295153811574 0
1717755225000 0.3921603802591562 0
1717755225033 0.39203319139778614 0
1717755225111 0.39190368354320526 0
1717755225149 0.3917343430221081 0
1717755225185 0.39158114418387413 0
1717755225282 0.39140545576810837 0
1717755225369 0.3911849409341812 0
1717755225409 0.3910200595855713 0
1717755225447 0.39083050936460495 0
1717755225512 0.39061644673347473 0
1717755225615 0.39039958640933037 0
1717755225702 0.39015956223011017 0
1717755225745 0.38989162258803844 0
1717755225781 0.3896363824605942 0
1717755225817 0.3892927058041096 0
1717755225855 0.38907478749752045 0
