1694168010808 0.6823447731233412 0
1694168010872 0.6335472945244082 0
1694168010935 0.49558038192410625 0
1694168010998 0.40213639793857453 0
1694168011111 0.39410003250645054 0
1694168011180 0.3927454140878493 0
1694168011245 0.3925150902040543 0
1694168011308 0.39227873375338895 0
1694168011370 0.3922470000482375 0
1694168011432 0.3919460331240008 0
1694168011495 0.391858103775209 0
1694168011557 0.391606701958564 0
1694168011618 0.3914195635626393 0
1694168011680 0.3911796144900783 0
1694168011742 0.3909871924308039 0
1694168011804 0.3907775523201112 0
1694168011904 0.3905637696866066 0
1694168011999 0.39031262070901934 0
1694168012062 0.3900777716790476 0
1694168012125 0.38973178305933553 0
1694168012188 0.38942444516766456 0
1694168012251 0.3891692132719101 0
1694168012315 0.3888474183697854 0
1694168012381 0.3885769171099509 0
1694168012448 0.3880692489685551 0
1694168012514 0.3877568821753225 0
1694168012581 0.3875233454089011 0
