1694168010813 0.797520637512207 0
1694168010877 0.8109503984451294 0
1694168010940 0.8181818127632141 0
1694168011003 0.8192148804664612 0
1694168011118 0.8873966932296753 0
1694168011185 0.952479362487793 0
1694168011250 0.9380165338516235 0
1694168011313 0.9876033067703247 0
1694168011375 0.9896694421768188 0
1694168011437 1.0051653385162354 0
1694168011500 1.0526859760284424 0
1694168011563 1.0547521114349365 0
1694168011624 1.0805785655975342 0
1694168011686 1.0578511953353882 0
1694168011748 1.0991735458374023 0
1694168011826 1.1219007968902588 0
1694168011911 1.1415289640426636 0
1694168012005 1.20351243019104 0
1694168012067 1.2066115140914917 0
1694168012130 1.2789256572723389 0
1694168012193 1.2644628286361694 0
1694168012257 1.2603305578231812 0
1694168012320 1.344008207321167 0
1694168012387 1.3925620317459106 0
1694168012454 1.375 0
1694168012519 1.3904958963394165 0
1694168012587 1.4380165338516235 0
