1698401500763 0.8090348839759827 0
1698401500800 0.8069815039634705 0
1698401500836 0.8110883235931396 0
1698401500872 0.8018480539321899 0
1698401500908 0.8090348839759827 0
1698401500942 0.8069815039634705 0
1698401500978 0.8018480539321899 0
1698401501013 0.8069815039634705 0
1698401501048 0.802874743938446 0
1698401501084 0.8131417036056519 0
1698401501119 0.8151950836181641 0
1698401501160 0.8531827330589294 0
1698401501197 0.8716632723808289 0
1698401501235 0.9332649111747742 0
1698401501269 0.9722792506217957 0
1698401501305 0.9691991806030273 0
1698401501341 0.9794661402702332 0
1698401501376 0.9815195202827454 0
1698401501410 1.0020533800125122 0
1698401501444 1.0256673097610474 0
1698401501478 1.0297740697860718 0
1698401501512 1.043121099472046 0
1698401501546 1.067761778831482 0
1698401501580 1.057494878768921 0
1698401501614 1.0759754180908203 0
