1708683278937 0.6614303812384605 0
1708683278998 0.5145114585757256 0
1708683279060 0.40676912292838097 0
1708683279123 0.39413012750446796 0
1708683279183 0.39244772493839264 0
1708683279242 0.39178802631795406 0
1708683279302 0.39131666347384453 0
1708683279361 0.39091514609754086 0
1708683279418 0.39052255265414715 0
1708683279476 0.3899651672691107 0
1708683279535 0.3893838729709387 0
1708683279593 0.38860042952001095 0
1708683279655 0.3878829348832369 0
1708683279717 0.3870347999036312 0
1708683279777 0.3859347980469465 0
