1708683278944 0.8191919326782227 0
1708683279005 0.8191919326782227 0
1708683279068 0.8838383555412292 0
1708683279130 0.9383838176727295 0
1708683279190 1.0151515007019043 0
1708683279249 1.0555555820465088 0
1708683279309 1.0818182229995728 0
1708683279368 1.1515151262283325 0
1708683279425 1.1878788471221924 0
1708683279483 1.2353535890579224 0
1708683279542 1.2929292917251587 0
1708683279600 1.4353535175323486 0
1708683279662 1.381818175315857 0
1708683279724 1.5181818008422852 0
1708683279784 1.6343433856964111 0
