1702635375388 0.7940876483917236 0
1702635375840 0.806320071220398 0
1702635376201 0.8154944181442261 0
1702635376566 0.8103975653648376 0
1702635376930 0.8032619953155518 0
1702635377298 0.8103975653648376 0
1702635377680 0.822629988193512 0
1702635378046 0.9001019597053528 0
1702635378408 0.8970438241958618 0
1702635378730 0.9235473871231079 0
1702635379098 0.9429153800010681 0
1702635379519 0.9602446556091309 0
1702635379981 0.9622833728790283 0
1702635380355 0.9551478028297424 0
1702635380726 0.9857288599014282 0
1702635381046 0.9989806413650513 0
