1702635375201 0.687895409522518 0
1702635375709 0.6700834420419508 0
1702635376071 0.6307268661837424 0
1702635376435 0.5467804968357086 0
1702635376799 0.4449391403505879 0
1702635377166 0.4012630860651693 0
1702635377551 0.39494807874002763 0
1702635377916 0.3933834606601346 0
1702635378280 0.3927192428419667 0
1702635378599 0.39242297410964966 0
1702635378968 0.3922113199387827 0
1702635379330 0.3920861194210668 0
1702635379788 0.39192379963013435 0
1702635380220 0.39179286841423283 0
1702635380596 0.39165104300745074 0
1702635380917 0.3915766410289272 0
