1680343636704 0.6838343004385631 0
1680343636761 0.6477894047896068 0
1680343636820 0.566387822230657 0
1680343636878 0.4611652225255966 0
1680343636934 0.4121605485677719 0
1680343636995 0.3992581844329834 0
1680343637053 0.3946622431278229 0
1680343637112 0.39309428135554 0
1680343637169 0.3925226410230001 0
1680343637226 0.3921454280614853 0
1680343637283 0.39202353954315183 0
1680343637339 0.39188159902890524 0
1680343637396 0.3916672348976135 0
1680343637451 0.3914947738250097 0
1680343637506 0.39133871893088024 0
