1694167992964 0.7007068107205052 0
1694167993059 0.6953834045317865 0
1694167993153 0.6893276091544859 0
1694167993252 0.6809101104736328 0
1694167993340 0.6681427398035603 0
1694167993431 0.6478480985087733 0
1694167993523 0.61613505694174 0
1694167993617 0.5731360816186474 0
1694167993709 0.5249551150106615 0
1694167993805 0.48089511067636553 0
1694167993900 0.4473438234098496 0
1694167993989 0.42567558923075277 0
1694167994077 0.41377231863237196 0
1694167994171 0.4066498173821357 0
1694167994265 0.40251943661320594 0
1694167994352 0.39976624808003824 0
1694167994443 0.3980555111362088 0
1694167994541 0.39643841693478243 0
1694167994632 0.39533642030531363 0
1694167994864 0.39470274409940165 0
1694167994957 0.3940475861872396 0
1694167995049 0.3936565556833821 0
1694167995134 0.39339280705298146 0
1694167995206 0.3931999917953245 0
1694167995287 0.39290751949433356 0
1694167995419 0.392829422027834 0
1694167995511 0.39262913792364057 0
1694167995598 0.39252526625510187 0
1694167995690 0.39244178802736346 0
1694167995776 0.3923568466017323 0
