1711707195089 0.8169013857841492 0
1711707195160 0.8370221257209778 0
1711707195223 0.8279678225517273 0
1711707195285 0.8279678225517273 0
1711707195341 0.8480885028839111 0
1711707195399 0.8551307916641235 0
1711707195455 0.8410462737083435 0
1711707195518 0.8541247248649597 0
1711707195570 0.8792756795883179 0
1711707195620 0.9114688038825989 0
1711707195669 0.9205231666564941 0
1711707195718 0.9698188900947571 0
1711707195766 0.9869215488433838 0
1711707195817 1.0 0
1711707195886 1.017102599143982 0
1711707195952 1.0412474870681763 0
1711707196004 1.0402414798736572 0
1711707196054 1.074446678161621 0
1711707196108 1.0885311365127563 0
1711707196159 1.1116700172424316 0
1711707196222 1.153923511505127 0
1711707196300 1.1659959554672241 0
1711707196378 1.1760563850402832 0
1711707196539 1.209255576133728 0
1711707196593 1.2303823232650757 0
1711707196653 1.2424547672271729 0
1711707196731 1.2364184856414795 0
1711707196811 1.2535210847854614 0
1711707196926 1.2655935287475586 0
1711707196984 1.3269617557525635 0
1711707197034 1.3209255933761597 0
1711707197104 1.3581489324569702 0
