1711707195080 0.6946559492498636 0
1711707195148 0.6761738602072 0
1711707195215 0.6330060958862305 0
1711707195274 0.5527709107846022 0
1711707195333 0.4650925910100341 0
1711707195392 0.419788415543735 0
1711707195446 0.40459669288247824 0
1711707195509 0.3985982080921531 0
1711707195563 0.39500941149890423 0
1711707195613 0.39345527067780495 0
1711707195661 0.39265765715390444 0
1711707195711 0.3919197525829077 0
1711707195759 0.39190107583999634 0
1711707195808 0.39157282654196024 0
1711707195877 0.3913302542641759 0
1711707195945 0.39132988173514605 0
1711707195997 0.3911426104605198 0
1711707196046 0.39080530032515526 0
1711707196100 0.3905282123014331 0
1711707196152 0.3906588712707162 0
1711707196211 0.3905133670195937 0
1711707196290 0.39029395300894976 0
1711707196368 0.39016336016356945 0
1711707196532 0.3899876996874809 0
1711707196585 0.38975448068231344 0
1711707196644 0.3896290296688676 0
1711707196722 0.3894864795729518 0
1711707196799 0.38915352895855904 0
1711707196918 0.38901418168097734 0
1711707196977 0.38896414544433355 0
1711707197026 0.3886130005121231 0
1711707197076 0.3882718086242676 0
