1708078360992 0.839231550693512 0
1708078361027 0.8361981511116028 0
1708078361062 0.8442871570587158 0
1708078361097 0.8604651093482971 0
1708078361133 0.8351870775222778 0
1708078361168 0.8361981511116028 0
1708078361204 0.8139534592628479 0
1708078361281 0.8078867793083191 0
1708078361375 0.808897852897644 0
1708078361423 0.8109201192855835 0
1708078361465 0.808897852897644 0
1708078361623 0.8210313320159912 0
1708078361742 0.8584428429603577 0
1708078361789 0.8928210139274597 0
1708078361831 0.9383215308189392 0
1708078361880 0.9373103976249695 0
1708078361924 0.9615773558616638 0
1708078361958 0.9635996222496033 0
1708078362010 0.9544994831085205 0
1708078362149 0.9716885685920715 0
1708078362249 0.9807886481285095 0
1708078362293 1.0 0
1708078362341 0.9939332604408264 0
1708078362382 0.9939332604408264 0
1708078362428 1.0353893041610718 0
