1708078360984 0.6927676424384117 0
1708078361019 0.684229701757431 0
1708078361054 0.6722022891044617 0
1708078361090 0.6528662890195847 0
1708078361125 0.6216806545853615 0
1708078361160 0.575958363711834 0
1708078361197 0.5190682373940945 0
1708078361271 0.4626205153763294 0
1708078361366 0.42194536328315735 0
1708078361411 0.40459276363253593 0
1708078361457 0.3999643586575985 0
1708078361603 0.3969033695757389 0
1708078361732 0.39403413981199265 0
1708078361778 0.3928220644593239 0
1708078361822 0.39253129810094833 0
1708078361869 0.3923353813588619 0
1708078361916 0.39218053594231606 0
1708078361951 0.39207224920392036 0
1708078361994 0.39201219752430916 0
1708078362140 0.3918972983956337 0
1708078362241 0.39177798107266426 0
1708078362281 0.3917214497923851 0
1708078362331 0.3916480280458927 0
1708078362374 0.3915713280439377 0
1708078362417 0.39144496619701385 0
