1702635298925 0.8318042755126953 0
1702635299422 0.8399592041969299 0
1702635299925 0.8246687054634094 0
1702635300429 0.8297655582427979 0
1702635300928 0.8338429927825928 0
1702635301427 0.8389398455619812 0
1702635301888 0.832823634147644 0
1702635302388 0.8216106295585632 0
1702635302882 0.8236493468284607 0
1702635303284 0.8246687054634094 0
1702635303651 0.8236493468284607 0
1702635304015 0.8134556412696838 0
1702635304292 0.8297655582427979 0
1702635304655 0.822629988193512 0
1702635305019 0.8256880640983582 0
1702635305339 0.8379204869270325 0
1702635305659 0.8369011282920837 0
1702635306025 0.8277267813682556 0
1702635306345 0.8124362826347351 0
1702635306713 0.8205912113189697 0
1702635307032 0.8256880640983582 0
1702635307396 0.8205912113189697 0
1702635307716 0.8246687054634094 0
1702635308081 0.8246687054634094 0
1702635308448 0.822629988193512 0
1702635308809 0.8267074227333069 0
1702635309132 0.8297655582427979 0
1702635309494 0.8348624110221863 0
1702635309819 0.8389398455619812 0
1702635310189 0.8430173397064209 0
1702635310552 0.8440366983413696 0
1702635310828 0.8450560569763184 0
1702635311149 0.8460754156112671 0
1702635311468 0.8470947742462158 0
1702635311787 0.8430173397064209 0
1702635312106 0.8440366983413696 0
1702635312425 0.8450560569763184 0
1702635312788 0.8450560569763184 0
1702635313107 0.8470947742462158 0
1702635313428 0.8460754156112671 0
1702635313788 0.8460754156112671 0
1702635314066 0.8511722683906555 0
1702635314385 0.856269121170044 0
1702635314745 0.8654434084892273 0
1702635315026 0.8674821853637695 0
1702635315389 0.8654434084892273 0
1702635315667 0.8623853325843811 0
1702635315984 0.8715596199035645 0
1702635316260 0.8685015439987183 0
1702635316537 0.866462767124176 0
1702635316899 0.8613659739494324 0
1702635317265 0.8685015439987183 0
1702635317588 0.869520902633667 0
1702635317864 0.8756371140480042 0
1702635318225 0.8786951899528503 0
1702635318502 0.8888888955116272 0
1702635318820 0.8929663896560669 0
1702635319138 0.8950051069259644 0
1702635319499 0.8888888955116272 0
1702635319776 0.8980631828308105 0
1702635320052 0.8939857482910156 0
1702635320373 0.9021406769752502 0
1702635320737 0.9092762470245361 0
1702635321105 0.9133537411689758 0
1702635321382 0.9255861639976501 0
1702635321659 0.9317023158073425 0
1702635321937 0.9296635985374451 0
1702635322213 0.932721734046936 0
1702635322490 0.9429153800010681 0
1702635322859 0.9449541568756104 0
1702635323136 0.9520897269248962 0
1702635323497 0.9541284441947937 0
1702635323866 0.9480122327804565 0
1702635324236 0.9592252969741821 0
1702635324862 0.9643221497535706 0
1702635325360 0.9683995842933655 0
1702635325853 0.9734964370727539 0
