1723198557310 0.697776235640049 0
1723198557365 0.6937841400504112 0
1723198557412 0.6893937960267067 0
1723198557457 0.6843643188476562 0
1723198557502 0.6784019693732262 0
1723198557547 0.6712095215916634 0
1723198557593 0.6624986976385117 0
1723198557724 0.6519095450639725 0
1723198557778 0.6391755640506744 0
1723198557900 0.6240197047591209 0
1723198557950 0.6060751155018806 0
1723198558003 0.5853465273976326 0
1723198558151 0.5624996274709702 0
1723198558222 0.5381755754351616 0
1723198558284 0.5136459916830063 0
1723198558341 0.4899846017360687 0
1723198558402 0.4684126265347004 0
1723198558460 0.4500531330704689 0
1723198558518 0.43520501255989075 0
1723198558612 0.4240249805152416 0
1723198558692 0.415979590266943 0
1723198558750 0.41026968136429787 0
1723198558812 0.4061600901186466 0
1723198558895 0.4030974805355072 0
1723198559035 0.4007125273346901 0
1723198559082 0.3988913372159004 0
1723198559127 0.39743485674262047 0
1723198559175 0.39628954604268074 0
1723198559221 0.39537957683205605 0
1723198559268 0.39467720687389374 0
1723198559315 0.3941258303821087 0
1723198559373 0.3936920277774334 0
1723198559429 0.39336784929037094 0
1723198559493 0.3930632509291172 0
1723198559543 0.39285416156053543 0
1723198559601 0.3926680013537407 0
1723198559653 0.3925222232937813 0
1723198559765 0.392413854598999 0
1723198559852 0.39229656383395195 0
1723198559958 0.3922082595527172 0
1723198560009 0.392126839607954 0
1723198560088 0.3920629844069481 0
1723198560161 0.39201509580016136 0
1723198560231 0.3919466584920883 0
1723198560287 0.3919042870402336 0
1723198560347 0.3918638601899147 0
1723198560395 0.3918164595961571 0
1723198560443 0.3917749300599098 0
1723198560488 0.3917362578213215 0
1723198560534 0.391689907759428 0
1723198560588 0.39165347814559937 0
1723198560638 0.39161620289087296 0
1723198560685 0.3915773406624794 0
1723198560730 0.39153990149497986 0
1723198560781 0.3915066123008728 0
1723198560832 0.39146703109145164 0
1723198561024 0.3914233073592186 0
1723198561122 0.3913958817720413 0
1723198561178 0.3913501538336277 0
1723198561227 0.39131131023168564 0
1723198561272 0.3912739120423794 0
1723198561345 0.39125172421336174 0
