1719569677189 0.6940775513648987 0
1719569677239 0.6916899383068085 0
1719569677322 0.6893625780940056 0
1719569677437 0.6869277209043503 0
1719569677551 0.6841027215123177 0
1719569677633 0.6807324886322021 0
1719569677695 0.6765348389744759 0
1719569677744 0.6709829643368721 0
1719569677795 0.6633867919445038 0
1719569677840 0.652920313179493 0
1719569677969 0.6388507261872292 0
1719569678087 0.6214401051402092 0
1719569678192 0.6010340824723244 0
1719569678261 0.5780588537454605 0
1719569678311 0.5529917851090431 0
1719569678356 0.5271820202469826 0
1719569678407 0.5014442019164562 0
1719569678463 0.4780035465955734 0
1719569678566 0.4579925648868084 0
1719569678636 0.4420963376760483 0
1719569678685 0.4303375333547592 0
1719569678735 0.42200302705168724 0
1719569678909 0.4159177429974079 0
1719569678964 0.41136009991168976 0
1719569679024 0.4077178090810776 0
1719569679081 0.40476830303668976 0
1719569679194 0.4023001492023468 0
1719569679266 0.40034276619553566 0
1719569679312 0.39874929934740067 0
1719569679365 0.39743178337812424 0
1719569679440 0.396393321454525 0
1719569679503 0.39555950090289116 0
1719569679557 0.39487117156386375 0
1719569679604 0.39427293837070465 0
1719569679715 0.3937778174877167 0
1719569679775 0.3933856599032879 0
1719569679830 0.39309388771653175 0
1719569679914 0.39283163100481033 0
1719569680002 0.392590019851923 0
1719569680073 0.3923970125615597 0
1719569680200 0.39225855097174644 0
1719569680318 0.3921033516526222 0
1719569680434 0.39199045673012733 0
1719569680513 0.3918921537697315 0
1719569680566 0.3917807824909687 0
1719569680639 0.39170415326952934 0
1719569680742 0.3916214108467102 0
1719569680801 0.3915698267519474 0
1719569680845 0.3914978727698326 0
1719569680908 0.3914293348789215 0
1719569680970 0.39135706052184105 0
1719569681070 0.3913134001195431 0
1719569681171 0.3912481740117073 0
1719569681285 0.3911838158965111 0
1719569681371 0.3911360390484333 0
1719569681414 0.39107855409383774 0
1719569681456 0.39102982357144356 0
1719569681497 0.39098332822322845 0
