1716545641863 0.6792736370116472 0
1716545641918 0.6278506424278021 0
1716545641973 0.49263905454427004 0
1716545642027 0.40199803560972214 0
1716545642080 0.39409709349274635 0
1716545642133 0.3926386283710599 0
1716545642188 0.3922819718718529 0
1716545642243 0.3920686738565564 0
1716545642298 0.39189792051911354 0
1716545642353 0.39159973338246346 0
1716545642409 0.39136307034641504 0
1716545642460 0.39113943465054035 0
1716545642514 0.39084126241505146 0
1716545642567 0.3906556824222207 0
1716545642627 0.3903137035667896 0
1716545642681 0.3901861123740673 0
1716545642739 0.38982830848544836 0
1716545642801 0.38949095364660025 0
1716545642856 0.3891590004786849 0
1716545642913 0.388937852345407 0
1716545643008 0.38847641088068485 0
1716545643063 0.3880810886621475 0
1716545643118 0.3877573451027274 0
