1732875412214 0.8304093480110168 0
1732875412254 0.803118884563446 0
1732875412294 0.7836257219314575 0
1732875412336 0.7690058350563049 0
1732875412379 0.7719298005104065 0
1732875412420 0.7612085938453674 0
1732875412460 0.7573099136352539 0
1732875412502 0.7514619827270508 0
1732875412548 0.7485380172729492 0
1732875412591 0.7495126724243164 0
1732875412633 0.7738791704177856 0
1732875412678 0.7816764116287231 0
1732875412724 0.7797271013259888 0
1732875412768 0.7797271013259888 0
1732875412812 0.7846003770828247 0
1732875412853 0.792397677898407 0
1732875412899 0.8245614171028137 0
1732875412972 0.8771929740905762 0
1732875413107 0.8732943534851074 0
1732875413252 0.8947368264198303 0
1732875413307 0.9191033244132996 0
