1732875412202 0.6936804122394986 0
1732875412244 0.6857905122968886 0
1732875412283 0.6748441523975797 0
1732875412324 0.6601019899050394 0
1732875412366 0.6365532742606269 0
1732875412409 0.6054667565557692 0
1732875412447 0.5632993910047743 0
1732875412490 0.5172837409708235 0
1732875412535 0.4695526129669613 0
1732875412579 0.44033748242590165 0
1732875412621 0.4247683684031169 0
1732875412665 0.41372908486260307 0
1732875412711 0.40600208110279506 0
1732875412755 0.4028020004431407 0
1732875412800 0.3969278302457597 0
1732875412841 0.3956822719838884 0
1732875412886 0.3946888744831085 0
1732875412953 0.3938417335351308 0
1732875413091 0.3929533097479079 0
1732875413235 0.39217933350139195 0
1732875413295 0.3918095462852054 0
