1731665762136 0.6889498308300972 0
1731665762169 0.6857581064105034 0
1731665762200 0.6826377063989639 0
1731665762232 0.6794179528951645 0
1731665762264 0.6759370416402817 0
1731665762296 0.6719649136066437 0
1731665762328 0.6672629937529564 0
1731665762360 0.6615134030580521 0
1731665762391 0.6545110195875168 0
1731665762423 0.6459919810295105 0
1731665762454 0.635722778737545 0
1731665762486 0.6235158145427704 0
1731665762517 0.6092266514897346 0
1731665762549 0.5928838104009628 0
1731665762580 0.574683740735054 0
1731665762612 0.5550888404250145 0
1731665762643 0.5344793945550919 0
1731665762675 0.513618603348732 0
1731665762711 0.49333329126238823 0
1731665762743 0.47447600960731506 0
1731665762775 0.45788170024752617 0
1731665762806 0.44391346722841263 0
1731665762838 0.43275585398077965 0
1731665762869 0.4240841269493103 0
1731665762900 0.4175487346947193 0
1731665762931 0.41257790848612785 0
1731665762963 0.4088321514427662 0
1731665762994 0.40583867207169533 0
1731665763026 0.403481375426054 0
1731665763058 0.40150580555200577 0
1731665763089 0.3999013230204582 0
1731665763121 0.39855680242180824 0
1731665763152 0.39745940268039703 0
1731665763184 0.3965304419398308 0
1731665763215 0.39577442035079 0
1731665763247 0.39513713866472244 0
1731665763278 0.39462176337838173 0
1731665763310 0.3941969610750675 0
1731665763342 0.3938504718244076 0
1731665763374 0.39354464784264565 0
1731665763406 0.39331279322505 0
1731665763437 0.393107607960701 0
1731665763469 0.3929312825202942 0
1731665763500 0.39277955144643784 0
1731665763531 0.39267340302467346 0
1731665763563 0.39255715534090996 0
1731665763595 0.39246849715709686 0
1731665763626 0.39238742366433144 0
1731665763658 0.3923248015344143 0
1731665763689 0.3922610878944397 0
1731665763721 0.3922172300517559 0
1731665763755 0.39215029403567314 0
1731665763790 0.3921075239777565 0
1731665763822 0.3920629248023033 0
1731665763853 0.3920294791460037 0
1731665763884 0.3919857256114483 0
1731665763915 0.39195850118994713 0
1731665763947 0.39192182943224907 0
1731665763978 0.39188558980822563 0
1731665764010 0.3918495886027813 0
1731665764041 0.3918231464922428 0
