1726827299740 0.7017109300941229 0
1726827299791 0.6858561150729656 0
1726827299972 0.6462083142250776 0
1726827300105 0.5694881062954664 0
1726827300196 0.4778727125376463 0
1726827300263 0.4256448280066252 0
1726827300435 0.40737360436469316 0
1726827300566 0.39967612363398075 0
1726827300619 0.39586415234953165 0
1726827300671 0.39391336124390364 0
1726827300726 0.39285583794116974 0
1726827300779 0.39218536857515574 0
1726827300900 0.3917672047391534 0
1726827300961 0.39147755689918995 0
1726827301010 0.3912495383992791 0
1726827301063 0.3910404220223427 0
1726827301113 0.39085827209055424 0
1726827301163 0.39059171359986067 0
1726827301287 0.3904231898486614 0
1726827301433 0.3901760056614876 0
1726827301485 0.38997639901936054 0
1726827301540 0.38970915134996176 0
1726827301590 0.3894954789429903 0
1726827301643 0.3892513671889901 0
1726827301747 0.3889881409704685 0
1726827301831 0.38873190991580486 0
1726827301898 0.3884355677291751 0
1726827301965 0.38817315082997084 0
1726827302027 0.38783670123666525 0
1726827302141 0.387586222961545 0
1726827302212 0.3872521035373211 0
1726827302269 0.3869274528697133 0
1726827302371 0.38657560013234615 0
1726827302458 0.38623052556067705 0
