1718964926359 0.6918334849178791 0
1718964926417 0.6821200512349606 0
1718964926477 0.6653732135891914 0
1718964926546 0.6332060135900974 0
1718964926612 0.5765507593750954 0
1718964926741 0.49856054224073887 0
1718964926816 0.4318259693682194 0
1718964926895 0.40462931618094444 0
1718964926980 0.398141885176301 0
1718964927253 0.39486761949956417 0
1718964927332 0.393388994038105 0
1718964927409 0.3926606047898531 0
1718964927469 0.3923088423907757 0
1718964927614 0.3921190816909075 0
1718964927669 0.39197289384901524 0
1718964927734 0.391867158934474 0
1718964927908 0.39172524586319923 0
