1728641717451 0.6863550171256065 0
1728641717516 0.6573695167899132 0
1728641717581 0.5909731425344944 0
1728641717647 0.4853533301502466 0
1728641717717 0.41274915263056755 0
1728641717996 0.3983722012490034 0
1728641718062 0.39332577399909496 0
1728641718146 0.3922704476863146 0
1728641718242 0.39185946248471737 0
1728641718480 0.3916305657476187 0
1728641718571 0.39145658165216446 0
1728641718641 0.3912186659872532 0
1728641718719 0.39102052710950375 0
1728641718979 0.3907978516072035 0
1728641719059 0.39049746841192245 0
1728641719134 0.3902331255376339 0
1728641719213 0.38994102738797665 0
