1728641717465 0.8115800023078918 0
1728641717530 0.8125613331794739 0
1728641717597 0.828262984752655 0
1728641717662 0.8155053853988647 0
1728641717729 0.8066732287406921 0
1728641718009 0.8420019745826721 0
1728641718083 0.91167813539505 0
1728641718163 0.9411187171936035 0
1728641718261 0.96467125415802 0
1728641718498 0.98233562707901 0
1728641718587 1.0323846340179443 0
1728641718654 1.0461236238479614 0
1728641718734 1.0726202726364136 0
1728641718996 1.0873404741287231 0
1728641719078 1.121687889099121 0
1728641719151 1.1727184057235718 0
1728641719231 1.1952894926071167 0
