1725012940711 0.8254438042640686 0
1725012940781 0.827416181564331 0
1725012940849 0.814595639705658 0
1725012940918 0.8205128312110901 0
1725012940986 0.8372781276702881 0
1725012941065 0.8826429843902588 0
1725012941135 0.9497041702270508 0
1725012941225 0.959566056728363 0
1725012941312 0.9704142212867737 0
1725012941523 1.0069034099578857 0
1725012941624 1.0226824283599854 0
1725012941912 1.0749506950378418 0
1725012941995 1.0798816680908203 0
1725012942082 1.1065088510513306 0
1725012942157 1.1420118808746338 0
1725012942243 1.1597633361816406 0
1725012942435 1.1577908992767334 0
1725012942517 1.226824402809143 0
1725012942693 1.260354995727539 0
1725012942782 1.2712031602859497 0
1725012942857 1.2790926694869995 0
1725012942952 1.3303747177124023 0
1725012943144 1.3717948198318481 0
1725012943226 1.388560175895691 0
1725012943308 1.4043391942977905 0
