1709892868372 0.7679111957550049 0
1709892868432 0.7961654663085938 0
1709892868492 0.7820383310317993 0
1709892868764 0.8244197964668274 0
1709892868825 0.810292661190033 0
1709892868885 0.8435923457145691 0
1709892868944 0.8728557229042053 0
1709892869003 0.8728557229042053 0
1709892869061 0.907164454460144 0
1709892869125 0.9293642640113831 0
1709892869189 0.9636730551719666 0
1709892869246 0.9828456044197083 0
1709892869302 1.0020182132720947 0
1709892869357 1.0020182132720947 0
1709892869414 1.0383450984954834 0
1709892869475 1.0141271352767944 0
1709892869536 1.0464177131652832 0
1709892869599 1.061553955078125 0
1709892869659 1.081735610961914 0
