1728641714098 0.6766952350735664 0
1728641714168 0.601962972432375 0
1728641714235 0.4512190632522106 0
1728641714300 0.4001876190304756 0
1728641714387 0.3935695309191942 0
1728641714447 0.39264174923300743 0
1728641714724 0.39215874299407005 0
1728641714797 0.3919185660779476 0
1728641714954 0.3916739672422409 0
1728641715112 0.39148348942399025 0
1728641715175 0.39116321317851543 0
1728641715240 0.3909324649721384 0
1728641715314 0.39066896215081215 0
1728641715427 0.390406372025609 0
1728641715514 0.39007228426635265 0
1728641715592 0.38974208384752274 0
1728641715703 0.38942182064056396 0
