1728641714112 0.8380765318870544 0
1728641714184 0.8164867758750916 0
1728641714246 0.8233562111854553 0
1728641714316 0.880274772644043 0
1728641714399 0.9136407971382141 0
1728641714459 0.9489696025848389 0
1728641714740 0.9970559477806091 0
1728641714810 1.0323846340179443 0
1728641714969 1.0382728576660156 0
1728641715130 1.0667320489883423 0
1728641715187 1.0932286977767944 0
1728641715256 1.1364082098007202 0
1728641715326 1.1629048585891724 0
1728641715441 1.192345380783081 0
1728641715532 1.1835132837295532 0
1728641715607 1.2993130683898926 0
1728641715717 1.2816486358642578 0
