1731060885285 0.859237551689148 0
1731060885334 0.8132942318916321 0
1731060885383 0.7927663922309875 0
1731060885433 0.8005865216255188 0
1731060885495 0.8699902296066284 0
1731060885547 0.890518069267273 0
1731060885599 0.9364613890647888 0
1731060885653 0.995112419128418 0
1731060885701 0.9912023544311523 0
1731060885750 1.0381231307983398 0
1731060885799 1.0596284866333008 0
1731060885847 1.0518083572387695 0
1731060885896 1.1075268983840942 0
1731060885945 1.1564027070999146 0
1731060885993 1.1798630952835083 0
1731060886042 1.2033236026763916 0
1731060886090 1.2365591526031494 0
1731060886140 1.2961876392364502 0
1731060886189 1.3558162450790405 0
1731060886240 1.3646138906478882 0
