1731060885276 0.6880013458430767 0
1731060885325 0.6273621451109648 0
1731060885373 0.47265167254954576 0
1731060885423 0.4049829989671707 0
1731060885485 0.3948389636352658 0
1731060885537 0.39287927746772766 0
1731060885590 0.3923256304115057 0
1731060885643 0.3921002820134163 0
1731060885692 0.3918884601444006 0
1731060885741 0.3916603345423937 0
1731060885789 0.3915528878569603 0
1731060885838 0.39121620636433363 0
1731060885886 0.39098975993692875 0
1731060885935 0.39064108952879906 0
1731060885984 0.39025396667420864 0
1731060886032 0.389885182492435 0
1731060886080 0.38949334155768156 0
1731060886130 0.38896008487790823 0
1731060886180 0.38846943341195583 0
1731060886230 0.3879024963825941 0
