1712916788218 0.7921686768531799 0
1712916788262 0.8012048006057739 0
1712916788302 0.8253012299537659 0
1712916788343 0.823293149471283 0
1712916788446 0.8182730674743652 0
1712916788638 0.805220901966095 0
1712916788682 0.827309250831604 0
1712916788725 0.8433734774589539 0
1712916788767 0.9477911591529846 0
1712916788847 0.9568272829055786 0
1712916788890 0.9789156913757324 0
1712916788931 0.9889557957649231 0
1712916788972 0.990963876247406 0
1712916789066 1.0210843086242676 0
1712916789151 1.0281124114990234 0
1712916789192 1.0712851285934448 0
1712916789232 1.0793172121047974 0
1712916789273 1.097389578819275 0
1712916789313 1.1164658069610596 0
1712916789355 1.1626505851745605 0
1712916789396 1.1827309131622314 0
1712916789436 1.1977912187576294 0
