1712916788210 0.6828444078564644 0
1712916788255 0.6643370762467384 0
1712916788295 0.6305789649486542 0
1712916788336 0.5703311115503311 0
1712916788436 0.4865255393087864 0
1712916788631 0.41881314665079117 0
1712916788674 0.4034162238240242 0
1712916788718 0.4003385715186596 0
1712916788760 0.39349205419421196 0
1712916788800 0.39258965849876404 0
1712916788883 0.3922753371298313 0
1712916788924 0.3917406462132931 0
1712916788965 0.391623642295599 0
1712916789056 0.39139121025800705 0
1712916789144 0.3912574388086796 0
1712916789185 0.39106030762195587 0
1712916789225 0.39086945727467537 0
1712916789265 0.39070605486631393 0
1712916789306 0.390507772564888 0
1712916789347 0.39031877741217613 0
1712916789389 0.3900972977280617 0
1712916789429 0.3898516893386841 0
