1714731254381 0.6898622736334801 0
1714731254423 0.685419112443924 0
1714731254466 0.6798110157251358 0
1714731254507 0.671902097761631 0
1714731254545 0.6604196652770042 0
1714731254583 0.6436408013105392 0
1714731254622 0.619998462498188 0
1714731254660 0.5883437618613243 0
1714731254698 0.54960136115551 0
1714731254739 0.5070963986217976 0
1714731254777 0.46692030504345894 0
1714731254815 0.4354158528149128 0
1714731254853 0.4157862029969692 0
1714731254892 0.40622347965836525 0
1714731254930 0.4016760401427746 0
1714731254970 0.3988402299582958 0
1714731255013 0.3965742960572243 0
1714731255052 0.39498817175626755 0
1714731255095 0.3939632549881935 0
1714731255134 0.39331966638565063 0
1714731255174 0.392922542989254 0
1714731255213 0.39265164732933044 0
1714731255253 0.3924068547785282 0
1714731255292 0.3922494612634182 0
1714731255329 0.3921304792165756 0
1714731255367 0.3920399434864521 0
1714731255407 0.391943022608757 0
1714731255447 0.39185263216495514 0
1714731255485 0.39179331436753273 0
1714731255523 0.391712449491024 0
1714731255561 0.39164987578988075 0
1714731255599 0.39159001037478447 0
1714731255638 0.3915034309029579 0
1714731255677 0.3914385214447975 0
1714731255715 0.3913741931319237 0
1714731255753 0.39132633805274963 0
1714731255793 0.3912455625832081 0
1714731255832 0.3911464922130108 0
1714731255871 0.3910900726914406 0
1714731255910 0.3910217806696892 0
