1725012919843 0.7830374836921692 0
1725012919897 0.7919132113456726 0
1725012919946 0.7889546155929565 0
1725012920004 0.7810651063919067 0
1725012920057 0.7800788879394531 0
1725012920113 0.7899408340454102 0
1725012920166 0.790926992893219 0
1725012920220 0.8047337532043457 0
1725012920275 0.7919132113456726 0
1725012920330 0.8067061305046082 0
1725012920380 0.8027613162994385 0
1725012920431 0.8836292028427124 0
1725012920482 0.9447731971740723 0
1725012920529 0.9487179517745972 0
1725012920575 0.9536489248275757 0
1725012920623 0.9753451943397522 0
1725012920673 1.0009862184524536 0
1725012920721 1.0177514553070068 0
1725012920772 1.0305719375610352 0
1725012920821 1.0443787574768066 0
1725012920869 1.0562130212783813 0
1725012920917 1.077909231185913 0
1725012920965 1.0759369134902954 0
1725012921013 1.1222879886627197 0
1725012921060 1.1183432340621948 0
1725012921106 1.1341222524642944 0
1725012921159 1.135108470916748 0
1725012921213 1.1814595460891724 0
1725012921262 1.2317553758621216 0
1725012921317 1.2455620765686035 0
1725012921375 1.2633136510849 0
1725012921424 1.2652859687805176 0
1725012921471 1.2859960794448853 0
1725012921519 1.3106509447097778 0
1725012921566 1.327416181564331 0
1725012921615 1.3303747177124023 0
1725012921663 1.3668638467788696 0
1725012921712 1.409270167350769 0
