1725617681762 0.6901721209287643 0
1725617681815 0.6557070128619671 0
1725617681863 0.5890498869121075 0
1725617681903 0.498347794637084 0
1725617681942 0.4305751472711563 0
1725617681979 0.40695595368742943 0
1725617682017 0.39841002225875854 0
1725617682056 0.3942404054105282 0
1725617682095 0.3927965462207794 0
1725617682132 0.39214337430894375 0
1725617682170 0.3916499428451061 0
1725617682259 0.3914346285164356 0
1725617682316 0.3912092503160238 0
1725617682363 0.39101773500442505 0
1725617682403 0.39080701768398285 0
1725617682440 0.3905457518994808 0
1725617682476 0.39030594751238823 0
1725617682512 0.3900257386267185 0
1725617682548 0.3897639140486717 0
1725617682583 0.3895131964236498 0
1725617682619 0.3891385030001402 0
1725617682655 0.38883792236447334 0
1725617682690 0.38851155526936054 0
1725617682775 0.38811546191573143 0
1725617682810 0.38779061660170555 0
1725617682845 0.3873330783098936 0
1725617682881 0.38694773241877556 0
1725617682916 0.3865493983030319 0
1725617682952 0.3860799465328455 0
