1722593674785 0.8495049476623535 0
1722593674842 0.8524752259254456 0
1722593674894 0.8217821717262268 0
1722593675067 0.8227722644805908 0
1722593675131 0.8118811845779419 0
1722593675195 0.803960382938385 0
1722593675252 0.8079208135604858 0
1722593675353 0.8069307208061218 0
1722593675438 0.804950475692749 0
1722593675500 0.801980197429657 0
1722593675561 0.800000011920929 0
1722593675626 0.8267326951026917 0
1722593675730 0.8217821717262268 0
1722593675811 0.8257426023483276 0
1722593675869 0.8267326951026917 0
1722593675998 0.8247524499893188 0
1722593676147 0.8267326951026917 0
1722593676268 0.8267326951026917 0
1722593676323 0.8306930661201477 0
1722593676377 0.8287128806114197 0
1722593676437 0.8287128806114197 0
1722593676493 0.8277227878570557 0
1722593676619 0.8178218007087708 0
1722593676791 0.8227722644805908 0
1722593676923 0.8227722644805908 0
1722593677105 0.8277227878570557 0
1722593677161 0.8287128806114197 0
1722593677295 0.8287128806114197 0
1722593677352 0.8326732516288757 0
1722593677414 0.8336633443832397 0
1722593677478 0.8297029733657837 0
1722593677540 0.8376237750053406 0
1722593677658 0.8415841460227966 0
1722593677711 0.8613861203193665 0
1722593677765 0.8653465509414673 0
1722593677831 0.8623762130737305 0
1722593677893 0.8722772002220154 0
1722593678016 0.8831683397293091 0
1722593678107 0.893069326877594 0
1722593678157 0.893069326877594 0
1722593678213 0.909900963306427 0
1722593678386 0.9287128448486328 0
1722593678476 0.9455445408821106 0
1722593678608 0.9613861441612244 0
1722593678659 0.9603960514068604 0
1722593678709 0.9702970385551453 0
1722593679008 0.9821782112121582 0
1722593679246 0.9772277474403381 0
1722593679496 0.997029721736908 0
1722593679708 1.0 0
1722593679833 1.008910894393921 0
1722593679914 1.0118812322616577 0
1722593680059 1.016831636428833 0
1722593680188 1.0247524976730347 0
1722593680280 1.0346534252166748 0
1722593680323 1.0465346574783325 0
1722593680366 1.0445544719696045 0
1722593680409 1.0465346574783325 0
1722593680452 1.0465346574783325 0
1722593680496 1.0603960752487183 0
1722593680538 1.0554455518722534 0
1722593680669 1.0683168172836304 0
1722593680727 1.0712871551513672 0
1722593680788 1.0920791625976562 0
