1722593674769 0.6984524577856064 0
1722593674830 0.6954862922430038 0
1722593674880 0.6920184083282948 0
1722593675051 0.6875252276659012 0
1722593675118 0.6814459301531315 0
1722593675178 0.6730459406971931 0
1722593675241 0.6616937518119812 0
1722593675338 0.6469073854386806 0
1722593675421 0.6287392862141132 0
1722593675489 0.6074997149407864 0
1722593675547 0.5834472589194775 0
1722593675611 0.5574497729539871 0
1722593675713 0.5304101817309856 0
1722593675796 0.5035293493419886 0
1722593675856 0.47835635021328926 0
1722593675980 0.45658789202570915 0
1722593676131 0.43898459151387215 0
1722593676255 0.42578133940696716 0
1722593676310 0.4162955414503813 0
1722593676365 0.4098402354866266 0
1722593676422 0.4054719004780054 0
1722593676480 0.4024197943508625 0
1722593676597 0.40022935904562473 0
1722593676777 0.39850240014493465 0
1722593676902 0.39725241623818874 0
1722593677050 0.39631070010364056 0
1722593677149 0.3955208361148834 0
1722593677280 0.39486080408096313 0
1722593677338 0.39435628801584244 0
1722593677400 0.39393047243356705 0
1722593677462 0.3936442881822586 0
1722593677524 0.3933602590113878 0
1722593677644 0.3931396044790745 0
1722593677699 0.39296028204262257 0
1722593677755 0.3927901815623045 0
1722593677817 0.39269140735268593 0
1722593677882 0.3925427198410034 0
1722593678001 0.39247133769094944 0
1722593678096 0.3924209978431463 0
1722593678145 0.3923522885888815 0
1722593678202 0.3922652639448643 0
1722593678254 0.39221665635704994 0
1722593678423 0.3921586163341999 0
1722593678597 0.39212382212281227 0
1722593678647 0.39209566451609135 0
1722593678697 0.39203594997525215 0
1722593678962 0.3920145705342293 0
1722593679233 0.39197810366749763 0
1722593679438 0.39190313033759594 0
1722593679688 0.3918923605233431 0
1722593679815 0.39182794094085693 0
1722593679899 0.39179182797670364 0
1722593680048 0.39176528714597225 0
1722593680177 0.3917190134525299 0
1722593680269 0.3916872404515743 0
1722593680313 0.39164222963154316 0
1722593680355 0.3915961980819702 0
1722593680399 0.39154867827892303 0
1722593680442 0.3915173765271902 0
1722593680486 0.3914665337651968 0
1722593680529 0.3914449792355299 0
1722593680655 0.39140052907168865 0
1722593680711 0.3913428895175457 0
1722593680775 0.39128886722028255 0
