1695377660250 0.8268041014671326 0
1695377660327 0.8319587707519531 0
1695377660400 0.8443298935890198 0
1695377660473 0.8917526006698608 0
1695377660547 0.9103092551231384 0
1695377660621 0.9525772929191589 0
1695377660696 1.0010309219360352 0
1695377660770 1.0134021043777466 0
1695377660844 1.055670142173767 0
1695377660917 1.0835051536560059 0
1695377660991 1.1340205669403076 0
1695377661066 1.169072151184082 0
1695377661140 1.2164947986602783 0
1695377661213 1.2608247995376587 0
1695377661284 1.2432990074157715 0
1695377661360 1.3567010164260864 0
1695377661446 1.38556706905365 0
1695377661526 1.4268040657043457 0
