1695377660244 0.6670561759702621 0
1695377660322 0.5653239084828284 0
1695377660395 0.41216150310731703 0
1695377660468 0.39377895574415883 0
1695377660542 0.3925593581891829 0
1695377660616 0.3921374274838355 0
1695377660690 0.3919567215827204 0
1695377660765 0.391557680022332 0
1695377660838 0.39125818110281424 0
1695377660912 0.39103877063720455 0
1695377660985 0.3906744747392593 0
1695377661061 0.3903893184277319 0
1695377661135 0.39001069818773576 0
1695377661207 0.38969528867352393 0
1695377661279 0.38919782638549805 0
1695377661355 0.38880721311415395 0
1695377661440 0.3883239309633932 0
1695377661520 0.38778514054513746 0
