1708078359417 0.8200201988220215 0
1708078359467 0.8240647315979004 0
1708078359519 0.8321536779403687 0
1708078359569 0.8200201988220215 0
1708078359651 0.812942385673523 0
1708078359742 0.8190091252326965 0
1708078359855 0.7846309542655945 0
1708078359905 0.7846309542655945 0
1708078359958 0.7846309542655945 0
1708078360023 0.791708767414093 0
1708078360087 0.8230535984039307 0
1708078360180 0.8624873757362366 0
1708078360233 0.873609721660614 0
1708078360318 0.8928210139274597 0
1708078360408 0.9443882703781128 0
1708078360491 0.9949443936347961 0
1708078360528 1.0101112127304077 0
1708078360565 1.034378170967102 0
1708078360604 1.04347825050354 0
1708078360644 1.0596562623977661 0
1708078360684 1.0768452882766724 0
1708078360721 1.0798786878585815 0
1708078360804 1.0940344333648682 0
