1727432157928 0.6867321878671646 0
1727432157973 0.6685488373041153 0
1727432158014 0.6327471323311329 0
1727432158055 0.5648149661719799 0
1727432158097 0.4773265514522791 0
1727432158138 0.4221654422581196 0
1727432158179 0.4051104597747326 0
1727432158221 0.39766303077340126 0
1727432158263 0.39459341019392014 0
1727432158308 0.39334353245794773 0
1727432158360 0.39277733117341995 0
1727432158437 0.3924886342138052 0
1727432158489 0.3922743499279022 0
1727432158540 0.3921342957764864 0
1727432158605 0.3920581601560116 0
1727432158691 0.3919189926236868 0
1727432158735 0.391832934692502 0
1727432158782 0.3917102534323931 0
1727432158825 0.39160782657563686 0
1727432158912 0.3915664441883564 0
1727432159005 0.39140284806489944 0
1727432159048 0.3913103211671114 0
1727432159091 0.39120332710444927 0
1727432159138 0.391042985022068 0
1727432159187 0.39096696861088276 0
