1712916779784 0.6955601125955582 0
1712916779820 0.686614878475666 0
1712916779855 0.6740335449576378 0
1712916779959 0.6540061831474304 0
1712916780000 0.6228756234049797 0
1712916780031 0.5778377652168274 0
1712916780062 0.5210700668394566 0
1712916780099 0.46431874856352806 0
1712916780134 0.4242074638605118 0
1712916780170 0.4065048433840275 0
1712916780204 0.4009059965610504 0
1712916780263 0.39704518765211105 0
1712916780364 0.3941679298877716 0
1712916780399 0.3928731009364128 0
1712916780432 0.3923839144408703 0
1712916780464 0.3920927159488201 0
1712916780679 0.391904067248106 0
1712916780752 0.3918314427137375 0
1712916780785 0.3916916437447071 0
1712916780919 0.39160262793302536 0
1712916781072 0.39150307700037956 0
1712916781105 0.3914278969168663 0
1712916781189 0.3913229927420616 0
