1715336035736 0.8228228092193604 0
1715336035818 0.8068068027496338 0
1715336035891 0.7957957983016968 0
1715336035967 0.879879891872406 0
1715336036082 0.9589589834213257 0
1715336036157 1.012012004852295 0
1715336036224 1.0290290117263794 0
1715336036298 1.06706702709198 0
1715336036358 1.0910910367965698 0
1715336036415 1.1221221685409546 0
1715336036473 1.1981981992721558 0
1715336036546 1.2032032012939453 0
1715336036613 1.2812812328338623 0
1715336036680 1.3043043613433838 0
1715336036750 1.3753753900527954 0
1715336036818 1.4454454183578491 0
1715336036889 1.4734734296798706 0
1715336037041 1.5065065622329712 0
