1715336035727 0.6762728802859783 0
1715336035810 0.5759309576824307 0
1715336035882 0.41678644344210625 0
1715336035958 0.394416268914938 0
1715336036070 0.3924987372010946 0
1715336036149 0.3922180440276861 0
1715336036216 0.3918568408116698 0
1715336036290 0.3914826763793826 0
1715336036351 0.39130513556301594 0
1715336036408 0.39094272162765265 0
1715336036466 0.39056289102882147 0
1715336036537 0.3902074731886387 0
1715336036604 0.3899221820756793 0
1715336036671 0.3895480679348111 0
1715336036741 0.3891707817092538 0
1715336036809 0.38862278778105974 0
1715336036880 0.3880818737670779 0
1715336037033 0.38763149455189705 0
