1727432159317 0.6900945454835892 0
1727432159366 0.6831611692905426 0
1727432159419 0.6735301464796066 0
1727432159472 0.6584466770291328 0
1727432159514 0.6346747428178787 0
1727432159554 0.5988616794347763 0
1727432159593 0.5501082837581635 0
1727432159632 0.4932446517050266 0
1727432159671 0.4417179599404335 0
1727432159712 0.4107169732451439 0
1727432159752 0.4008079208433628 0
1727432159792 0.39806170016527176 0
1727432159832 0.3953187018632889 0
1727432159875 0.39322325587272644 0
1727432159921 0.39251556247472763 0
1727432159977 0.39229486137628555 0
1727432160035 0.3920927457511425 0
1727432160111 0.3919711038470268 0
