1699611123930 0.7920082211494446 0
1699611123963 0.8032786846160889 0
1699611123993 0.8043032884597778 0
1699611124024 0.8002049326896667 0
1699611124053 0.7930327653884888 0
1699611124082 0.7920082211494446 0
1699611124111 0.7930327653884888 0
1699611124140 0.7889344096183777 0
1699611124169 0.7797130942344666 0
1699611124198 0.7817623019218445 0
1699611124228 0.7827869057655334 0
1699611124256 0.806352436542511 0
1699611124286 0.8575819730758667 0
1699611124315 0.9047130942344666 0
1699611124345 0.9477459192276001 0
1699611124376 0.9672130942344666 0
1699611124469 0.9795082211494446 0
1699611124499 0.9877049326896667 0
1699611124531 1.002049207687378 0
1699611124567 1.0174180269241333 0
1699611124597 1.0307377576828003 0
