1682072088813 0.8084210753440857 0
1682072088860 0.793684184551239 0
1682072088953 0.7705262899398804 0
1682072088991 0.7789473533630371 0
1682072089043 0.7736842036247253 0
1682072089095 0.7705262899398804 0
1682072089190 0.7684210538864136 0
1682072089235 0.769473671913147 0
1682072089272 0.7547368407249451 0
1682072089310 0.7463157773017883 0
1682072089366 0.7452631592750549 0
1682072089454 0.7536842226982117 0
1682072089521 0.7621052861213684 0
1682072089590 0.7905263304710388 0
1682072089648 0.8305262923240662 0
1682072089702 0.8768420815467834 0
1682072089778 0.8926315903663635 0
1682072089867 0.9305263161659241 0
1682072089942 0.9526315927505493 0
1682072090015 0.9705263376235962 0
1682072090215 0.9852631688117981 0
1682072090275 0.9926315546035767 0
1682072090329 1.0294736623764038 0
1682072090383 1.0463157892227173 0
1682072090440 1.0536842346191406 0
1682072090493 1.0673683881759644 0
1682072090582 1.0715789794921875 0
1682072090687 1.0789474248886108 0
1682072090750 1.0968420505523682 0
1682072090815 1.1231578588485718 0
1682072090891 1.1284210681915283 0
1682072090975 1.1221052408218384 0
1682072091043 1.1473684310913086 0
