1696587209630 0.6973434202373028 0
1696587209681 0.6923768743872643 0
1696587209746 0.6872755102813244 0
1696587209809 0.6799621880054474 0
1696587209876 0.6684254743158817 0
1696587209937 0.6506534516811371 0
1696587209997 0.6247668340802193 0
1696587210057 0.5896529853343964 0
1696587210122 0.5461836196482182 0
1696587210188 0.5006520375609398 0
1696587210256 0.4621749222278595 0
1696587210320 0.4334586728364229 0
1696587210380 0.41659729555249214 0
1696587210440 0.4081120118498802 0
1696587210508 0.4026133492588997 0
1696587210577 0.3990407008677721 0
1696587210640 0.3971846252679825 0
1696587210710 0.39555199071764946 0
1696587210770 0.3944792579859495 0
1696587210812 0.3937427755445242 0
1696587210854 0.39344988763332367 0
1696587210897 0.39293672144412994 0
1696587210938 0.39262806065380573 0
1696587210980 0.3926292508840561 0
1696587211021 0.39239114336669445 0
1696587211063 0.39231560565531254 0
1696587211104 0.39228800497949123 0
1696587211147 0.3921433463692665 0
1696587211189 0.3920790050178766 0
1696587211230 0.3919080551713705 0
1696587211270 0.39191579818725586 0
1696587211312 0.39180113188922405 0
1696587211355 0.3918847106397152 0
1696587211397 0.39171768724918365 0
1696587211439 0.39165855199098587 0
1696587211481 0.3917653523385525 0
1696587211523 0.3915006387978792 0
1696587211579 0.39146819338202477 0
1696587211620 0.3914349880069494 0
1696587211662 0.39131195843219757 0
1696587211703 0.39141885191202164 0
1696587211744 0.39116963371634483 0
