1685096052029 0.8459119200706482 0
1685096052086 0.7725366950035095 0
1685096052140 0.7536687850952148 0
1685096052194 0.7777777910232544 0
1685096052247 0.8909853100776672 0
1685096052299 0.9213836193084717 0
1685096052353 0.9769392013549805 0
1685096052404 1.0199161767959595 0
1685096052456 1.062893033027649 0
1685096052509 1.0566037893295288 0
1685096052560 1.1194968223571777 0
1685096052612 1.2044025659561157 0
1685096052664 1.257861614227295 0
1685096052715 1.2987421751022339 0
1685096052766 1.3113207817077637 0
1685096052819 1.3794549703598022 0
1685096052869 1.4643605947494507 0
1685096052921 1.5115303993225098 0
