1685096052024 0.679185132185618 0
1685096052082 0.6213329354921977 0
1685096052136 0.49118053913116455 0
1685096052190 0.4060110886891683 0
1685096052243 0.3961874723434448 0
1685096052295 0.3927417993545532 0
1685096052349 0.3921225289503733 0
1685096052401 0.3917965571085612 0
1685096052453 0.3914955218633016 0
1685096052505 0.3912095606327057 0
1685096052556 0.3908496916294098 0
1685096052608 0.3905022342999776 0
1685096052660 0.3901479105154673 0
1685096052711 0.3897573192914327 0
1685096052762 0.38923802177111305 0
1685096052815 0.38874504367510476 0
1685096052865 0.3882956564426422 0
1685096052917 0.3877435127894084 0
