1732875425512 0.6875693147832697 0
1732875425571 0.6396618286768595 0
1732875425628 0.48589240691878577 0
1732875425684 0.39814117641159985 0
1732875425741 0.3934613231456641 0
1732875425796 0.3925989938504768 0
1732875425853 0.39214607350754016 0
1732875425909 0.3921682211485776 0
1732875425965 0.3919827730366678 0
1732875426023 0.3917975732774446 0
1732875426089 0.39172361023498303 0
1732875426157 0.391194201780088 0
1732875426231 0.3912683508612893 0
1732875426301 0.39110917123881256 0
1732875426357 0.3906769598975326 0
1732875426416 0.3906085184126189 0
1732875426471 0.39050395290056866 0
1732875426526 0.3900281795949647 0
1732875426583 0.3899278767181165 0
1732875426639 0.389665452819882 0
