1732875425522 0.8557505011558533 0
1732875425581 0.8567251563072205 0
1732875425637 0.8352826237678528 0
1732875425694 0.8840156197547913 0
1732875425750 0.9415204524993896 0
1732875425806 0.9561403393745422 0
1732875425863 0.9580896496772766 0
1732875425918 0.983430802822113 0
1732875425974 0.9795321822166443 0
1732875426034 1.0136451721191406 0
1732875426100 1.0487329959869385 0
1732875426170 1.061403512954712 0
1732875426243 1.0604288578033447 0
1732875426311 1.0828460454940796 0
1732875426367 1.1023391485214233 0
1732875426425 1.084795355796814 0
1732875426480 1.1296296119689941 0
1732875426536 1.1598440408706665 0
1732875426592 1.2397661209106445 0
1732875426648 1.2251461744308472 0
