1694168009368 0.6889614808943963 0
1694168009451 0.6669013980896242 0
1694168009526 0.6161781395635297 0
1694168009591 0.5321920812129974 0
1694168009653 0.45160529305858 0
1694168009714 0.41330791481079593 0
1694168009777 0.4019344170247355 0
1694168009838 0.3968978014684493 0
1694168009898 0.39441508150869803 0
1694168009971 0.39332535286103526 0
1694168010037 0.39247396972871595 0
1694168010100 0.39213591333358516 0
1694168010166 0.3917960668763807 0
1694168010236 0.3916459073943476 0
1694168010302 0.3914084617168673 0
1694168010390 0.3913137701249892 0
1694168010450 0.39113228071120476 0
1694168010515 0.3909109552060404 0
1694168010578 0.39067831731611685 0
1694168010640 0.39050497354999664 0
1694168010700 0.39022006527070074 0
