1711707206855 0.6892756465822458 0
1711707206910 0.6417221091687679 0
1711707206971 0.5277428505942225 0
1711707207029 0.43163018487393856 0
1711707207086 0.4046961283311248 0
1711707207143 0.3970730621367693 0
1711707207212 0.3938540257513523 0
1711707207286 0.3927881810814142 0
1711707207377 0.39175123255699873 0
1711707207446 0.39156255032867193 0
1711707207499 0.3915580427274108 0
1711707207554 0.39117846824228764 0
1711707207615 0.3909337464720011 0
1711707207670 0.3905637273564935 0
1711707207725 0.3901904420927167 0
1711707207778 0.3898555589839816 0
1711707207843 0.38966834731400013 0
1711707207905 0.38922694977372885 0
1711707207964 0.38916336465626955 0
