1711707206863 0.8340040445327759 0
1711707206918 0.8269617557525635 0
1711707206979 0.8169013857841492 0
1711707207039 0.817907452583313 0
1711707207094 0.8380281925201416 0
1711707207153 0.8350100517272949 0
1711707207223 0.8903420567512512 0
1711707207297 0.9295774698257446 0
1711707207387 0.9668008089065552 0
1711707207454 0.9788732528686523 0
1711707207507 1.0140844583511353 0
1711707207562 1.0613682270050049 0
1711707207623 1.0865191221237183 0
1711707207677 1.1408450603485107 0
1711707207733 1.1730382442474365 0
1711707207786 1.2213280200958252 0
1711707207851 1.2112675905227661 0
1711707207912 1.2625755071640015 0
1711707207972 1.2957746982574463 0
