1695377648130 0.8185567259788513 0
1695377648176 0.839175283908844 0
1695377648221 0.8288660049438477 0
1695377648267 0.8185567259788513 0
1695377648312 0.8175257444381714 0
1695377648357 0.830927848815918 0
1695377648402 0.8463917374610901 0
1695377648447 0.9164948463439941 0
1695377648492 0.9659793972969055 0
1695377648538 0.9701030850410461 0
1695377648584 1.0010309219360352 0
1695377648629 1.031958818435669 0
1695377648675 1.0536082983016968 0
1695377648720 1.1092783212661743 0
1695377648765 1.1288659572601318 0
1695377648811 1.1773196458816528 0
1695377648859 1.2051546573638916 0
1695377648957 1.2587628364562988 0
