1717150484980 0.802395224571228 0
1717150485024 0.8063872456550598 0
1717150485066 0.8073852062225342 0
1717150485104 0.8043912053108215 0
1717150485142 0.8183632493019104 0
1717150485183 0.8153692483901978 0
1717150485224 0.826347291469574 0
1717150485264 0.8353293538093567 0
1717150485502 0.8313373327255249 0
1717150485605 0.8333333134651184 0
1717150485648 0.8343313336372375 0
1717150485698 0.8313373327255249 0
1717150485881 0.8443113565444946 0
1717150485952 0.8752495050430298 0
1717150486029 0.9021956324577332 0
1717150486186 0.901197612285614 0
1717150486403 0.970059871673584 0
1717150486459 0.9930139780044556 0
1717150486526 1.003991961479187 0
1717150486610 1.0209580659866333 0
1717150486779 1.029940128326416 0
1717150486844 1.0419161319732666 0
1717150486914 1.0578842163085938 0
1717150486977 1.093812346458435 0
1717150487046 1.107784390449524 0
