1680948427200 0.8069620132446289 0
1680948427241 0.8386076092720032 0
1680948427280 0.8122363090515137 0
1680948427318 0.802742600440979 0
1680948427356 0.797468364238739 0
1680948427395 0.7816455960273743 0
1680948427433 0.7858649492263794 0
1680948427471 0.8185654282569885 0
1680948427511 0.8892405033111572 0
1680948427550 0.8713080286979675 0
1680948427588 0.9103375673294067 0
1680948427625 0.9430379867553711 0
1680948427665 0.9704641103744507 0
1680948427706 0.9810126423835754 0
1680948427744 1.0158227682113647 0
1680948427781 1.0432488918304443 0
1680948427818 1.0738396644592285 0
1680948427856 1.1065400838851929 0
1680948427893 1.109704613685608 0
1680948427936 1.1297467947006226 0
1680948427974 1.1645569801330566 0
1680948428017 1.1751054525375366 0
1680948428055 1.1983122825622559 0
1680948428093 1.2405062913894653 0
1680948428131 1.284810185432434 0
