1708683275765 0.8020201921463013 0
1708683275827 0.8292929530143738 0
1708683275885 0.8070707321166992 0
1708683275942 0.800000011920929 0
1708683275998 0.9131312966346741 0
1708683276054 0.9464646577835083 0
1708683276110 0.9474747180938721 0
1708683276164 0.973737359046936 0
1708683276222 0.9939393997192383 0
1708683276279 1.0383838415145874 0
1708683276335 1.0595959424972534 0
1708683276393 1.0676767826080322 0
1708683276452 1.1040403842926025 0
1708683276511 1.1505050659179688 0
1708683276568 1.184848427772522 0
1708683276623 1.1747474670410156 0
1708683276677 1.2232322692871094 0
1708683276731 1.2282828092575073 0
1708683276784 1.2949495315551758 0
