1708683275758 0.6824822127819061 0
1708683275819 0.6313563734292984 0
1708683275878 0.5045719686895609 0
1708683275935 0.40461025945842266 0
1708683275991 0.3961925022304058 0
1708683276047 0.39280281960964203 0
1708683276103 0.3923126086592674 0
1708683276157 0.39202358201146126 0
1708683276215 0.39189003594219685 0
1708683276272 0.39160894602537155 0
1708683276328 0.39140058122575283 0
1708683276385 0.39113549888134 0
1708683276444 0.3908451646566391 0
1708683276503 0.39051010459661484 0
1708683276560 0.3903411664068699 0
1708683276616 0.3900737091898918 0
1708683276670 0.3897314202040434 0
1708683276724 0.3893767483532429 0
1708683276777 0.38913653418421745 0
