1714126409673 0.6939447000622749 0
1714126409709 0.6843837201595306 0
1714126409742 0.6716585978865623 0
1714126409779 0.6525594592094421 0
1714126409855 0.6229423061013222 0
1714126409889 0.5794989317655563 0
1714126409928 0.5230394005775452 0
1714126409964 0.4633607789874077 0
1714126409999 0.41884277015924454 0
1714126410031 0.4003742150962353 0
1714126410064 0.39767545089125633 0
1714126410098 0.39589594677090645 0
1714126410138 0.39354968443512917 0
1714126410174 0.3926311619579792 0
1714126410208 0.39246107265353203 0
1714126410263 0.39228805899620056 0
1714126410300 0.39216022938489914 0
1714126410337 0.3920454792678356 0
1714126410373 0.3919798396527767 0
1714126410473 0.3918839320540428 0
1714126410507 0.39179064705967903 0
1714126410542 0.39168692007660866 0
1714126410579 0.3916057385504246 0
1714126410614 0.39154623821377754 0
1714126410649 0.39143231138587 0
1714126410686 0.3913706913590431 0
1714126410718 0.39123114198446274 0
1714126410751 0.39115477725863457 0
1714126410783 0.3910485506057739 0
1714126410815 0.39093508943915367 0
1714126410847 0.39082296565175056 0
1714126410879 0.3907187655568123 0
1714126410911 0.3905782625079155 0
1714126410943 0.3904881775379181 0
1714126410975 0.39034292474389076 0
1714126411007 0.3902214616537094 0
1714126411039 0.39010345190763474 0
1714126411071 0.3899689167737961 0
