1693563379185 0.6899137554630157 0
1693563379489 0.6657486980961215 0
1693563379798 0.615029308103746 0
1693563380105 0.5331784006088011 0
1693563380328 0.4551373027986096 0
1693563380638 0.41718159760198287 0
1693563381031 0.4041831781787257 0
1693563381346 0.3981820691016413 0
1693563381655 0.3951502317382443 0
1693563381794 0.39389738152104037 0
1693563381857 0.3931751751130627 0
1693563382163 0.3927519811737922 0
1693563382472 0.3924440405061168 0
1693563382777 0.39224283156856415 0
1693563383083 0.3920197506104746 0
1693563383391 0.39193260573571725 0
1693563383698 0.39189860897679485 0
1693563384006 0.39175445514340557 0
1693563384312 0.39165746204314694 0
1693563384619 0.3914859785187629 0
1693563384927 0.39130998523004595 0
1693563385228 0.3912057097881071 0
1693563385406 0.3911067891505457 0
1693563385711 0.3909560288152387 0
1693563386017 0.39079448388468835 0
