1726827293169 0.6823677495121956 0
1726827293216 0.659509964287281 0
1726827293257 0.6153642982244492 0
1726827293296 0.5358287543058395 0
1726827293335 0.44161173328757286 0
1726827293372 0.40360652655363083 0
1726827293414 0.4035993628203869 0
1726827293545 0.3941809795796871 0
1726827293582 0.3928363285958767 0
1726827293622 0.3927563652396202 0
1726827293660 0.39199190214276314 0
1726827293703 0.3918822854757309 0
1726827293744 0.39160802587866783 0
1726827293783 0.39142344519495964 0
1726827293823 0.39123454689979553 0
