1723198543680 0.6832383275032043 0
1723198543799 0.677483893930912 0
1723198543889 0.6702973693609238 0
1723198543952 0.6608490571379662 0
1723198544005 0.6479104459285736 0
1723198544089 0.6303463280200958 0
1723198544186 0.607058972120285 0
1723198544292 0.5790233463048935 0
1723198544409 0.5478238090872765 0
1723198544512 0.5157384946942329 0
1723198544613 0.4864187724888325 0
1723198544732 0.46253470331430435 0
1723198544854 0.44448351487517357 0
1723198544918 0.4313144385814667 0
1723198544980 0.4214097745716572 0
1723198545041 0.4138460084795952 0
1723198545095 0.4078725688159466 0
1723198545211 0.40347691252827644 0
1723198545327 0.4003145880997181 0
1723198545403 0.39789164811372757 0
1723198545468 0.39618344232439995 0
1723198545563 0.394949521869421 0
1723198545678 0.3940179757773876 0
1723198545804 0.39338724315166473 0
1723198545899 0.3929079733788967 0
1723198545961 0.392550315707922 0
1723198546028 0.39226720854640007 0
1723198546089 0.39206887036561966 0
1723198546190 0.3918916545808315 0
1723198546283 0.3917733244597912 0
1723198546338 0.39164211228489876 0
1723198546419 0.3915298134088516 0
1723198546516 0.39144938066601753 0
1723198546577 0.39135389029979706 0
1723198546665 0.3912661038339138 0
1723198546765 0.39117198437452316 0
1723198546832 0.39108842983841896 0
1723198546937 0.39100292325019836 0
1723198547060 0.3909008353948593 0
1723198547152 0.3908155784010887 0
1723198547213 0.39075231179594994 0
1723198547282 0.3906491585075855 0
