1723198543700 0.7754698395729065 0
1723198543821 0.780415415763855 0
1723198543904 0.8110781311988831 0
1723198543969 0.8001978397369385 0
1723198544023 0.7962413430213928 0
1723198544104 0.808110773563385 0
1723198544202 0.805143415927887 0
1723198544307 0.8031651973724365 0
1723198544428 0.7873392701148987 0
1723198544529 0.7883284091949463 0
1723198544633 0.7922848463058472 0
1723198544749 0.7873392701148987 0
1723198544873 0.7893174886703491 0
1723198544935 0.7814045548439026 0
1723198544997 0.7873392701148987 0
1723198545054 0.7853610515594482 0
1723198545112 0.7893174886703491 0
1723198545231 0.7843719124794006 0
1723198545346 0.7843719124794006 0
1723198545422 0.7942631244659424 0
1723198545486 0.7992087006568909 0
1723198545580 0.8061325550079346 0
1723198545699 0.8090999126434326 0
1723198545826 0.8090999126434326 0
1723198545916 0.8189911246299744 0
1723198545981 0.8635014891624451 0
1723198546045 0.9179030656814575 0
1723198546104 0.9426310658454895 0
1723198546216 0.9742828607559204 0
1723198546299 1.0009890794754028 0
1723198546353 1.005934715270996 0
1723198546438 1.0108803510665894 0
1723198546533 1.0336300134658813 0
1723198546594 1.049456000328064 0
1723198546684 1.0365973711013794 0
1723198546783 1.0662710666656494 0
1723198546852 1.0811078548431396 0
1723198546957 1.0781404972076416 0
1723198547081 1.1028684377670288 0
1723198547169 1.111770510673523 0
1723198547230 1.114737868309021 0
1723198547300 1.111770510673523 0
