1714126408795 0.6886423043906689 0
1714126408827 0.6727767661213875 0
1714126408859 0.6338249780237675 0
1714126408891 0.5578254535794258 0
1714126408967 0.472199983894825 0
1714126409000 0.4259809795767069 0
1714126409036 0.4078280106186867 0
1714126409071 0.3990711700171232 0
1714126409106 0.3951079845428467 0
1714126409140 0.3932393956929445 0
1714126409175 0.39234297163784504 0
1714126409211 0.3917824253439903 0
1714126409247 0.39145249128341675 0
1714126409315 0.3911800254136324 0
1714126409393 0.3908795677125454 0
1714126409429 0.39071161672472954 0
1714126409466 0.3905283007770777 0
1714126409500 0.390272906050086 0
1714126409550 0.3900205325335264 0
1714126409581 0.3897705767303705 0
