1714126408802 0.797595202922821 0
1714126408834 0.8016031980514526 0
1714126408866 0.7725450992584229 0
1714126408898 0.7555110454559326 0
1714126408974 0.7615230679512024 0
1714126409007 0.7494990229606628 0
1714126409043 0.7515029907226562 0
1714126409079 0.8106212615966797 0
1714126409113 0.8807615041732788 0
1714126409148 0.9068136215209961 0
1714126409183 0.9509018063545227 0
1714126409218 1.0020040273666382 0
1714126409255 1.0350701808929443 0
1714126409325 1.0521042346954346 0
1714126409401 1.093186378479004 0
1714126409437 1.1192384958267212 0
1714126409473 1.132264494895935 0
1714126409508 1.185370683670044 0
1714126409557 1.2294589281082153 0
1714126409588 1.2074148654937744 0
