1709287959792 0.6919994316995144 0
1709287959826 0.6872414350509644 0
1709287959859 0.6815621480345726 0
1709287959893 0.6740698032081127 0
1709287959926 0.6646324582397938 0
1709287959965 0.6524401418864727 0
1709287960015 0.6376925744116306 0
1709287960056 0.6206492707133293 0
1709287960099 0.601318933069706 0
1709287960137 0.5801598392426968 0
1709287960174 0.5576436035335064 0
1709287960209 0.534945085644722 0
1709287960242 0.5125595852732658 0
1709287960275 0.4916858933866024 0
1709287960310 0.47329373843967915 0
1709287960343 0.4577350653707981 0
1709287960374 0.44460045732557774 0
1709287960407 0.4339785445481539 0
1709287960440 0.425693878903985 0
1709287960475 0.4194024484604597 0
1709287960508 0.4146773610264063 0
1709287960541 0.4107410777360201 0
1709287960574 0.407556377351284 0
1709287960606 0.4052581023424864 0
1709287960639 0.4029841162264347 0
1709287960672 0.401588374748826 0
1709287960704 0.40002394281327724 0
1709287960739 0.3988615293055773 0
1709287960772 0.39779985696077347 0
1709287960804 0.3970266114920378 0
1709287960837 0.3962999414652586 0
1709287960869 0.3955294229090214 0
1709287960901 0.39505744725465775 0
1709287960936 0.39463705383241177 0
1709287960968 0.39416085742414 0
1709287961002 0.3938106279820204 0
1709287961035 0.3935156464576721 0
1709287961067 0.3933779653161764 0
1709287961101 0.3930939733982086 0
1709287961138 0.39287429861724377 0
1709287961174 0.3927343562245369 0
1709287961208 0.39261702448129654 0
1709287961242 0.3924643360078335 0
1709287961279 0.39238169230520725 0
1709287961313 0.3922801911830902 0
1709287961346 0.3921441100537777 0
1709287961379 0.3920634724199772 0
1709287961413 0.3919672891497612 0
1709287961446 0.3919154070317745 0
1709287961479 0.39185238257050514 0
1709287961512 0.39177597872912884 0
1709287961545 0.3916826471686363 0
1709287961578 0.3917519561946392 0
1709287961613 0.3916218262165785 0
1709287961648 0.3915987331420183 0
1709287961683 0.39145402796566486 0
1709287961716 0.39145992137491703 0
1709287961752 0.3914014399051666 0
1709287961785 0.3913993537425995 0
1709287961818 0.3912937119603157 0
1709287961851 0.3912293557077646 0
1709287961886 0.3911832142621279 0
1709287961924 0.39118323288857937 0
1709287961958 0.391176238656044 0
1709287961994 0.3911186456680298 0
1709287962029 0.39102991111576557 0
1709287962061 0.39096941240131855 0
1709287962093 0.3909358084201813 0
1709287962127 0.3909211792051792 0
1709287962160 0.3907785974442959 0
1709287962192 0.39083137176930904 0
