1684491157317 0.7020833417773247 0
1684491157373 0.6952802464365959 0
1684491157435 0.6864543855190277 0
1684491157477 0.6742131859064102 0
1684491157519 0.6571473106741905 0
1684491157564 0.6336970031261444 0
1684491157611 0.6029621511697769 0
1684491157649 0.5640403404831886 0
1684491157677 0.5197123363614082 0
1684491157704 0.4756042957305908 0
1684491157755 0.4402993209660053 0
1684491157865 0.4191959872841835 0
1684491157893 0.40877456590533257 0
1684491157921 0.40363363176584244 0
1684491157947 0.39976249635219574 0
1684491157975 0.39663395285606384 0
1684491158002 0.39471402391791344 0
1684491158032 0.39355093613266945 0
1684491158062 0.3929404951632023 0
1684491158092 0.39244697615504265 0
1684491158119 0.3921537846326828 0
1684491158145 0.3919389843940735 0
1684491158174 0.39193733781576157 0
1684491158202 0.3917793445289135 0
1684491158231 0.39166078343987465 0
