1712312036871 0.7969849109649658 0
1712312036933 0.7457286715507507 0
1712312036996 0.7728643417358398 0
1712312037089 0.9045225977897644 0
1712312037200 0.9316582679748535 0
1712312037258 0.9648241400718689 0
1712312037314 0.9758793711662292 0
1712312037372 1.0442211627960205 0
1712312037491 1.0552763938903809 0
1712312037659 1.085427165031433 0
1712312037727 1.144723653793335 0
1712312037795 1.2281407117843628 0
1712312037853 1.250251293182373 0
1712312037907 1.2753769159317017 0
1712312037960 1.3437186479568481 0
1712312038012 1.4010050296783447 0
