1731665754000 0.8134765625 0
1731665754046 0.8193359375 0
1731665754090 0.81640625 0
1731665754133 0.8076171875 0
1731665754344 0.8046875 0
1731665754446 0.8203125 0
1731665754519 0.8232421875 0
1731665754558 0.8251953125 0
1731665754600 0.8154296875 0
1731665754645 0.8251953125 0
1731665754689 0.8388671875 0
1731665754732 0.85546875 0
1731665754798 0.876953125 0
1731665754891 0.8974609375 0
1731665754929 0.9169921875 0
1731665754969 0.9296875 0
1731665755009 0.9482421875 0
1731665755056 0.935546875 0
1731665755101 0.9541015625 0
1731665755145 0.9580078125 0
1731665755189 0.966796875 0
1731665755235 0.9609375 0
1731665755377 0.974609375 0
1731665755508 0.96875 0
1731665755553 0.990234375 0
1731665755596 0.9931640625 0
1731665755635 1.0029296875 0
