1731665753987 0.6924684196710587 0
1731665754033 0.6818079426884651 0
1731665754078 0.6667079329490662 0
1731665754121 0.643330492079258 0
1731665754324 0.606934666633606 0
1731665754433 0.554525189101696 0
1731665754508 0.4914371408522129 0
1731665754547 0.435895211994648 0
1731665754588 0.4077339135110378 0
1731665754633 0.4017045646905899 0
1731665754676 0.39824067428708076 0
1731665754719 0.3944677487015724 0
1731665754786 0.3930468037724495 0
1731665754881 0.3927656449377537 0
1731665754918 0.3925180658698082 0
1731665754958 0.3923581689596176 0
1731665754999 0.39227232336997986 0
1731665755045 0.3922005668282509 0
1731665755090 0.3921073041856289 0
1731665755133 0.3920509070158005 0
1731665755177 0.39197565987706184 0
1731665755223 0.3918955959379673 0
1731665755359 0.3918399401009083 0
1731665755494 0.39176467061042786 0
1731665755541 0.3916831351816654 0
1731665755584 0.3915969543159008 0
1731665755624 0.39152923971414566 0
