1697191995108 0.6841577714489352 0
1697191995155 0.6649217509454296 0
1697191995202 0.6194701213990489 0
1697191995241 0.5419882728207496 0
1697191995281 0.46279266284358117 0
1697191995323 0.42019596503626916 0
1697191995362 0.4040308027498184 0
1697191995403 0.39753441656789473 0
1697191995443 0.39458863292970964 0
1697191995484 0.39325195166372484 0
1697191995526 0.3925525882551747 0
1697191995571 0.39219769354789485 0
1697191995619 0.3919630531341799 0
1697191995664 0.39182942721151537 0
1697191995705 0.391605015723936 0
1697191995745 0.39143531553206906 0
1697191995786 0.39128144998704234 0
1697191995846 0.3911475548821111 0
1697191995892 0.39096916106439406 0
1697191995936 0.3907044001163975 0
1697191995978 0.39061600450546513 0
1697191996025 0.39045555360855594 0
1697191996068 0.39025570404145027 0
1697191996115 0.390008338997441 0
1697191996188 0.38989546702754113 0
1697191996254 0.38960025868108195 0
1697191996299 0.389392449009803 0
