1680343638191 0.6863626460234324 0
1680343638247 0.6605238080024719 0
1680343638301 0.5710647284984589 0
1680343638356 0.4395770976940791 0
1680343638410 0.4008110245068868 0
1680343638463 0.3945118010044098 0
1680343638517 0.3930919299523036 0
1680343638571 0.3925385018189748 0
1680343638625 0.39235310355822245 0
1680343638679 0.3921577165524165 0
1680343638733 0.39205966095129646 0
1680343638789 0.39184077779452003 0
1680343638842 0.39174445271492003 0
1680343638897 0.3915422995885213 0
1680343638952 0.3913487394650777 0
1680343639006 0.39118002553780873 0
1680343639060 0.39095020592212676 0
1680343639115 0.39078375697135925 0
1680343639169 0.3905477573474248 0
1680343639224 0.3903208027283351 0
