1697191989908 0.6924195066094398 0
1697191989942 0.6900789439678192 0
1697191990013 0.6872105598449707 0
1697191990130 0.6838132217526436 0
1697191990215 0.6798231899738312 0
1697191990315 0.6745841018855572 0
1697191990374 0.6673089414834976 0
1697191990422 0.6579299718141556 0
1697191990461 0.6456181220710278 0
1697191990530 0.6300624795258045 0
1697191990642 0.6112020909786224 0
1697191990727 0.5893005430698395 0
1697191990870 0.5649113841354847 0
1697191990980 0.5403437875211239 0
1697191991024 0.5160916969180107 0
1697191991058 0.4934571646153927 0
1697191991090 0.47301506251096725 0
1697191991130 0.4557306841015816 0
1697191991168 0.44188134372234344 0
1697191991220 0.43140608072280884 0
1697191991353 0.4224804509431124 0
1697191991455 0.41637607105076313 0
1697191991511 0.41146041825413704 0
1697191991556 0.4078634399920702 0
1697191991597 0.40487710386514664 0
1697191991634 0.40251998603343964 0
1697191991667 0.400804303586483 0
1697191991696 0.3989267498254776 0
1697191991726 0.39800064265727997 0
1697191991857 0.39736837707459927 0
1697191991889 0.3965509384870529 0
1697191991925 0.3958858773112297 0
1697191991958 0.3953393381088972 0
1697191991995 0.39463628828525543 0
1697191992028 0.39422292448580265 0
1697191992064 0.393846420571208 0
1697191992099 0.3936464861035347 0
1697191992183 0.3934311028569937 0
1697191992248 0.39309239387512207 0
1697191992286 0.393082307651639 0
1697191992325 0.39288144186139107 0
1697191992387 0.39270962588489056 0
1697191992453 0.3926069587469101 0
1697191992542 0.3924809042364359 0
1697191992648 0.39232603274285793 0
1697191992734 0.39229697175323963 0
1697191992783 0.3923215828835964 0
1697191992821 0.39225273951888084 0
1697191992855 0.3921742644160986 0
1697191992898 0.39213310927152634 0
1697191992938 0.39202011935412884 0
1697191992976 0.3919197767972946 0
1697191993015 0.39193914644420147 0
1697191993049 0.39200378954410553 0
1697191993082 0.39189658500254154 0
1697191993129 0.3918917588889599 0
1697191993167 0.3919089026749134 0
1697191993208 0.39177365973591805 0
1697191993245 0.391794141381979 0
1697191993277 0.3917266335338354 0
1697191993310 0.3916623257100582 0
1697191993343 0.39166636765003204 0
1697191993374 0.3915754444897175 0
1697191993405 0.39159548096358776 0
1697191993434 0.39172699861228466 0
