1707473646239 0.7081478089094162 0
1707473646270 0.7067457512021065 0
1707473646299 0.7053761258721352 0
1707473646328 0.7039999216794968 0
1707473646359 0.7025339677929878 0
1707473646392 0.7009666413068771 0
1707473646422 0.6992565765976906 0
1707473646451 0.6973270624876022 0
1707473646481 0.6952255964279175 0
1707473646510 0.6928007751703262 0
1707473646542 0.6900269240140915 0
1707473646574 0.6868392378091812 0
1707473646606 0.6831048354506493 0
1707473646636 0.6787496581673622 0
1707473646665 0.6736273020505905 0
1707473646694 0.6676963642239571 0
1707473646723 0.6608767285943031 0
1707473646751 0.6529517471790314 0
1707473646783 0.6441135108470917 0
1707473646816 0.6342192813754082 0
1707473646849 0.6235404461622238 0
1707473646880 0.6119905114173889 0
1707473646912 0.6000147983431816 0
1707473646944 0.5873852446675301 0
1707473646977 0.5746531784534454 0
1707473647008 0.5616329535841942 0
1707473647042 0.5489742159843445 0
1707473647078 0.5359861478209496 0
1707473647110 0.5233331993222237 0
1707473647143 0.5114601403474808 0
1707473647176 0.4996808357536793 0
1707473647211 0.48839467763900757 0
1707473647242 0.4780806340277195 0
1707473647273 0.4682879373431206 0
1707473647303 0.4594051130115986 0
1707473647333 0.45138538256287575 0
1707473647361 0.44424574077129364 0
1707473647390 0.43788816407322884 0
1707473647419 0.43215861171483994 0
1707473647448 0.42726999148726463 0
1707473647477 0.4231220930814743 0
1707473647506 0.41961032152175903 0
1707473647535 0.4165714792907238 0
1707473647563 0.41397955268621445 0
1707473647592 0.41163747385144234 0
1707473647621 0.409561388194561 0
1707473647649 0.407622616738081 0
1707473647678 0.40608005970716476 0
1707473647707 0.4045483358204365 0
1707473647735 0.40339620783925056 0
1707473647765 0.4023325964808464 0
1707473647794 0.40114933624863625 0
1707473647822 0.4003227539360523 0
1707473647850 0.3994450122117996 0
1707473647878 0.3987591341137886 0
1707473647959 0.39813748374581337 0
1707473647991 0.39746376872062683 0
1707473648021 0.3970249556005001 0
1707473648051 0.39654066041111946 0
1707473648084 0.3961420953273773 0
1707473648119 0.39571092650294304 0
1707473648149 0.3953729383647442 0
1707473648179 0.3950464800000191 0
1707473648208 0.3947524279356003 0
1707473648236 0.39453477412462234 0
1707473648264 0.39423877745866776 0
1707473648292 0.3940827324986458 0
1707473648320 0.393891379237175 0
1707473648348 0.3937143571674824 0
1707473648376 0.39348484203219414 0
1707473648406 0.39336149767041206 0
1707473648434 0.3932715021073818 0
1707473648464 0.393133781850338 0
1707473648492 0.39299093931913376 0
1707473648520 0.3929302617907524 0
1707473648548 0.39282792806625366 0
1707473648576 0.39272819086909294 0
