1709287970155 0.8353535532951355 0
1709287970215 0.8313131332397461 0
1709287970273 0.8242424130439758 0
1709287970334 0.8505050539970398 0
1709287970389 0.9747474789619446 0
1709287970447 0.9818181991577148 0
1709287970509 0.9898989796638489 0
1709287970566 1.031313180923462 0
1709287970626 1.0646464824676514 0
1709287970693 1.1353535652160645 0
1709287970761 1.1242424249649048 0
1709287970817 1.2010101079940796 0
1709287970870 1.2787878513336182 0
1709287970926 1.258585810661316 0
1709287970979 1.3777778148651123 0
1709287971036 1.4373737573623657 0
1709287971101 1.4535353183746338 0
1709287971155 1.5767676830291748 0
1709287971208 1.5515151023864746 0
1709287971264 1.6666666269302368 0
1709287971320 1.6414141654968262 0
1709287971374 1.786868691444397 0
1709287971427 1.7747474908828735 0
1709287971485 1.9040404558181763 0
