1680343644733 0.8204857707023621 0
1680343644790 0.831045389175415 0
1680343644847 0.8669482469558716 0
1680343644902 0.8680042028427124 0
1680343644959 0.8542766571044922 0
1680343645016 0.8574445843696594 0
1680343645074 0.8658922910690308 0
1680343645131 0.8901795148849487 0
1680343645187 0.9007391929626465 0
1680343645242 0.903907060623169 0
1680343645299 0.9450897574424744 0
1680343645355 0.9545934796333313 0
1680343645411 0.9556494355201721 0
1680343645465 0.9725448489189148 0
1680343645519 0.9915522933006287 0
1680343645579 0.9936642050743103 0
1680343645660 1.0211193561553955 0
1680343645715 1.05385422706604 0
1680343645769 1.0549103021621704 0
1680343645825 1.0760295391082764 0
1680343645881 1.1372755765914917 0
