1730456149615 0.6849962174892426 0
1730456149656 0.6766004785895348 0
1730456149695 0.6649009585380554 0
1730456149733 0.64692622423172 0
1730456149771 0.6189578920602798 0
1730456149809 0.5771339684724808 0
1730456149847 0.5216256566345692 0
1730456149884 0.46143996343016624 0
1730456149921 0.4161577373743057 0
1730456149966 0.39864349365234375 0
1730456150007 0.39702555909752846 0
1730456150058 0.395303126424551 0
1730456150152 0.3930247500538826 0
1730456150193 0.39227620884776115 0
1730456150232 0.3921552859246731 0
1730456150271 0.3919847123324871 0
