1727432168331 0.697857853025198 0
1727432168384 0.6904692985117435 0
1727432168445 0.6796040646731853 0
1727432168506 0.6628760378807783 0
1727432168564 0.6371579486876726 0
1727432168619 0.5992694050073624 0
1727432168675 0.5517407115548849 0
1727432168729 0.502724289894104 0
1727432168780 0.4609363740310073 0
1727432168832 0.43171373195946217 0
1727432168884 0.4144886592403054 0
1727432168937 0.4054600028321147 0
1727432168990 0.40059439186006784 0
1727432169053 0.3978005042299628 0
1727432169114 0.39607351552695036 0
1727432169174 0.3949173390865326 0
1727432169234 0.3941357582807541 0
1727432169305 0.3936167983338237 0
1727432169370 0.39325256273150444 0
1727432169434 0.3929581381380558 0
1727432169491 0.392789070494473 0
1727432169546 0.3926104474812746 0
1727432169603 0.3925035260617733 0
1727432169657 0.39240913931280375 0
1727432169713 0.3923209607601166 0
1727432169769 0.3922442886978388 0
1727432169853 0.3922015381976962 0
1727432169941 0.3921245615929365 0
1727432170098 0.39207014348357916 0
1727432170184 0.3920267838984728 0
