1720779300738 0.6911767385900021 0
1720779300799 0.6751218661665916 0
1720779300854 0.6433899700641632 0
1720779300908 0.5824145935475826 0
1720779300965 0.4988436810672283 0
1720779301017 0.4358060471713543 0
1720779301070 0.4092485895380378 0
1720779301129 0.39878934156149626 0
1720779301197 0.3947685593739152 0
1720779301250 0.39315621834248304 0
1720779301305 0.39253420010209084 0
1720779301365 0.3921558381989598 0
1720779301422 0.39193797018378973 0
1720779301478 0.39170393720269203 0
1720779301538 0.39160331059247255 0
1720779301599 0.3914639363065362 0
1720779301656 0.39133947994560003 0
1720779301708 0.3911896347999573 0
1720779301760 0.3910747915506363 0
1720779301811 0.3908853577449918 0
1720779301863 0.3907488128170371 0
1720779301919 0.39058801997452974 0
1720779301971 0.3903591763228178 0
