1725617701267 0.6778981927782297 0
1725617701354 0.5590484822168946 0
1725617701441 0.4082115041092038 0
1725617701532 0.39327092096209526 0
1725617701622 0.3922663312405348 0
1725617701711 0.3919974770396948 0
1725617701815 0.3916989639401436 0
1725617701934 0.3913744017481804 0
1725617702021 0.39098607935011387 0
1725617702111 0.3906526165083051 0
1725617702194 0.3903307467699051 0
1725617702278 0.38981247413903475 0
1725617702363 0.38936179690063 0
1725617702453 0.38883828837424517 0
1725617702550 0.38840945810079575 0
1725617702633 0.3877244731411338 0
1725617702719 0.3870310168713331 0
1725617702803 0.38624982442706823 0
1725617702888 0.385607173666358 0
1725617702971 0.3846613774076104 0
1725617703057 0.38367599062621593 0
1725617703146 0.3827919717878103 0
1725617703240 0.3816559249535203 0
1725617703331 0.38044107519090176 0
1725617703426 0.37917609978467226 0
1725617703518 0.37781072221696377 0
1725617703608 0.37632732186466455 0
1725617703697 0.3748127333819866 0
1725617703786 0.3731420850381255 0
1725617703874 0.37148192059248686 0
1725617703959 0.36970348842442036 0
1725617704043 0.3678092258051038 0
1725617704129 0.3660980938002467 0
