1732875422883 0.8050682544708252 0
1732875422920 0.8099415302276611 0
1732875422956 0.8148148059844971 0
1732875422993 0.808966875076294 0
1732875423030 0.8157894611358643 0
1732875423066 0.8177387714385986 0
1732875423103 0.8148148059844971 0
1732875423139 0.8060429096221924 0
1732875423174 0.8177387714385986 0
1732875423210 0.8265107274055481 0
1732875423253 0.820662796497345 0
1732875423296 0.820662796497345 0
1732875423341 0.8372319936752319 0
1732875423385 0.8245614171028137 0
1732875423421 0.8187134265899658 0
1732875423471 0.808966875076294 0
1732875423518 0.8138401508331299 0
1732875423566 0.8050682544708252 0
1732875423611 0.8079922199249268 0
1732875423653 0.8040935397148132 0
1732875423689 0.7992202639579773 0
1732875423725 0.8040935397148132 0
1732875423764 0.7992202639579773 0
1732875423801 0.8070175647735596 0
1732875423837 0.8079922199249268 0
1732875423875 0.8070175647735596 0
1732875423910 0.8109161853790283 0
1732875423945 0.8226121068000793 0
1732875423981 0.819688081741333 0
1732875424017 0.8274853825569153 0
1732875424054 0.8187134265899658 0
1732875424090 0.820662796497345 0
1732875424128 0.8138401508331299 0
1732875424166 0.8352826237678528 0
1732875424202 0.8440545797348022 0
1732875424241 0.8469785451889038 0
1732875424279 0.8450292348861694 0
1732875424329 0.8508771657943726 0
1732875424372 0.8615984320640564 0
1732875424414 0.8908382058143616 0
1732875424458 0.8947368264198303 0
1732875424503 0.8859649300575256 0
1732875424551 0.9015594720840454 0
1732875424593 0.8966861367225647 0
1732875424632 0.8908382058143616 0
1732875424667 0.9113060235977173 0
1732875424703 0.8918128609657288 0
1732875424741 0.904483437538147 0
1732875424777 0.9025341272354126 0
1732875424815 0.899610161781311 0
1732875424850 0.8849902749061584 0
1732875424887 0.9210526347160339 0
1732875424923 0.9288498759269714 0
1732875424961 0.9385964870452881 0
1732875424997 0.9463937878608704 0
1732875425034 0.943469762802124 0
1732875425070 0.9278752207756042 0
1732875425106 0.9249512553215027 0
1732875425142 0.9210526347160339 0
1732875425179 0.9346978664398193 0
1732875425214 0.9259259104728699 0
1732875425267 0.9463937878608704 0
1732875425308 0.9317739009857178 0
1732875425352 0.9083820581436157 0
1732875425392 0.9249512553215027 0
