1685096060717 0.8218029141426086 0
1685096060755 0.8427672982215881 0
1685096060794 0.8406708836555481 0
1685096060830 0.8207547068595886 0
1685096060865 0.8259958028793335 0
1685096060901 0.8291404843330383 0
1685096060937 0.8238993883132935 0
1685096060973 0.8364779949188232 0
1685096061008 0.8385744094848633 0
1685096061042 0.8459119200706482 0
1685096061077 0.8375262022018433 0
1685096061112 0.8396226167678833 0
1685096061146 0.8448637127876282 0
1685096061181 0.8542976975440979 0
1685096061215 0.8721174001693726 0
1685096061249 0.8616352081298828 0
1685096061283 0.8899371027946472 0
1685096061318 0.9371069073677063 0
1685096061353 0.9444444179534912 0
1685096061388 0.9517819881439209 0
1685096061423 0.9538784027099609 0
1685096061458 0.9538784027099609 0
1685096061492 0.9507337808609009 0
1685096061529 0.955974817276001 0
1685096061564 0.9779874086380005 0
1685096061600 0.9779874086380005 0
1685096061635 0.9716981053352356 0
1685096061669 0.9800838828086853 0
1685096061704 0.9916142821311951 0
1685096061741 1.0073375701904297 0
1685096061817 0.99895179271698 0
1685096061853 1.0146750211715698 0
1685096061888 1.0178197622299194 0
1685096061925 1.044025182723999 0
1685096061960 1.0503144264221191 0
1685096061995 1.0712788105010986 0
1685096062030 1.0859538316726685 0
1685096062065 1.0828092098236084 0
1685096062100 1.091194987297058 0
1685096062136 1.090146780014038 0
1685096062172 1.1121593713760376 0
1685096062208 1.134171962738037 0
1685096062243 1.1331236362457275 0
1685096062278 1.1320754289627075 0
1685096062314 1.151991605758667 0
1685096062349 1.1687631607055664 0
1685096062384 1.1865828037261963 0
1685096062419 1.2075471878051758 0
1685096062455 1.2023060321807861 0
1685096062491 1.2442348003387451 0
1685096062526 1.2096436023712158 0
1685096062561 1.2201257944107056 0
1685096062597 1.2662473917007446 0
1685096062631 1.2704402208328247 0
1685096062666 1.2672955989837646 0
1685096062702 1.3207547664642334 0
1685096062737 1.3081761598587036 0
1685096062773 1.3301886320114136 0
1685096062810 1.3364779949188232 0
