1693563458616 0.8262668251991272 0
1693563458893 0.8273009061813354 0
1693563459168 0.8262668251991272 0
1693563459445 0.8231644034385681 0
1693563459719 0.8210961818695068 0
1693563459994 0.8252326846122742 0
1693563460867 0.8179938197135925 0
1693563461145 0.8241985440254211 0
1693563461593 0.8273009061813354 0
1693563461834 0.8397104740142822 0
1693563462158 0.8376421928405762 0
1693563462436 0.8366080522537231 0
1693563462713 0.8438469767570496 0
1693563463031 0.8417786955833435 0
1693563463307 0.8366080522537231 0
1693563463686 0.8510858416557312 0
1693563463963 0.8541882038116455 0
1693563464237 0.8552223443984985 0
1693563464554 0.8438469767570496 0
1693563464831 0.8345398306846619 0
1693563465026 0.8448810577392578 0
1693563465305 0.8448810577392578 0
1693563465668 0.8490175604820251 0
1693563465990 0.8407445549964905 0
1693563466061 0.8469493389129639 0
1693563466090 0.8407445549964905 0
1693563466120 0.8459151983261108 0
1693563466149 0.8428128361701965 0
1693563466179 0.8386763334274292 0
1693563466221 0.8448810577392578 0
1693563466255 0.8345398306846619 0
1693563466284 0.8324715495109558 0
1693563466313 0.8345398306846619 0
1693563466423 0.8335056900978088 0
1693563466575 0.8262668251991272 0
1693563466684 0.8293691873550415 0
1693563466924 0.8241985440254211 0
1693563467284 0.8304033279418945 0
1693563467602 0.8293691873550415 0
1693563467880 0.8283350467681885 0
1693563468242 0.8293691873550415 0
1693563468438 0.8293691873550415 0
1693563468509 0.8283350467681885 0
1693563468539 0.8273009061813354 0
1693563468692 0.8200620412826538 0
1693563469011 0.8221303224563599 0
1693563469330 0.8241985440254211 0
1693563469829 0.8221303224563599 0
1693563470098 0.8252326846122742 0
1693563470253 0.8283350467681885 0
1693563470351 0.8293691873550415 0
1693563470456 0.8293691873550415 0
1693563470550 0.8355739116668701 0
1693563470621 0.8345398306846619 0
1693563470661 0.8314374089241028 0
1693563470734 0.8293691873550415 0
1693563470790 0.8231644034385681 0
1693563470856 0.8210961818695068 0
1693563471008 0.8241985440254211 0
1693563471061 0.8273009061813354 0
1693563471149 0.8314374089241028 0
1693563471203 0.8324715495109558 0
1693563471311 0.8355739116668701 0
1693563471397 0.8366080522537231 0
1693563471468 0.8335056900978088 0
1693563471705 0.8407445549964905 0
1693563472063 0.8335056900978088 0
1693563472380 0.8345398306846619 0
1693563472699 0.8397104740142822 0
1693563472970 0.8376421928405762 0
1693563473193 0.8273009061813354 0
1693563473294 0.8293691873550415 0
1693563473536 0.8376421928405762 0
1693563473716 0.8407445549964905 0
1693563473948 0.8407445549964905 0
1693563474306 0.8448810577392578 0
1693563474509 0.8397104740142822 0
