1723803250797 0.79347825050354 0
1723803250871 0.8280632495880127 0
1723803250929 0.8656126260757446 0
1723803250988 0.8557312488555908 0
1723803251048 0.8507905006408691 0
1723803251109 0.8557312488555908 0
1723803251170 0.8586956262588501 0
1723803251229 0.8972331881523132 0
1723803251296 0.8913043737411499 0
1723803251358 0.937747061252594 0
1723803251425 0.970355749130249 0
1723803251488 0.9733201861381531 0
1723803251560 1.0029643774032593 0
1723803251626 1.0365612506866455 0
1723803251708 1.0385375022888184 0
1723803251785 1.045454502105713 0
1723803251840 1.073122501373291 0
1723803251893 1.111660122871399 0
1723803251945 1.1511857509613037 0
1723803252004 1.1818181276321411 0
1723803252071 1.1946640014648438 0
1723803252140 1.1936758756637573 0
1723803252203 1.2835968732833862 0
1723803252265 1.3142292499542236 0
1723803252434 1.3250988721847534 0
1723803252506 1.3122529983520508 0
