1723803250786 0.6834328100085258 0
1723803250857 0.6581097953021526 0
1723803250919 0.6032385975122452 0
1723803250978 0.5024797040969133 0
1723803251038 0.41551585868000984 0
1723803251098 0.39888222329318523 0
1723803251160 0.39416008442640305 0
1723803251216 0.3929697684943676 0
1723803251284 0.39247740246355534 0
1723803251348 0.39229814521968365 0
1723803251411 0.39217977225780487 0
1723803251477 0.3920330125838518 0
1723803251549 0.39187896251678467 0
1723803251615 0.39172520115971565 0
1723803251688 0.39154173247516155 0
1723803251775 0.3913446497172117 0
1723803251830 0.39119542203843594 0
1723803251883 0.391036007553339 0
1723803251935 0.3908092752099037 0
1723803251988 0.39063378795981407 0
1723803252058 0.39039715752005577 0
1723803252125 0.3901842422783375 0
1723803252191 0.38990876637399197 0
1723803252255 0.38969361782073975 0
1723803252420 0.38946153223514557 0
1723803252495 0.38922975212335587 0
