1706263958534 0.684424951672554 0
1706263958572 0.673292450606823 0
1706263958612 0.658144049346447 0
1706263958649 0.6336198672652245 0
1706263958687 0.5941833779215813 0
1706263958724 0.5380764603614807 0
1706263958762 0.47567136213183403 0
1706263958800 0.4291996508836746 0
1706263958837 0.4108979180455208 0
1706263958874 0.40355607494711876 0
1706263958913 0.3971318118274212 0
1706263958951 0.394072812050581 0
1706263958989 0.39299311488866806 0
1706263959027 0.3923858366906643 0
1706263959065 0.3920206092298031 0
1706263959103 0.3918136991560459 0
1706263959142 0.3916660510003567 0
1706263959179 0.39155158400535583 0
1706263959219 0.39140741899609566 0
1706263959257 0.3912619315087795 0
1706263959294 0.39116913080215454 0
1706263959332 0.3910207971930504 0
