1689329657890 0.7041751556098461 0
1689329657935 0.6991529613733292 0
1689329657978 0.6923976838588715 0
1689329658021 0.6815450601279736 0
1689329658064 0.664994940161705 0
1689329658106 0.6386470049619675 0
1689329658149 0.6004496850073338 0
1689329658192 0.5526367910206318 0
1689329658240 0.5027220509946346 0
1689329658288 0.45882441848516464 0
1689329658332 0.43400075286626816 0
1689329658380 0.4134535454213619 0
1689329658427 0.40310824289917946 0
1689329658470 0.400372626259923 0
1689329658517 0.3967051785439253 0
1689329658560 0.39646700769662857 0
1689329658604 0.3953747618943453 0
1689329658649 0.3942563012242317 0
1689329658692 0.39376712776720524 0
1689329658735 0.3934936188161373 0
1689329658779 0.3926874976605177 0
1689329658826 0.3922588471323252 0
1689329658869 0.3926188126206398 0
1689329658911 0.39191001653671265 0
1689329658954 0.39197947084903717 0
1689329658998 0.39198464527726173 0
1689329659043 0.3919340707361698 0
1689329659085 0.3915283624082804 0
1689329659129 0.39149804413318634 0
1689329659171 0.3920972663909197 0
1689329659215 0.3910993803292513 0
1689329659259 0.39139567501842976 0
1689329659300 0.39073724299669266 0
1689329659343 0.39119443483650684 0
1689329659386 0.3914494030177593 0
1689329659430 0.3910463713109493 0
1689329659472 0.39106597006320953 0
1689329659517 0.39103941805660725 0
1689329659560 0.39038625732064247 0
1689329659602 0.39075686410069466 0
1689329659645 0.39123003743588924 0
1689329659688 0.38988181203603745 0
1689329659731 0.38993312790989876 0
