1720174498355 0.6967293061316013 0
1720174498418 0.6751472763717175 0
1720174498491 0.6112549714744091 0
1720174498579 0.49286202155053616 0
1720174498650 0.4184327181428671 0
1720174498716 0.4003549888730049 0
1720174498780 0.3951269080862403 0
1720174498843 0.39358264673501253 0
1720174498910 0.3929115170612931 0
1720174498972 0.39260817412286997 0
1720174499033 0.3924554055556655 0
1720174499092 0.392327225767076 0
1720174499154 0.39218165911734104 0
1720174499214 0.39206067845225334 0
1720174499274 0.39194146543741226 0
1720174499333 0.39191646594554186 0
