1701425833208 0.6904927011459104 0
1701425833292 0.6812667385224374 0
1701425833404 0.6635955168354896 0
1701425833477 0.6237695793951711 0
1701425833539 0.5490699929575766 0
1701425833675 0.46137458758969463 0
1701425833764 0.41110004340448686 0
1701425833837 0.3979085818413765 0
1701425833902 0.3945325737999332 0
1701425833980 0.3931609122983871 0
1701425834055 0.39250582456588745 0
1701425834167 0.39220984520450713 0
1701425834233 0.3919439027386327 0
1701425834295 0.3917904967261899 0
1701425834357 0.39167797565460205 0
1701425834420 0.391516875836157 0
1701425834485 0.39139892978052937 0
1701425834550 0.39127650568562167 0
1701425834614 0.39114353637541494 0
1701425834678 0.3909888257903437 0
1701425834740 0.3908481992060138 0
1701425834799 0.3907478028728116 0
1701425834858 0.39060850104978007 0
