1716545636142 0.7472527623176575 0
1716545636170 0.7742257714271545 0
1716545636199 0.7562437653541565 0
1716545636228 0.7712287902832031 0
1716545636258 0.7952048182487488 0
1716545636288 0.7932068109512329 0
1716545636316 0.7892107963562012 0
1716545636345 0.7842158079147339 0
1716545636372 0.7812187671661377 0
1716545636399 0.782217800617218 0
1716545636428 0.7802197933197021 0
1716545636456 0.777222752571106 0
1716545636483 0.7792207598686218 0
1716545636513 0.7652347683906555 0
1716545636541 0.7642357349395752 0
1716545636570 0.7712287902832031 0
1716545636599 0.7862138152122498 0
1716545636627 0.8171828389167786 0
1716545636654 0.8371628522872925 0
1716545636681 0.8871129155158997 0
1716545636709 0.910089910030365 0
1716545636737 0.9340659379959106 0
1716545636765 0.9590409398078918 0
1716545636793 0.9880120158195496 0
1716545636821 0.991008996963501 0
1716545636848 0.9950050115585327 0
1716545636876 1.0059939622879028 0
1716545636904 1.026973009109497 0
1716545636933 1.0439560413360596 0
1716545636960 1.069930076599121 0
1716545636988 1.094905138015747 0
1716545637016 1.0969030857086182 0
1716545637043 1.1138861179351807 0
1716545637074 1.1248750686645508 0
1716545637101 1.1378620862960815 0
1716545637128 1.1538461446762085 0
1716545637155 1.1758241653442383 0
1716545637182 1.206793189048767 0
