1716545636135 0.6932009533047676 0
1716545636163 0.6860995814204216 0
1716545636192 0.6774507388472557 0
1716545636220 0.6651497408747673 0
1716545636250 0.647472694516182 0
1716545636280 0.6229197233915329 0
1716545636309 0.5904178768396378 0
1716545636338 0.5518051981925964 0
1716545636365 0.5109924413263798 0
1716545636392 0.4745028018951416 0
1716545636421 0.446194801479578 0
1716545636449 0.42790405452251434 0
1716545636476 0.4164651110768318 0
1716545636506 0.4084065183997154 0
1716545636534 0.4027329869568348 0
1716545636562 0.39890842512249947 0
1716545636592 0.39658866822719574 0
1716545636620 0.3949839361011982 0
1716545636647 0.39390238747000694 0
1716545636674 0.39312417432665825 0
1716545636702 0.3926427885890007 0
1716545636729 0.3922247104346752 0
1716545636757 0.39193888381123543 0
1716545636786 0.39167557284235954 0
1716545636814 0.3914776034653187 0
1716545636841 0.3912990763783455 0
1716545636869 0.391105804592371 0
1716545636897 0.39096106961369514 0
1716545636925 0.39080939069390297 0
1716545636953 0.3906542547047138 0
1716545636981 0.39050498977303505 0
1716545637009 0.3903529420495033 0
1716545637036 0.39019086584448814 0
1716545637066 0.39003871753811836 0
1716545637094 0.3898737505078316 0
1716545637121 0.3897288292646408 0
1716545637148 0.3895373158156872 0
1716545637175 0.38934602960944176 0
