1689329664390 0.7898023128509521 0
1689329664435 0.7981269359588623 0
1689329664479 0.8012486696243286 0
1689329664523 0.8178980350494385 0
1689329664568 0.8095733523368835 0
1689329664612 0.8220603466033936 0
1689329664655 0.8251820802688599 0
1689329664698 0.8376690745353699 0
1689329664743 0.8428720235824585 0
1689329664789 0.8480749130249023 0
1689329664834 0.8709677457809448 0
1689329664877 0.8647242188453674 0
1689329664924 0.8543184399604797 0
1689329664969 0.8491154909133911 0
1689329665013 0.840790867805481 0
1689329665055 0.8470343351364136 0
1689329665100 0.857440173625946 0
1689329665145 0.8501560688018799 0
1689329665188 0.8501560688018799 0
1689329665232 0.8626430630683899 0
1689329665277 0.869927167892456 0
1689329665324 0.8844953179359436 0
1689329665369 0.9053069949150085 0
1689329665413 0.9011446237564087 0
1689329665457 0.9188345670700073 0
1689329665502 0.9240374565124512 0
1689329665546 0.9438085556030273 0
1689329665589 0.9490114450454712 0
1689329665633 0.9687825441360474 0
1689329665678 0.9791883230209351 0
1689329665723 1.0010405778884888 0
1689329665769 1.0010405778884888 0
1689329665817 1.0 0
1689329665862 1.0104057788848877 0
1689329665906 1.020811676979065 0
1689329665949 1.0166493654251099 0
1689329665992 1.0374609231948853 0
1689329666037 1.0374609231948853 0
1689329666079 1.0332986116409302 0
1689329666121 1.0405827760696411 0
1689329666166 1.0364203453063965 0
1689329666210 1.04994797706604 0
1689329666254 1.0655567646026611 0
1689329666296 1.080124855041504 0
1689329666339 1.0759625434875488 0
1689329666383 1.080124855041504 0
1689329666426 1.084287166595459 0
1689329666470 1.0946930646896362 0
1689329666514 1.1040582656860352 0
1689329666558 1.109261155128479 0
1689329666603 1.1227887868881226 0
1689329666647 1.1155047416687012 0
