1689329664385 0.6888484805822372 0
1689329664430 0.6844449937343597 0
1689329664475 0.6795508861541748 0
1689329664518 0.6738240122795105 0
1689329664563 0.666564591228962 0
1689329664607 0.6572119519114494 0
1689329664651 0.6450120732188225 0
1689329664694 0.629427969455719 0
1689329664738 0.6093147769570351 0
1689329664784 0.5845891088247299 0
1689329664829 0.5550645366311073 0
1689329664872 0.5216721966862679 0
1689329664919 0.48729248344898224 0
1689329664964 0.45564183965325356 0
1689329665008 0.43021054938435555 0
1689329665050 0.41274552419781685 0
1689329665094 0.4027086868882179 0
1689329665140 0.3980681151151657 0
1689329665183 0.39608796313405037 0
1689329665226 0.3948378935456276 0
1689329665272 0.3939564637839794 0
1689329665319 0.39332275837659836 0
1689329665363 0.3928125649690628 0
1689329665408 0.39262985438108444 0
1689329665452 0.3923678882420063 0
1689329665497 0.3922414891421795 0
1689329665541 0.39217523112893105 0
1689329665584 0.3920351155102253 0
1689329665629 0.39198723435401917 0
1689329665673 0.3919019065797329 0
1689329665717 0.3919322080910206 0
1689329665764 0.3918762281537056 0
1689329665812 0.39176012575626373 0
1689329665857 0.39173901081085205 0
1689329665901 0.3916769362986088 0
1689329665944 0.39161280915141106 0
1689329665987 0.3915557488799095 0
1689329666032 0.39149754866957664 0
1689329666075 0.39148298278450966 0
1689329666117 0.39143678545951843 0
1689329666161 0.3913728818297386 0
1689329666205 0.3913801312446594 0
1689329666249 0.39129744470119476 0
1689329666291 0.39123233407735825 0
1689329666334 0.39115842059254646 0
1689329666378 0.39109548553824425 0
1689329666422 0.3910866789519787 0
1689329666463 0.3910328783094883 0
1689329666509 0.39092980697751045 0
1689329666553 0.390907347202301 0
1689329666598 0.39082034677267075 0
1689329666642 0.39073876664042473 0
