1728037015708 0.6888351663947105 0
1728037015753 0.6726361811161041 0
1728037015797 0.6445380449295044 0
1728037015844 0.5909317061305046 0
1728037015892 0.5059419274330139 0
1728037016051 0.4235520586371422 0
1728037016100 0.400547843426466 0
1728037016149 0.40179791674017906 0
1728037016358 0.39405329897999763 0
1728037016519 0.3928457908332348 0
1728037016575 0.3928268700838089 0
1728037016622 0.39217059314250946 0
1728037016671 0.3921090438961983 0
1728037016805 0.3919222764670849 0
1728037016852 0.39177460595965385 0
1728037016901 0.39163342118263245 0
1728037016949 0.39150672033429146 0
1728037016997 0.39139236882328987 0
1728037017045 0.3912314847111702 0
