1728641708163 0.7998037338256836 0
1728641708227 0.8007850646972656 0
1728641708291 0.8017664551734924 0
1728641708354 0.827281653881073 0
1728641708417 0.8302257061004639 0
1728641708484 0.8086358904838562 0
1728641708550 0.8213935494422913 0
1728641708614 0.8253189325332642 0
1728641708676 0.8253189325332642 0
1728641708738 0.8331697583198547 0
1728641708801 0.8547595739364624 0
1728641708863 0.8675171732902527 0
1728641708925 0.8832188248634338 0
1728641708985 0.8949950933456421 0
1728641709047 0.8949950933456421 0
1728641709108 0.9195289611816406 0
1728641709175 0.9087340235710144 0
1728641709282 0.9106967449188232 0
1728641709349 0.92934250831604 0
1728641709429 0.92934250831604 0
1728641709512 0.9283611178398132 0
1728641709577 0.9479882121086121 0
1728641709659 0.9519136548042297 0
1728641709724 0.9371933341026306 0
1728641709792 0.9578017592430115 0
1728641709874 0.9744848012924194 0
1728641709976 0.9695780277252197 0
1728641710075 0.9764475226402283 0
1728641710155 0.98233562707901 0
1728641710224 1.013738989830017 0
1728641710296 1.0196270942687988 0
1728641710370 1.0157016515731812 0
1728641710445 1.036310076713562 0
1728641710514 1.0392541885375977 0
1728641710587 1.0647693872451782 0
1728641710658 1.07065749168396 0
1728641710738 1.0785083770751953 0
1728641710819 1.0794897079467773 0
1728641710893 1.0902845859527588 0
1728641710963 1.1020607948303223 0
1728641711033 1.0971540212631226 0
1728641711099 1.10598623752594 0
1728641711170 1.120706558227539 0
1728641711238 1.1472030878067017 0
1728641711304 1.140333652496338 0
1728641711371 1.153091311454773 0
1728641711439 1.153091311454773 0
1728641711505 1.157016634941101 0
1728641711581 1.1717369556427002 0
1728641711655 1.190382719039917 0
