1703844760975 0.6907433420419693 0
1703844761005 0.6854378394782543 0
1703844761036 0.6781893782317638 0
1703844761065 0.6656401939690113 0
1703844761095 0.6423714496195316 0
1703844761124 0.6019279956817627 0
1703844761153 0.5436877757310867 0
1703844761182 0.4792880769819021 0
1703844761210 0.43028985150158405 0
1703844761238 0.4083638358861208 0
1703844761266 0.4006600137799978 0
1703844761294 0.39690618216991425 0
1703844761323 0.3949194513261318 0
1703844761352 0.39372653141617775 0
1703844761381 0.3930826671421528 0
1703844761410 0.39258329570293427 0
1703844761439 0.3923952057957649 0
1703844761468 0.3923085667192936 0
1703844761498 0.39217557199299335 0
1703844761529 0.3921268992125988 0
1703844761559 0.3920580353587866 0
1703844761588 0.392001586034894 0
