1727432152698 0.6854553632438183 0
1727432152781 0.6710857339203358 0
1727432152866 0.6436132080852985 0
1727432153056 0.5921107791364193 0
1727432153128 0.5163905341178179 0
1727432153235 0.442655423656106 0
1727432153341 0.40576318092644215 0
1727432153410 0.39747977815568447 0
1727432153469 0.3944891858845949 0
1727432153546 0.3930360581725836 0
1727432153610 0.3924446292221546 0
1727432153929 0.3921199068427086 0
1727432154038 0.3919026870280504 0
1727432154096 0.39175269193947315 0
1727432154146 0.39162681996822357 0
1727432154237 0.39148884639143944 0
1727432154310 0.39135824888944626 0
1727432154375 0.3912172168493271 0
1727432154521 0.39107334427535534 0
1727432154583 0.39093802496790886 0
1727432154645 0.39077471010386944 0
1727432154710 0.3906374666839838 0
1727432154789 0.3904468696564436 0
1727432154856 0.390277536585927 0
1727432154933 0.39009786024689674 0
1727432154984 0.389888696372509 0
1727432155033 0.3896876107901335 0
