1692353731963 0.783419668674469 0
1692353731995 0.815544068813324 0
1692353732026 0.8196890950202942 0
1692353732058 0.804145097732544 0
1692353732089 0.807253897190094 0
1692353732120 0.803108811378479 0
1692353732151 0.7979274392127991 0
1692353732183 0.7979274392127991 0
1692353732214 0.790673553943634 0
1692353732245 0.804145097732544 0
1692353732276 0.8093264102935791 0
1692353732307 0.8093264102935791 0
1692353732338 0.8279792666435242 0
1692353732369 0.8352331519126892 0
1692353732400 0.8414507508277893 0
1692353732436 0.8404145240783691 0
1692353732468 0.8362694382667542 0
1692353732500 0.8373057246208191 0
1692353732531 0.8310880661010742 0
1692353732562 0.8455958366394043 0
1692353732593 0.8663212656974792 0
1692353732623 0.8932642340660095 0
1692353732659 0.8943005204200745 0
1692353732691 0.9108808040618896 0
1692353732723 0.9409326314926147 0
1692353732754 0.9347150325775146 0
1692353732786 0.9336787462234497 0
1692353732818 0.9430052042007446 0
1692353732850 0.9523316025733948 0
1692353732882 0.9440414309501648 0
1692353732914 0.9533678889274597 0
1692353732946 0.9585492014884949 0
1692353732977 0.9689119458198547 0
1692353733009 0.9658030867576599 0
1692353733041 0.9720207452774048 0
1692353733072 0.9689119458198547 0
