1711102399872 0.6841012798249722 0
1711102399931 0.675380103290081 0
1711102400089 0.6626684404909611 0
1711102400148 0.6413914076983929 0
1711102400205 0.6059573404490948 0
1711102400353 0.5526172630488873 0
1711102400411 0.4869477432221174 0
1711102400464 0.4292932152748108 0
1711102400520 0.4019457772374153 0
1711102400571 0.3963250443339348 0
1711102400729 0.39446201361715794 0
1711102400778 0.393352834507823 0
1711102400829 0.39290288649499416 0
1711102400979 0.3926434013992548 0
1711102401030 0.3925042077898979 0
1711102401081 0.39235505275428295 0
1711102401131 0.3922689873725176 0
