1711102399881 0.7875126004219055 0
1711102399939 0.807653546333313 0
1711102400101 0.8177240490913391 0
1711102400158 0.8499496579170227 0
1711102400219 0.8277945518493652 0
1711102400361 0.8237663507461548 0
1711102400420 0.8418932557106018 0
1711102400474 0.8469284772872925 0
1711102400528 0.8408861756324768 0
1711102400584 0.8348439335823059 0
1711102400741 0.8559919595718384 0
1711102400788 0.8882175087928772 0
1711102400837 0.9063444137573242 0
1711102400988 0.9476334452629089 0
1711102401039 0.9466263651847839 0
1711102401089 0.9446122646331787 0
1711102401140 0.9436052441596985 0
