1715940781907 0.7770000100135803 0
1715940781963 0.7900000214576721 0
1715940782015 0.8019999861717224 0
1715940782068 0.8669999837875366 0
1715940782121 0.9279999732971191 0
1715940782174 0.9629999995231628 0
1715940782227 1.0219999551773071 0
1715940782280 1.0700000524520874 0
1715940782333 1.031000018119812 0
1715940782386 1.1019999980926514 0
1715940782439 1.1660000085830688 0
1715940782491 1.2000000476837158 0
1715940782546 1.184999942779541 0
1715940782598 1.2910000085830688 0
1715940782653 1.3550000190734863 0
1715940782705 1.3899999856948853 0
1715940782757 1.4600000381469727 0
1715940782878 1.534000039100647 0
1715940782930 1.5880000591278076 0
