1715940781900 0.6771489232778549 0
1715940781956 0.6016041040420532 0
1715940782008 0.4523337911814451 0
1715940782061 0.40123211219906807 0
1715940782114 0.3933302704244852 0
1715940782167 0.39242204278707504 0
1715940782220 0.391909284517169 0
1715940782273 0.3916710913181305 0
1715940782326 0.39134185016155243 0
1715940782378 0.39096853882074356 0
1715940782432 0.3906195107847452 0
1715940782484 0.3903247192502022 0
1715940782539 0.3898641802370548 0
1715940782591 0.38942502066493034 0
1715940782646 0.3889794163405895 0
1715940782698 0.3884472232311964 0
1715940782750 0.3879616819322109 0
1715940782871 0.38736566342413425 0
1715940782923 0.3867001496255398 0
