1688120035884 0.8081334829330444 0
1688120035939 0.7997914552688599 0
1688120035996 0.8175182342529297 0
1688120036050 0.78206467628479 0
1688120036106 0.8029196858406067 0
1688120036161 0.8143900036811829 0
1688120036215 0.8998957276344299 0
1688120036270 0.9541188478469849 0
1688120036327 0.9635036587715149 0
1688120036444 0.9916579723358154 0
1688120036564 0.9979144930839539 0
1688120036645 1.0229405164718628 0
1688120036727 1.023983359336853 0
1688120036812 1.0531803369522095 0
1688120036941 1.1157455444335938 0
1688120037059 1.1230448484420776 0
