1685700735771 0.7926701307296753 0
1685700735830 0.7853403091430664 0
1685700735882 0.8136125802993774 0
1685700735929 0.800000011920929 0
1685700735970 0.7979057431221008 0
1685700736012 0.8230366706848145 0
1685700736054 0.9413612484931946 0
1685700736096 0.9099476337432861 0
1685700736137 0.9193717241287231 0
1685700736179 0.9675392508506775 0
1685700736222 0.981151819229126 0
1685700736264 1.0240837335586548 0
1685700736306 1.0712041854858398 0
1685700736347 1.0596858263015747 0
1685700736387 1.073298454284668 0
1685700736428 1.0869109630584717 0
1685700736467 1.1486910581588745 0
1685700736507 1.1801047325134277 0
1685700736547 1.2774869203567505 0
1685700736586 1.2921465635299683 0
