1710497595990 0.6617540505624586 0
1710497596062 0.5237687008996164 0
1710497596129 0.40328741938837115 0
1710497596192 0.3932132470992304 0
1710497596257 0.3922123582132401 0
1710497596322 0.39186530343947873 0
1710497596383 0.39159484351834944 0
1710497596445 0.3912358572406153 0
1710497596510 0.39083581393764866 0
1710497596567 0.39039020288375115 0
1710497596640 0.38997393654238793 0
1710497596705 0.3894425755546939 0
1710497596773 0.38889192573485837 0
1710497596831 0.3882578870942516 0
1710497596887 0.3876932426806419 0
