1699611136773 0.6858430579304695 0
1699611136800 0.672809898853302 0
1699611136828 0.651397667825222 0
1699611136853 0.6157989874482155 0
1699611136879 0.562456451356411 0
1699611136905 0.4957513399422169 0
1699611136931 0.43696192279458046 0
1699611136957 0.4085990935564041 0
1699611136983 0.4021627604961395 0
1699611137009 0.39696409180760384 0
1699611137036 0.3930947594344616 0
1699611137064 0.39237215369939804 0
1699611137135 0.3920684866607189 0
1699611137164 0.3917626589536667 0
1699611137189 0.3916018232703209 0
1699611137216 0.39143814891576767 0
1699611137241 0.39123886451125145 0
1699611137267 0.3911781758069992 0
