1715940779747 0.8209999799728394 0
1715940779801 0.8370000123977661 0
1715940779865 0.843999981880188 0
1715940779931 0.8579999804496765 0
1715940779988 0.9010000228881836 0
1715940780042 0.9440000057220459 0
1715940780099 0.9570000171661377 0
1715940780152 0.984000027179718 0
1715940780206 1.0019999742507935 0
1715940780258 1.0470000505447388 0
1715940780312 1.069000005722046 0
1715940780364 1.0839999914169312 0
1715940780417 1.1360000371932983 0
1715940780479 1.1710000038146973 0
1715940780535 1.1610000133514404 0
1715940780589 1.2059999704360962 0
1715940780653 1.218999981880188 0
