1721988842552 0.6922080293297768 0
1721988842608 0.6891270354390144 0
1721988842643 0.6853379011154175 0
1721988842678 0.680122546851635 0
1721988842712 0.6723983362317085 0
1721988842763 0.6610053405165672 0
1721988842831 0.644668847322464 0
1721988842882 0.6228337362408638 0
1721988842918 0.5955363065004349 0
1721988842956 0.5638172477483749 0
1721988843017 0.5300536155700684 0
1721988843068 0.4975820668041706 0
1721988843135 0.46875442937016487 0
1721988843355 0.44608624279499054 0
1721988843390 0.4295750930905342 0
1721988843425 0.4183392748236656 0
1721988843457 0.4108189530670643 0
1721988843490 0.40546316280961037 0
1721988843523 0.4015352576971054 0
1721988843554 0.39864541217684746 0
1721988843585 0.3967014215886593 0
1721988843660 0.39529380574822426 0
1721988843731 0.39437803253531456 0
1721988843798 0.39364808425307274 0
1721988843855 0.39317501708865166 0
1721988843886 0.3927742466330528 0
1721988843918 0.39252420142292976 0
1721988843951 0.39227890223264694 0
1721988843985 0.3921077065169811 0
1721988844019 0.39199741929769516 0
1721988844052 0.39186904951930046 0
1721988844084 0.39176397398114204 0
1721988844146 0.391671858727932 0
