1685096038080 0.75157231092453 0
1685096038175 0.7830188870429993 0
1685096038313 0.802935004234314 0
1685096038378 0.8144654035568237 0
1685096038421 0.8123689889907837 0
1685096038463 0.8092243075370789 0
1685096038506 0.8123689889907837 0
1685096038592 0.8092243075370789 0
1685096038651 0.8071278929710388 0
1685096038694 0.8259958028793335 0
1685096038747 0.9077568054199219 0
1685096038880 0.954926609992981 0
1685096039001 0.9622641801834106 0
1685096039186 0.9821802973747253 0
1685096039258 1.0094339847564697 0
1685096039301 1.0104821920394897 0
1685096039344 1.0587002038955688 0
1685096039403 1.088050365447998 0
1685096039471 1.0859538316726685 0
1685096039537 1.1142557859420776 0
1685096039600 1.1446540355682373 0
1685096039675 1.148846983909607 0
1685096039745 1.1761006116867065 0
1685096039833 1.1771488189697266 0
1685096040006 1.2044025659561157 0
1685096040105 1.243186593055725 0
1685096040198 1.243186593055725 0
1685096040268 1.2641509771347046 0
1685096040334 1.286163568496704 0
1685096040403 1.3647798299789429 0
1685096040465 1.345911979675293 0
1685096040529 1.3784067630767822 0
1685096040602 1.4035639762878418 0
1685096040672 1.4203354120254517 0
1685096041034 1.4287211894989014 0
1685096041099 1.4622641801834106 0
1685096041182 1.49790358543396 0
1685096041259 1.5178197622299194 0
1685096041339 1.50104820728302 0
1685096041478 1.541928768157959 0
1685096041576 1.5607966184616089 0
1685096041661 1.5849056243896484 0
1685096041726 1.6247379779815674 0
1685096041790 1.6362683773040771 0
1685096041846 1.653039813041687 0
1685096041898 1.6603773832321167 0
