1685096038063 0.693263832728068 0
1685096038167 0.6805370330810547 0
1685096038236 0.6564281860987345 0
1685096038374 0.6115699927012126 0
1685096038416 0.5424253185590108 0
1685096038459 0.46812293529510496 0
1685096038502 0.42127227584520976 0
1685096038586 0.4042141377925873 0
1685096038647 0.3974379201730092 0
1685096038689 0.3940221846103668 0
1685096038742 0.39267301360766094 0
1685096038876 0.3921406904856364 0
1685096038997 0.3918540239334106 0
1685096039141 0.39169979294141133 0
1685096039254 0.3915309210618337 0
1685096039297 0.3913817763328552 0
1685096039340 0.3912382920583089 0
1685096039392 0.3911112189292908 0
1685096039467 0.3909327507019043 0
1685096039529 0.3907759686311086 0
1685096039596 0.3906230727831523 0
1685096039665 0.39043288032213846 0
1685096039740 0.390289564927419 0
1685096039820 0.3901173293590546 0
1685096039994 0.3899466097354889 0
1685096040099 0.3897466242313385 0
1685096040188 0.3895768463611603 0
1685096040256 0.38939937750498455 0
1685096040328 0.38917620380719503 0
1685096040395 0.38896108865737916 0
1685096040461 0.38873637119928994 0
1685096040519 0.3885386963685354 0
1685096040594 0.38828264077504476 0
1685096040664 0.38804465929667153 0
1685096041030 0.38780200680096943 0
1685096041093 0.3875503679116567 0
1685096041173 0.38726786971092225 0
1685096041255 0.3869893511136373 0
1685096041324 0.38673003514607746 0
1685096041473 0.38638943632443745 0
1685096041563 0.3861263612906138 0
1685096041656 0.38581042289733886 0
1685096041718 0.3854814648628235 0
1685096041786 0.3851000885168711 0
1685096041840 0.38475385308265686 0
1685096041894 0.38437491257985434 0
