1729246575349 0.7980391979217529 0
1729246575397 0.8274509906768799 0
1729246575440 0.8009803891181946 0
1729246575481 0.8147059082984924 0
1729246575523 0.8156862854957581 0
1729246575610 0.8156862854957581 0
1729246575653 0.8235294222831726 0
1729246575698 0.8166666626930237 0
1729246575743 0.8196078538894653 0
1729246575787 0.8235294222831726 0
1729246575828 0.8392156958580017 0
1729246575870 0.8490195870399475 0
1729246575908 0.8735294342041016 0
1729246575951 0.9147058725357056 0
1729246575997 0.9019607901573181 0
1729246576044 0.9372549057006836 0
1729246576091 0.929411768913269 0
1729246576145 0.9313725233078003 0
1729246576212 0.9401960968971252 0
