1725012921830 0.6844058986753225 0
1725012921894 0.6524829715490341 0
1725012921961 0.5689191687852144 0
1725012922035 0.44813198037445545 0
1725012922098 0.40167729184031487 0
1725012922163 0.39538300037384033 0
1725012922222 0.3935181312263012 0
1725012922280 0.3928117835894227 0
1725012922340 0.3925258331000805 0
1725012922399 0.3923430172726512 0
1725012922457 0.39219904970377684 0
1725012922514 0.392044304870069 0
1725012922572 0.39187979977577925 0
1725012922630 0.3917802516371012 0
1725012922690 0.3916279571130872 0
1725012922747 0.39147516153752804 0
1725012922814 0.39132236409932375 0
