1729851327661 0.8129284977912903 0
1729851327711 0.8148873448371887 0
1729851327766 0.796278178691864 0
1729851327819 0.8227227926254272 0
1729851327869 0.9275220632553101 0
1729851327918 0.9823701977729797 0
1729851327968 1.019588589668274 0
1729851328018 1.095004916191101 0
1729851328070 1.105778694152832 0
1729851328129 1.1557296514511108 0
1729851328184 1.1988246440887451 0
1729851328250 1.2370225191116333 0
1729851328315 1.2987267971038818 0
1729851328365 1.3525954484939575 0
1729851328413 1.4064642190933228 0
1729851328482 1.4378061294555664 0
1729851328539 1.50636625289917 0
