1698401502559 0.7720739245414734 0
1698401502595 0.7802874445915222 0
1698401502630 0.7741273045539856 0
1698401502665 0.7936344742774963 0
1698401502699 0.8059548139572144 0
1698401502734 0.7956879138946533 0
1698401502768 0.8110883235931396 0
1698401502803 0.8121150135993958 0
1698401502837 0.8008213639259338 0
1698401502871 0.7967146039009094 0
1698401502905 0.7926077842712402 0
1698401502940 0.790554404258728 0
1698401502974 0.7936344742774963 0
1698401503009 0.7895277142524719 0
1698401503042 0.7895277142524719 0
1698401503077 0.790554404258728 0
1698401503110 0.790554404258728 0
1698401503145 0.7967146039009094 0
1698401503179 0.8151950836181641 0
1698401503213 0.8131417036056519 0
1698401503248 0.8480492830276489 0
1698401503282 0.8839835524559021 0
1698401503316 0.9096509218215942 0
1698401503351 0.9168378114700317 0
1698401503384 0.9332649111747742 0
