1721384013955 0.6879640370607376 0
1721384013994 0.6825862526893616 0
1721384014034 0.6760208904743195 0
1721384014074 0.6672986745834351 0
1721384014114 0.6552691087126732 0
1721384014175 0.6383696421980858 0
1721384014231 0.6152836084365845 0
1721384014314 0.5854041799902916 0
1721384014384 0.5490956157445908 0
1721384014421 0.5093273930251598 0
1721384014459 0.4714501239359379 0
1721384014496 0.44092971459031105 0
1721384014533 0.4206674322485924 0
1721384014568 0.40990156307816505 0
1721384014601 0.40415384992957115 0
1721384014637 0.4004139117896557 0
1721384014677 0.39768723398447037 0
1721384014713 0.39574502781033516 0
1721384014748 0.39452486857771873 0
1721384014785 0.39376406744122505 0
1721384014822 0.3932658024132252 0
1721384014858 0.3929287791252136 0
1721384014894 0.39266978576779366 0
1721384014929 0.3925040401518345 0
1721384014964 0.39238307625055313 0
1721384015000 0.3922615945339203 0
1721384015035 0.3921605311334133 0
1721384015071 0.39208587631583214 0
1721384015107 0.3920030817389488 0
1721384015143 0.3919331021606922 0
1721384015180 0.3918575048446655 0
1721384015216 0.3917965404689312 0
1721384015360 0.3917308337986469 0
1721384015391 0.3916642963886261 0
