1721384013965 0.754960298538208 0
1721384014004 0.7559523582458496 0
1721384014044 0.7430555820465088 0
1721384014084 0.7509920597076416 0
1721384014123 0.7569444179534912 0
1721384014185 0.7470238208770752 0
1721384014240 0.7440476417541504 0
1721384014325 0.7470238208770752 0
1721384014393 0.75 0
1721384014430 0.738095223903656 0
1721384014468 0.7410714030265808 0
1721384014506 0.7460317611694336 0
1721384014543 0.7628968358039856 0
1721384014576 0.766865074634552 0
1721384014610 0.766865074634552 0
1721384014649 0.761904776096344 0
1721384014686 0.7628968358039856 0
1721384014722 0.7817460298538208 0
1721384014757 0.8214285969734192 0
1721384014794 0.8472222089767456 0
1721384014831 0.8650793433189392 0
1721384014867 0.8769841194152832 0
1721384014903 0.886904776096344 0
1721384014937 0.9117063283920288 0
1721384014973 0.9295634627342224 0
1721384015009 0.9533730149269104 0
1721384015044 0.966269850730896 0
1721384015080 0.983134925365448 0
1721384015116 0.9771825671195984 0
1721384015152 0.9672619104385376 0
1721384015189 0.9851190447807312 0
1721384015225 0.9900793433189392 0
1721384015368 0.995039701461792 0
1721384015399 0.9960317611694336 0
