1696587206231 0.6748629789198598 0
1696587206335 0.565275106699236 0
1696587206430 0.40936412638233555 0
1696587206521 0.3938483980394179 0
1696587206608 0.3927722236802501 0
1696587206690 0.39250119270816924 0
1696587206754 0.3922646151434991 0
1696587206820 0.3919916720159592 0
1696587206900 0.391679915689653 0
1696587206965 0.391340353796559 0
1696587207033 0.39110832445083127 0
1696587207102 0.39083737038796945 0
1696587207167 0.39048470412531205 0
1696587207229 0.3902042094738253 0
1696587207292 0.3897915549816624 0
1696587207356 0.38941084184954244 0
1696587207419 0.3890368688491083 0
