1696587206242 0.8271604776382446 0
1696587206347 0.8199588656425476 0
1696587206439 0.8230452537536621 0
1696587206531 0.8806584477424622 0
1696587206619 0.9269547462463379 0
1696587206696 0.9248971343040466 0
1696587206760 1.0 0
1696587206825 1.031893014907837 0
1696587206907 1.0360082387924194 0
1696587206971 1.0812757015228271 0
1696587207039 1.1244856119155884 0
1696587207108 1.1275720596313477 0
1696587207172 1.155349850654602 0
1696587207235 1.2530864477157593 0
1696587207298 1.2376543283462524 0
1696587207362 1.2890946865081787 0
1696587207424 1.3281892538070679 0
