1695982361433 0.6776172807139735 0
1695982361514 0.5434365637840763 0
1695982361595 0.4035724622588004 0
1695982361662 0.3932755829826478 0
1695982361724 0.39232783644430097 0
1695982361929 0.3920567756698978 0
1695982362119 0.39178340761892255 0
1695982362273 0.3914140337897885 0
1695982362415 0.39099801644202203 0
1695982362508 0.39055003177735115 0
1695982362618 0.389980488246487 0
1695982362692 0.3894878693165318 0
1695982362752 0.3889486530134755 0
1695982362814 0.38824685062131575 0
1695982362876 0.38756640784202084 0
1695982363069 0.3869394265836285 0
1695982363139 0.3859300200016268 0
1695982363201 0.3850493411864004 0
