1685096057980 0.8218029141426086 0
1685096058033 0.8165618181228638 0
1685096058082 0.8176100850105286 0
1685096058132 0.8176100850105286 0
1685096058181 0.8312368988990784 0
1685096058231 0.8343815803527832 0
1685096058280 0.8522012829780579 0
1685096058328 0.8721174001693726 0
1685096058378 0.8763102889060974 0
1685096058428 0.9287211894989014 0
1685096058477 0.945492684841156 0
1685096058527 0.9412997961044312 0
1685096058575 1.00419282913208 0
1685096058623 1.0062893629074097 0
1685096058672 0.9947589039802551 0
1685096058723 1.0345911979675293 0
1685096058775 1.0524109601974487 0
1685096058825 1.0828092098236084 0
1685096058874 1.1174004077911377 0
