1692353722049 0.680784597992897 0
1692353722088 0.6553392931818962 0
1692353722149 0.6046944633126259 0
1692353722217 0.5157162994146347 0
1692353722257 0.42319441214203835 0
1692353722346 0.40320152044296265 0
1692353722392 0.40155206993222237 0
1692353722452 0.39330950751900673 0
1692353722489 0.3936491869390011 0
1692353722561 0.39260493218898773 0
1692353722611 0.3922859914600849 0
1692353722647 0.39208292216062546 0
1692353722685 0.39191392436623573 0
1692353722722 0.39168209210038185 0
1692353722759 0.39144156500697136 0
