1723198547510 0.6931705623865128 0
1723198547603 0.685279443860054 0
1723198547688 0.6759470403194427 0
1723198547749 0.6636268645524979 0
1723198547864 0.6471787765622139 0
1723198547935 0.6255953386425972 0
1723198548009 0.5983668118715286 0
1723198548126 0.5658557340502739 0
1723198548266 0.5301384851336479 0
1723198548330 0.49512574449181557 0
1723198548390 0.46428459510207176 0
1723198548532 0.4405105300247669 0
1723198548668 0.4241136871278286 0
1723198548770 0.41376782953739166 0
1723198548842 0.40722937881946564 0
1723198548904 0.40289542078971863 0
1723198548975 0.39966021478176117 0
1723198549087 0.39729269221425056 0
1723198549220 0.3956473767757416 0
1723198549292 0.39450157433748245 0
1723198549354 0.3937344439327717 0
1723198549415 0.39313747361302376 0
1723198549481 0.3927856683731079 0
1723198549565 0.3924867659807205 0
1723198549657 0.3922794423997402 0
1723198549719 0.3920954689383507 0
1723198549822 0.3919506333768368 0
1723198549905 0.3918389342725277 0
1723198549978 0.39172952994704247 0
1723198550111 0.39163530245423317 0
