1715336040570 0.7014354839920998 0
1715336040602 0.6954845860600471 0
1715336040642 0.6901673004031181 0
1715336040694 0.6839030086994171 0
1715336040722 0.6739209443330765 0
1715336040749 0.6580704897642136 0
1715336040776 0.6350283473730087 0
1715336040802 0.6038329526782036 0
1715336040829 0.5645979940891266 0
1715336040855 0.5212486125528812 0
1715336040881 0.48150837421417236 0
1715336040908 0.45103589817881584 0
1715336040935 0.43146735802292824 0
1715336040962 0.4193541817367077 0
1715336040989 0.4107779525220394 0
1715336041015 0.40437832847237587 0
1715336041042 0.39992984384298325 0
1715336041068 0.39716386422514915 0
1715336041095 0.3953094854950905 0
1715336041122 0.3942253291606903 0
1715336041149 0.3934156745672226 0
1715336041175 0.39291976764798164 0
1715336041202 0.3926240764558315 0
1715336041229 0.39238546043634415 0
1715336041299 0.39221299067139626 0
1715336041330 0.39210695773363113 0
1715336041362 0.39198604226112366 0
1715336041394 0.39186832681298256 0
1715336041427 0.391789797693491 0
1715336041458 0.3917282298207283 0
1715336041489 0.3916497156023979 0
1715336041521 0.3915836773812771 0
1715336041551 0.39148275926709175 0
1715336041583 0.39141353592276573 0
1715336041615 0.3913460299372673 0
1715336041648 0.3912643864750862 0
1715336041681 0.3911920636892319 0
1715336041714 0.39108890295028687 0
1715336041747 0.39098285138607025 0
1715336041780 0.39091531187295914 0
1715336041816 0.3907921835780144 0
1715336041849 0.3907022699713707 0
