1721988840907 0.7710604667663574 0
1721988840943 0.8007928729057312 0
1721988840977 0.8394449949264526 0
1721988841138 0.8444004058837891 0
1721988841184 0.8444004058837891 0
1721988841232 0.8196234107017517 0
1721988841334 0.799801766872406 0
1721988841440 0.79682856798172 0
1721988841537 0.8146679997444153 0
1721988841570 0.7859266400337219 0
1721988841604 0.7938553094863892 0
1721988841723 0.8017839193344116 0
1721988841809 0.8087214827537537 0
1721988841865 0.8146679997444153 0
1721988841898 0.8235877156257629 0
1721988841932 0.8216055631637573 0
1721988841966 0.8275520205497742 0
1721988842000 0.8721506595611572 0
1721988842033 0.8909811973571777 0
1721988842066 0.9395440816879272 0
1721988842100 0.9504460096359253 0
1721988842134 0.9990088939666748 0
1721988842167 1.0247770547866821 0
1721988842200 1.0485628843307495 0
1721988842234 1.0495539903640747 0
1721988842314 1.0683845281600952 0
1721988842372 1.075322151184082 0
1721988842410 1.108027696609497 0
