1691748740985 0.6915249153971672 0
1691748741024 0.6840624511241913 0
1691748741112 0.6743040382862091 0
1691748741143 0.659816324710846 0
1691748741176 0.6384274289011955 0
1691748741219 0.6079419851303101 0
1691748741268 0.5678753331303596 0
1691748741350 0.5197302438318729 0
1691748741380 0.47211093083024025 0
1691748741412 0.4340694360435009 0
1691748741463 0.412398599088192 0
1691748741505 0.403356097638607 0
1691748741543 0.39932073652744293 0
1691748741598 0.39626194164156914 0
1691748741660 0.39393651485443115 0
1691748741726 0.39312030002474785 0
1691748741762 0.3926979750394821 0
1691748741806 0.3923855721950531 0
1691748741946 0.3922601602971554 0
1691748742007 0.3921603634953499 0
1691748742065 0.3920619748532772 0
1691748742179 0.3919484168291092 0
1691748742262 0.3918773829936981 0
1691748742312 0.39188002794981003 0
1691748742371 0.39176318049430847 0
