1691748740992 0.8122406601905823 0
1691748741042 0.8101660013198853 0
1691748741117 0.8257261514663696 0
1691748741149 0.8049792647361755 0
1691748741181 0.8153526782989502 0
1691748741224 0.8257261514663696 0
1691748741279 0.8163900375366211 0
1691748741355 0.8205394148826599 0
1691748741386 0.8163900375366211 0
1691748741422 0.8267635107040405 0
1691748741469 0.8246887922286987 0
1691748741510 0.8288381695747375 0
1691748741552 0.8350622653961182 0
1691748741603 0.8329875469207764 0
1691748741685 0.8526970744132996 0
1691748741736 0.8713693022727966 0
1691748741767 0.8931535482406616 0
1691748741814 0.9066389799118042 0
1691748741963 0.9450207352638245 0
1691748742021 0.9346473217010498 0
1691748742094 0.9719917178153992 0
1691748742185 0.9730290174484253 0
1691748742272 0.9699169993400574 0
1691748742319 0.9709543585777283 0
1691748742429 0.9813277721405029 0
