1689329660842 0.6816810145974159 0
1689329660885 0.6702729240059853 0
1689329660927 0.6517935916781425 0
1689329660971 0.6203084401786327 0
1689329661012 0.5685772895812988 0
1689329661055 0.5038815028965473 0
1689329661096 0.4528361111879349 0
1689329661140 0.4218578916043043 0
1689329661184 0.40635506995022297 0
1689329661226 0.39950274862349033 0
1689329661272 0.3971712701022625 0
1689329661314 0.3947147037833929 0
1689329661356 0.3944970779120922 0
1689329661398 0.39339732751250267 0
1689329661440 0.3931782394647598 0
1689329661481 0.39219130761921406 0
1689329661522 0.39295915327966213 0
1689329661564 0.3924115914851427 0
1689329661606 0.39239607751369476 0
1689329661649 0.39148200303316116 0
1689329661692 0.39209806360304356 0
1689329661736 0.39139220491051674 0
1689329661782 0.3913295343518257 0
