1689329660847 0.8064516186714172 0
1689329660890 0.8303850293159485 0
1689329660932 0.8106139302253723 0
1689329660976 0.7929240465164185 0
1689329661017 0.8064516186714172 0
1689329661060 0.8002080917358398 0
1689329661102 0.8033298850059509 0
1689329661145 0.7908428907394409 0
1689329661189 0.8033298850059509 0
1689329661231 0.8054110407829285 0
1689329661277 0.8210197687149048 0
1689329661319 0.8480749130249023 0
1689329661361 0.8626430630683899 0
1689329661403 0.878251850605011 0
1689329661445 0.8896982073783875 0
1689329661486 0.95005202293396 0
1689329661527 0.954214334487915 0
1689329661569 0.9635795950889587 0
1689329661611 0.9843912720680237 0
1689329661654 0.9739854335784912 0
1689329661697 0.9895941615104675 0
1689329661742 1.0228928327560425 0
1689329661787 1.0083246231079102 0
