1684491166435 0.6757521390914917 0
1684491166495 0.5979251464207967 0
1684491166554 0.43918879628181456 0
1684491166613 0.39723943869272865 0
1684491166672 0.39304169913132986 0
1684491166742 0.39244491755962374 0
1684491166816 0.3922485838333766 0
1684491166913 0.39201494654019675 0
1684491167002 0.39183485706647236 0
1684491167077 0.3915461758772532 0
1684491167189 0.39125746488571167 0
1684491167274 0.39100711345672606 0
1684491167365 0.39070879022280375 0
1684491167460 0.3903859555721283 0
1684491167669 0.3899930715560913 0
1684491167892 0.38969081044197085 0
1684491168010 0.38928813437620796 0
1684491168236 0.38883594473203026 0
1684491168416 0.388441730539004 0
1684491168497 0.3879400094350179 0
