1684491166439 0.8092243075370789 0
1684491166499 0.8396226167678833 0
1684491166558 0.8354297876358032 0
1684491166617 0.846960186958313 0
1684491166676 0.901467502117157 0
1684491166750 0.945492684841156 0
1684491166820 0.9643605947494507 0
1684491166920 0.9643605947494507 0
1684491167007 1.0136268138885498 0
1684491167087 1.0178197622299194 0
1684491167193 1.0597484111785889 0
1684491167278 1.0849056243896484 0
1684491167372 1.1027253866195679 0
1684491167471 1.1614255905151367 0
1684491167681 1.1897274255752563 0
1684491167896 1.2358490228652954 0
1684491168138 1.2693920135498047 0
1684491168242 1.3542976379394531 0
1684491168420 1.3385744094848633 0
1684491168502 1.392033576965332 0
