1700215946652 0.6827405979556422 0
1700215946703 0.6607545345060287 0
1700215946753 0.6155181757865413 0
1700215946803 0.5309172061181837 0
1700215946852 0.43879854871380713 0
1700215946901 0.4006027521625642 0
1700215946949 0.39519009859331194 0
1700215947000 0.39364195542950786 0
1700215947049 0.39305564568888757 0
1700215947098 0.3927614592736767 0
1700215947147 0.3925328379677188 0
1700215947196 0.39240281716469794 0
1700215947245 0.39226854135913236 0
1700215947295 0.3921146902345842 0
1700215947343 0.39202225304418997 0
1700215947392 0.3918893096908446 0
1700215947442 0.39177712701982065 0
1700215947491 0.39160508398086796 0
1700215947540 0.3914696478074597 0
1700215947590 0.3914132887317288 0
1700215947640 0.3912313407467258 0
