1692958408804 0.7712215185165405 0
1692958408849 0.7774327397346497 0
1692958408993 0.7908902764320374 0
1692958409101 0.7867494821548462 0
1692958409144 0.7763975262641907 0
1692958409187 0.7991718649864197 0
1692958409230 0.8022774457931519 0
1692958409273 0.7898550629615784 0
1692958409316 0.7981366515159607 0
1692958409385 0.7960662245750427 0
1692958409476 0.7960662245750427 0
1692958409519 0.8002070188522339 0
1692958409563 0.7939958572387695 0
1692958409606 0.781573474407196 0
1692958409667 0.7939958572387695 0
1692958409744 0.7950310707092285 0
1692958409819 0.7950310707092285 0
1692958409890 0.7981366515159607 0
1692958409970 0.7981366515159607 0
1692958410040 0.7939958572387695 0
1692958410105 0.7950310707092285 0
1692958410148 0.7991718649864197 0
1692958410234 0.8033125996589661 0
1692958410276 0.8033125996589661 0
1692958410369 0.8115941882133484 0
1692958410411 0.8136646151542664 0
1692958410454 0.8198757767677307 0
1692958410497 0.8229813575744629 0
1692958410541 0.8188405632972717 0
1692958410603 0.828157365322113 0
1692958410647 0.8426501154899597 0
1692958410690 0.8478260636329651 0
1692958410733 0.8498964905738831 0
1692958410797 0.8457556962966919 0
1692958410888 0.8592132329940796 0
1692958411224 0.8840579986572266 0
1692958411270 0.9006211161613464 0
1692958411339 0.9089027047157288 0
1692958411439 0.9171842932701111 0
1692958411591 0.9285714030265808 0
1692958411696 0.9316770434379578 0
1692958411738 0.9513457417488098 0
1692958411781 0.95652174949646 0
1692958411823 0.9699792861938477 0
