1702635399413 0.690635684877634 0
1702635399795 0.6630909293889999 0
1702635400175 0.6026485338807106 0
1702635400556 0.5035529620945454 0
1702635400892 0.4272755943238735 0
1702635401227 0.40505058504641056 0
1702635401611 0.39653168246150017 0
1702635401948 0.3934682607650757 0
1702635402332 0.39253755286335945 0
1702635402667 0.39204365387558937 0
1702635403049 0.3917477857321501 0
1702635403385 0.39146989583969116 0
1702635403764 0.3912844769656658 0
1702635404110 0.3911261595785618 0
1702635404459 0.39086767844855785 0
1702635404754 0.3905881606042385 0
1702635405087 0.39039220474660397 0
1702635405466 0.39011507853865623 0
1702635405846 0.38969558104872704 0
1702635406225 0.38941339030861855 0
1702635406603 0.389293123036623 0
1702635406981 0.3889121823012829 0
