1702635399585 0.8338429927825928 0
1702635399968 0.7910295724868774 0
1702635400346 0.8053007125854492 0
1702635400686 0.8042813539505005 0
1702635401021 0.8073394298553467 0
1702635401399 0.8124362826347351 0
1702635401783 0.8542304039001465 0
1702635402119 0.9072375297546387 0
1702635402460 0.8970438241958618 0
1702635402841 0.9123343229293823 0
1702635403220 0.9806320071220398 0
1702635403557 0.9877675771713257 0
1702635403892 1.0397553443908691 0
1702635404242 1.0784913301467896 0
1702635404589 1.0723751783370972 0
1702635404883 1.1029561758041382 0
1702635405259 1.1182466745376587 0
1702635405640 1.1896024942398071 0
1702635406018 1.1957186460494995 0
1702635406397 1.2262996435165405 0
1702635406775 1.2048929929733276 0
1702635407153 1.314984679222107 0
