1715336033370 0.6855622008442879 0
1715336033408 0.6556841842830181 0
1715336033450 0.5860241129994392 0
1715336033490 0.4809021893888712 0
1715336033598 0.41853586584329605 0
1715336033703 0.40247667767107487 0
1715336033769 0.3952547013759613 0
1715336033806 0.39324127696454525 0
1715336033846 0.39242663607001305 0
1715336033885 0.39218984730541706 0
1715336033924 0.39199279993772507 0
1715336033961 0.3918803036212921 0
1715336034001 0.3916895668953657 0
1715336034092 0.3915585298091173 0
1715336034207 0.39136381819844246 0
1715336034269 0.39114971086382866 0
1715336034305 0.390963239595294 0
1715336034344 0.3908109478652477 0
1715336034384 0.3906083181500435 0
1715336034486 0.39034412801265717 0
