1679738891404 0.689970068136851 0
1679738891607 0.6733515977859497 0
1679738891891 0.6447849631309509 0
1679738892178 0.5951287666956584 0
1679738892462 0.524094267686208 0
1679738892664 0.46007293860117593 0
1679738892949 0.42639174660046897 0
1679738893230 0.40966012676556907 0
1679738893512 0.4002278486887614 0
1679738893795 0.3955906132857005 0
1679738894076 0.39342810908953346 0
1679738894359 0.39236507813135785 0
1679738894654 0.39189367890357973 0
1679738894951 0.3915944159030914 0
1679738895301 0.3913879652818044 0
1679738895591 0.3911720871925354 0
1679738895926 0.3910245736440023 0
1679738896251 0.39084980885187787 0
