1679738891531 0.7790697813034058 0
1679738891734 0.8065539002418518 0
1679738892017 0.8097251653671265 0
1679738892304 0.8181818127632141 0
1679738892588 0.8065539002418518 0
1679738892789 0.8192389011383057 0
1679738893074 0.8213530778884888 0
1679738893355 0.8171247243881226 0
1679738893638 0.8234672546386719 0
1679738893921 0.8266384601593018 0
1679738894202 0.9027484059333801 0
1679738894486 0.915433406829834 0
1679738894781 0.9397463202476501 0
1679738895140 0.9809725284576416 0
1679738895427 1.007399559020996 0
1679738895760 1.0243128538131714 0
1679738896051 1.07399582862854 0
1679738896378 1.089851975440979 0
