1688724865717 0.8218749761581421 0
1688724865838 0.8510416746139526 0
1688724865956 0.8958333134651184 0
1688724866075 0.9291666746139526 0
1688724866185 0.9552083611488342 0
1688724866307 0.9739583134651184 0
1688724866382 1.0343749523162842 0
1688724866461 1.0708333253860474 0
1688724866538 1.0864583253860474 0
1688724866620 1.140625 0
1688724866695 1.1395833492279053 0
1688724866766 1.2041666507720947 0
1688724866837 1.287500023841858 0
1688724866906 1.296875 0
1688724866972 1.3729166984558105 0
1688724867085 1.3875000476837158 0
