1714126416346 0.6841401886194944 0
1714126416396 0.6520997509360313 0
1714126416441 0.5630129277706146 0
1714126416490 0.4495194461196661 0
1714126416535 0.4062294904142618 0
1714126416579 0.39631886780261993 0
1714126416628 0.39343422185629606 0
1714126416681 0.39258846174925566 0
1714126416732 0.3921940606087446 0
1714126416779 0.3919400544837117 0
1714126416823 0.39166951552033424 0
1714126416870 0.3916600327938795 0
1714126416913 0.3913979269564152 0
1714126416956 0.3911703312769532 0
1714126416998 0.3911078367382288 0
