1714126416355 0.8276553153991699 0
1714126416403 0.8136272430419922 0
1714126416449 0.819639265537262 0
1714126416497 0.8186372518539429 0
1714126416542 0.8416833877563477 0
1714126416586 0.8707414865493774 0
1714126416635 0.8977956175804138 0
1714126416689 0.9308617115020752 0
1714126416741 0.9408817887306213 0
1714126416786 0.9519038200378418 0
1714126416830 0.9869739413261414 0
1714126416877 1.0060120820999146 0
1714126416920 1.0300601720809937 0
1714126416963 1.0270540714263916 0
1714126417005 1.0611222982406616 0
