1712312051356 0.6839669719338417 0
1712312051429 0.6700596064329147 0
1712312051682 0.6448783166706562 0
1712312051759 0.60014408826828 0
1712312051823 0.5359630919992924 0
1712312051880 0.46854180097579956 0
1712312051921 0.4246599040925503 0
1712312051963 0.4080196302384138 0
1712312052004 0.4008528087288141 0
1712312052046 0.3968177530914545 0
1712312052082 0.3946887534111738 0
1712312052116 0.3935487326234579 0
1712312052151 0.3928400259464979 0
1712312052187 0.3924445118755102 0
1712312052219 0.39216100610792637 0
1712312052257 0.3919933307915926 0
1712312052294 0.39177727326750755 0
1712312052330 0.3916729837656021 0
1712312052366 0.3915963564068079 0
1712312052400 0.391465375199914 0
1712312052433 0.391323110088706 0
1712312052470 0.39121124893426895 0
1712312052505 0.39110233820974827 0
1712312052556 0.39096968434751034 0
1712312052614 0.39082954823970795 0
1712312052657 0.3907125201076269 0
1712312052700 0.3906052689999342 0
