1712312051370 0.7809045314788818 0
1712312051493 0.7859296202659607 0
1712312051697 0.8120602965354919 0
1712312051775 0.7979899644851685 0
1712312051833 0.800000011920929 0
1712312051889 0.8010050058364868 0
1712312051930 0.7859296202659607 0
1712312051972 0.7979899644851685 0
1712312052013 0.80402010679245 0
1712312052053 0.8251256346702576 0
1712312052090 0.8552764058113098 0
1712312052123 0.8643215894699097 0
1712312052159 0.8944723606109619 0
1712312052193 0.9075376987457275 0
1712312052227 0.909547746181488 0
1712312052264 0.9326633214950562 0
1712312052301 0.9718592762947083 0
1712312052338 1.0070351362228394 0
1712312052373 1.0100502967834473 0
1712312052407 0.9979899525642395 0
1712312052441 1.0301507711410522 0
1712312052477 1.0422110557556152 0
1712312052512 1.0291457176208496 0
1712312052566 1.0472362041473389 0
1712312052623 1.0733668804168701 0
1712312052666 1.1115578413009644 0
1712312052709 1.0874371528625488 0
