1705054434188 0.8241869807243347 0
1705054434224 0.8221544623374939 0
1705054434257 0.8353658318519592 0
1705054434291 0.8089430928230286 0
1705054434321 0.8119918704032898 0
1705054434351 0.8180894255638123 0
1705054434381 0.815040647983551 0
1705054434411 0.8048780560493469 0
1705054434442 0.7947154641151428 0
1705054434473 0.8018292784690857 0
1705054434504 0.8089430928230286 0
1705054434539 0.8140243887901306 0
1705054434571 0.8353658318519592 0
1705054434601 0.8689024448394775 0
1705054434632 0.8831300735473633 0
1705054434663 0.8963414430618286 0
1705054434694 0.892276406288147 0
1705054434727 0.9166666865348816 0
1705054434759 0.9126016497612 0
1705054434791 0.9258130192756653 0
1705054434822 0.9288617968559265 0
1705054434854 0.9380081295967102 0
1705054434886 0.9410569071769714 0
1705054434918 0.9308943152427673 0
1705054434951 0.9420731663703918 0
