1683886357530 0.6896481970945995 0
1683886357593 0.6715432683626811 0
1683886357657 0.6251214265823364 0
1683886357734 0.5397865921258926 0
1683886357797 0.45331193804740905 0
1683886357866 0.4120957762002945 0
1683886357939 0.4001593321561813 0
1683886358003 0.3955910791953405 0
1683886358083 0.39366263647874195 0
1683886358146 0.392694087823232 0
1683886358290 0.39219852089881896 0
1683886358750 0.3919338484605153 0
1683886358822 0.3917033662398656 0
1683886358880 0.3915362517038981 0
1683886358937 0.39138075411319734 0
1683886358995 0.3912140836318334 0
