1687515304850 0.6939402759075165 0
1687515304919 0.6822069307168325 0
1687515304979 0.6595046401023865 0
1687515305041 0.6141040583451589 0
1687515305104 0.5440190255641937 0
1687515305167 0.4669580896695455 0
1687515305227 0.41639412740866344 0
1687515305289 0.3993157664934794 0
1687515305355 0.39499023954073587 0
1687515305417 0.3933714985847473 0
1687515305479 0.3926073104143143 0
1687515305539 0.39218263725439706 0
1687515305601 0.3919336865345637 0
1687515305663 0.39173789620399474 0
1687515305725 0.39160120685895283 0
1687515305793 0.39148592452208203 0
1687515305854 0.3913467576106389 0
1687515305917 0.3911942044893901 0
