1712916791701 0.8413654565811157 0
1712916791732 0.8222891688346863 0
1712916791764 0.8032128810882568 0
1712916791795 0.814257025718689 0
1712916791826 0.814257025718689 0
1712916791858 0.8162650465965271 0
1712916791890 0.8112449645996094 0
1712916791922 0.8062248826026917 0
1712916792033 0.8182730674743652 0
1712916792108 0.8253012299537659 0
1712916792141 0.8283132314682007 0
1712916792174 0.8242971897125244 0
1712916792206 0.8443775177001953 0
1712916792239 0.8413654565811157 0
1712916792303 0.849397599697113 0
1712916792335 0.8724899888038635 0
1712916792367 0.8744980096817017 0
1712916792399 0.8775100111961365 0
1712916792429 0.8744980096817017 0
1712916792460 0.904618501663208 0
1712916792491 0.9206827282905579 0
1712916792522 0.9297188520431519 0
1712916792554 0.935742974281311 0
1712916792585 0.9397590160369873 0
1712916792617 0.9477911591529846 0
1712916792649 0.9608433842658997 0
1712916792681 0.9809237122535706 0
1712916792713 0.9879518151283264 0
1712916792745 0.9849397540092468 0
1712916792777 0.9929718971252441 0
1712916792809 1.005020022392273 0
1712916792842 1.0150601863861084 0
1712916792874 1.0361446142196655 0
1712916792916 1.0652610063552856 0
1712916792962 1.0542168617248535 0
1712916793004 1.057228922843933 0
1712916793037 1.0702811479568481 0
1712916793069 1.0883533954620361 0
1712916793102 1.1024096012115479 0
1712916793135 1.0933735370635986 0
