1697191987597 0.798353910446167 0
1697191987649 0.8034979701042175 0
1697191987703 0.7870370149612427 0
1697191987916 0.8240740895271301 0
1697191988107 0.8600823283195496 0
1697191988151 0.8888888955116272 0
1697191988194 0.9567901492118835 0
1697191988238 0.9742798209190369 0
1697191988279 1.008230447769165 0
1697191988322 1.0205761194229126 0
1697191988367 1.0792181491851807 0
1697191988412 1.066872477531433 0
1697191988457 1.153292179107666 0
1697191988550 1.1748970746994019 0
1697191988639 1.211934208869934 0
1697191988691 1.2345678806304932 0
1697191988738 1.2860082387924194 0
1697191988784 1.323045253753662 0
1697191988837 1.363168716430664 0
1697191988882 1.3693416118621826 0
