1697191987591 0.6796504489837154 0
1697191987643 0.6006686552878349 0
1697191987696 0.45323432933899666 0
1697191987844 0.4015020016700991 0
1697191988103 0.39419074789170294 0
1697191988147 0.39272447939841976 0
1697191988189 0.3923414945602417 0
1697191988233 0.3920202774386252 0
1697191988274 0.3917310699339836 0
1697191988317 0.39147356633217106 0
1697191988362 0.3911639653867291 0
1697191988407 0.3908442105016401 0
1697191988452 0.39054383962385114 0
1697191988543 0.3901661096080657 0
1697191988634 0.389812538700719 0
1697191988686 0.38943804175623004 0
1697191988733 0.38886506134463894 0
1697191988778 0.3884222247908192 0
1697191988832 0.38780382660127455 0
1697191988877 0.3872207134000717 0
