1680948421891 0.7943037748336792 0
1680948421918 0.799578070640564 0
1680948421944 0.847046434879303 0
1680948421970 0.8301687836647034 0
1680948421996 0.8312236070632935 0
1680948422022 0.8227847814559937 0
1680948422048 0.8270041942596436 0
1680948422074 0.8111814260482788 0
1680948422099 0.7953586578369141 0
1680948422125 0.7964134812355042 0
1680948422152 0.8069620132446289 0
1680948422179 0.8059071898460388 0
1680948422206 0.8175105452537537 0
1680948422233 0.8217299580574036 0
1680948422260 0.8438818454742432 0
1680948422293 0.8554852604866028 0
1680948422319 0.8945147395133972 0
1680948422348 0.9145569801330566 0
1680948422379 0.9335442781448364 0
1680948422405 0.9419831037521362 0
1680948422431 0.950421929359436 0
1680948422456 0.9704641103744507 0
1680948422483 0.9883966445922852 0
1680948422509 0.997890293598175 0
1680948422540 1.034810185432434 0
1680948422565 1.0411392450332642 0
1680948422590 1.0622363090515137 0
1680948422616 1.0928269624710083 0
1680948422642 1.105485200881958 0
1680948422667 1.1202532052993774 0
1680948422692 1.1424050331115723 0
1680948422719 1.1497889757156372 0
1680948422745 1.155063271522522 0
1680948422773 1.1740506887435913 0
1680948422799 1.1824893951416016 0
