1691748756432 0.6846419870853424 0
1691748756463 0.6787862777709961 0
1691748756493 0.671126551926136 0
1691748756525 0.660424642264843 0
1691748756556 0.6452993378043175 0
1691748756586 0.6246247962117195 0
1691748756617 0.5977416411042213 0
1691748756649 0.5648429468274117 0
1691748756712 0.5270264372229576 0
1691748756780 0.48837147653102875 0
1691748756841 0.45377466082572937 0
1691748756895 0.4282735139131546 0
1691748756952 0.4131169877946377 0
1691748757019 0.40538400039076805 0
1691748757068 0.4016282856464386 0
1691748757130 0.39915570989251137 0
1691748757185 0.3969867415726185 0
1691748757214 0.3955523371696472 0
1691748757242 0.39449213817715645 0
1691748757271 0.3937642388045788 0
1691748757301 0.3933602496981621 0
1691748757330 0.3930359296500683 0
1691748757358 0.39288676902651787 0
1691748757387 0.392580047249794 0
1691748757418 0.39249373227357864 0
1691748757448 0.3924315348267555 0
1691748757567 0.39239703863859177 0
1691748757631 0.3922993242740631 0
1691748757832 0.39218344166874886 0
1691748757931 0.39218656346201897 0
1691748757981 0.39214110746979713 0
1691748758042 0.3921150304377079 0
1691748758094 0.3920443095266819 0
1691748758163 0.39202913269400597 0
1691748758255 0.39196593314409256 0
1691748758337 0.39187590405344963 0
1691748758391 0.3918907977640629 0
1691748758463 0.39186373353004456 0
1691748758515 0.39183302968740463 0
1691748758564 0.3917837627232075 0
1691748758711 0.391731321811676 0
1691748758781 0.3916459120810032 0
1691748758835 0.3916511945426464 0
1691748758904 0.39164913073182106 0
1691748758945 0.3915559686720371 0
1691748758976 0.39147090539336205 0
