1680343643118 0.6872012242674828 0
1680343643151 0.6765807569026947 0
1680343643182 0.6612061858177185 0
1680343643213 0.6372773498296738 0
1680343643244 0.6011731848120689 0
1680343643274 0.5534940585494041 0
1680343643305 0.49867575243115425 0
1680343643337 0.4493573158979416 0
1680343643368 0.4182884618639946 0
1680343643400 0.4051027186214924 0
1680343643433 0.3996008448302746 0
1680343643464 0.3954910486936569 0
1680343643495 0.39329399541020393 0
1680343643526 0.3924398086965084 0
1680343643558 0.3920747973024845 0
1680343643590 0.39180462434887886 0
1680343643622 0.3916344456374645 0
1680343643653 0.3915255516767502 0
1680343643685 0.3914083018898964 0
1680343643716 0.3913148492574692 0
1680343643747 0.39111343398690224 0
1680343643778 0.39103541150689125 0
1680343643810 0.39090048149228096 0
1680343643842 0.39080844074487686 0
1680343643873 0.3907000869512558 0
1680343643904 0.3904495798051357 0
1680343643935 0.3903604708611965 0
1680343643966 0.39009860903024673 0
