1717150483638 0.674924474209547 0
1717150483701 0.5892627611756325 0
1717150483765 0.42944811284542084 0
1717150483828 0.4004573989659548 0
1717150483895 0.39330894127488136 0
1717150483953 0.3924619238823652 0
1717150484050 0.3921069707721472 0
1717150484162 0.3917500451207161 0
1717150484278 0.3914746642112732 0
1717150484342 0.3911994341760874 0
1717150484404 0.3908264860510826 0
1717150484467 0.3905023839324713 0
1717150484573 0.3901323080062866 0
1717150484662 0.3896926809102297 0
1717150484738 0.38918198086321354 0
1717150484853 0.3885346055030823 0
