1717150483649 0.817365288734436 0
1717150483712 0.7944111824035645 0
1717150483776 0.796407163143158 0
1717150483837 0.9121756553649902 0
1717150483905 0.9141716361045837 0
1717150483963 0.9491018056869507 0
1717150484063 1.0159680843353271 0
1717150484222 1.0688623189926147 0
1717150484288 1.0718562602996826 0
1717150484351 1.164670705795288 0
1717150484415 1.1886227130889893 0
1717150484478 1.1856287717819214 0
1717150484584 1.2245508432388306 0
1717150484673 1.2744511365890503 0
1717150484750 1.3123753070831299 0
1717150484863 1.4041916131973267 0
