1679738884222 0.6883833626906077 0
1679738884553 0.6776225388050079 0
1679738884991 0.6572333912054698 0
1679738885183 0.6163088719050089 0
1679738885413 0.5502404669920603 0
1679738885603 0.47712421317895254 0
1679738885751 0.42796961863835653 0
1679738885868 0.4079578508933385 0
1679738886190 0.4004661242167155 0
1679738886511 0.3967874358097712 0
1679738886625 0.3947100172440211 0
1679738886749 0.3935422013203303 0
1679738886825 0.3928067713975906 0
1679738887138 0.39242919186751046 0
1679738887454 0.39208948810895283 0
1679738887643 0.3919208198785782 0
1679738887957 0.39178268214066825 0
1679738888266 0.3915772875150045 0
1679738888579 0.3914498627185822 0
1679738888889 0.39133346478144326 0
1679738888955 0.39122784435749053 0
1679738889269 0.3911151806513468 0
1679738889486 0.39096572001775104 0
1679738889803 0.3908598929643631 0
1679738890174 0.3907289236783981 0
