1679738884349 0.8065539002418518 0
1679738884804 0.8255813717842102 0
1679738885117 0.7917547821998596 0
1679738885311 0.8002114295959473 0
1679738885540 0.7843551635742188 0
1679738885688 0.8097251653671265 0
1679738885803 0.8118393421173096 0
1679738885996 0.8086680769920349 0
1679738886316 0.8118393421173096 0
1679738886554 0.8139534592628479 0
1679738886670 0.8213530778884888 0
1679738886752 0.8414376378059387 0
1679738886951 0.8509513735771179 0
1679738887264 0.8964059352874756 0
1679738887581 0.9238900542259216 0
1679738887770 0.9651162624359131 0
1679738888084 0.9735729098320007 0
1679738888394 1.0031712055206299 0
1679738888705 1.0338265895843506 0
1679738888893 1.047568678855896 0
1679738889081 1.0507400035858154 0
1679738889301 1.0623679161071777 0
1679738889612 1.097251534461975 0
1679738889930 1.1035940647125244 0
1679738890302 1.1152219772338867 0
