1714731253022 0.7967967987060547 0
1714731253096 0.7657657861709595 0
1714731253166 0.7757757902145386 0
1714731253242 0.7627627849578857 0
1714731253317 0.7637637853622437 0
1714731253402 0.8568568825721741 0
1714731253567 0.9089089035987854 0
1714731253645 0.9509509801864624 0
1714731253743 0.9619619846343994 0
1714731253815 0.9679679870605469 0
1714731253886 0.965965986251831 0
1714731253956 1.0210210084915161 0
1714731254025 1.010010004043579 0
1714731254094 1.0510510206222534 0
1714731254163 1.06706702709198 0
1714731254234 1.089089035987854 0
