1714731253014 0.6951991096138954 0
1714731253088 0.6611547935754061 0
1714731253158 0.5620414735749364 0
1714731253233 0.43639872688800097 0
1714731253309 0.39980135206133127 0
1714731253393 0.3942777840420604 0
1714731253558 0.39281783439219 0
1714731253637 0.3923852760344744 0
1714731253735 0.39220057241618633 0
1714731253807 0.3919527009129524 0
1714731253878 0.3918652581050992 0
1714731253948 0.3916758559644222 0
1714731254018 0.391480365768075 0
1714731254086 0.3914189198985696 0
1714731254155 0.39121533278375864 0
1714731254226 0.39093757327646017 0
