1682676769789 0.8149316310882568 0
1682676769826 0.8033648729324341 0
1682676769861 0.8107255697250366 0
1682676769896 0.7928496599197388 0
1682676769932 0.7760252356529236 0
1682676769969 0.772870659828186 0
1682676770025 0.7833859324455261 0
1682676770060 0.7749736905097961 0
1682676770095 0.7791798114776611 0
1682676770129 0.7739222049713135 0
1682676770165 0.7644584774971008 0
1682676770201 0.7592008709907532 0
1682676770237 0.7665615081787109 0
1682676770272 0.7760252356529236 0
1682676770307 0.7718191146850586 0
1682676770342 0.7676130533218384 0
1682676770378 0.762355387210846 0
1682676770416 0.7613039016723633 0
1682676770454 0.7676130533218384 0
1682676770553 0.7644584774971008 0
1682676770589 0.7707676291465759 0
1682676770624 0.7833859324455261 0
1682676770659 0.7928496599197388 0
1682676770694 0.7981072664260864 0
1682676770729 0.7917981147766113 0
1682676770765 0.7960042357444763 0
1682676770801 0.8023133277893066 0
1682676770836 0.8065194487571716 0
1682676770871 0.8075709939002991 0
1682676770908 0.8201892971992493 0
1682676770943 0.8264984488487244 0
1682676771026 0.831756055355072 0
1682676771061 0.8296530246734619 0
1682676771096 0.8296530246734619 0
1682676771132 0.8191377520561218 0
1682676771167 0.8128286004066467 0
1682676771203 0.8391166925430298 0
1682676771238 0.8433228135108948 0
1682676771273 0.8696109652519226 0
1682676771309 0.8885383605957031 0
1682676771345 0.910620391368866 0
1682676771380 0.9169295430183411 0
1682676771416 0.9169295430183411 0
1682676771452 0.9295478463172913 0
1682676771527 0.9369085431098938 0
1682676771564 0.9390115737915039 0
1682676771600 0.9526813626289368 0
1682676771637 0.945320725440979 0
1682676771673 0.9547844529151917 0
1682676771709 0.9600420594215393 0
1682676771745 0.9737119078636169 0
1682676771781 0.9779179692268372 0
1682676771818 0.9947423934936523 0
1682676771855 1.0031545162200928 0
1682676771891 1.0252366065979004 0
1682676771927 1.0420609712600708 0
1682676771963 1.0536277294158936 0
1682676772070 1.0567823648452759 0
1682676772105 1.0641430616378784 0
1682676772141 1.0641430616378784 0
