1697796770382 0.6866564489901066 0
1697796770430 0.6734827905893326 0
1697796770468 0.6497614905238152 0
1697796770503 0.6076580360531807 0
1697796770537 0.5445703268051147 0
1697796770580 0.4724536631256342 0
1697796770628 0.4207830484956503 0
1697796770674 0.40236932784318924 0
1697796770711 0.39707382395863533 0
1697796770743 0.39434770680963993 0
1697796770779 0.3933444768190384 0
1697796770811 0.39281044714152813 0
1697796770843 0.3923209272325039 0
1697796770876 0.3922723978757858 0
1697796770909 0.39196935668587685 0
1697796770943 0.39198712445795536 0
1697796770977 0.3918152414262295 0
1697796771018 0.39173449389636517 0
1697796771051 0.3915551323443651 0
1697796771084 0.39156526140868664 0
1697796771119 0.3913841973990202 0
1697796771151 0.391201950609684 0
1697796771186 0.39117121882736683 0
1697796771217 0.3910429924726486 0
