1708078362721 0.8149645924568176 0
1708078362785 0.830131471157074 0
1708078362845 0.8341759443283081 0
1708078362906 0.8422648906707764 0
1708078362974 0.8614762425422668 0
1708078363033 0.9646106958389282 0
1708078363094 0.9423660039901733 0
1708078363250 0.9666329622268677 0
1708078363315 1.0030333995819092 0
1708078363370 1.0404448509216309 0
1708078363440 1.074823021888733 0
1708078363493 1.0940344333648682 0
1708078363546 1.1456016302108765 0
1708078363593 1.1203235387802124 0
1708078363813 1.1547017097473145 0
