1708078362710 0.685332540422678 0
1708078362776 0.6363376043736935 0
1708078362836 0.5217457506805658 0
1708078362894 0.4136327803134918 0
1708078362962 0.3978644050657749 0
1708078363025 0.3926279004663229 0
1708078363083 0.39215913228690624 0
1708078363241 0.391898101195693 0
1708078363306 0.39162567630410194 0
1708078363362 0.3914425764232874 0
1708078363431 0.3911700528115034 0
1708078363485 0.39087192714214325 0
1708078363539 0.3906658664345741 0
1708078363585 0.39031192660331726 0
1708078363803 0.39005845971405506 0
