1680948424755 0.8343881964683533 0
1680948424784 0.8291139006614685 0
1680948424811 0.8143460154533386 0
1680948424839 0.8175105452537537 0
1680948424866 0.8069620132446289 0
1680948424893 0.8080168962478638 0
1680948424921 0.8111814260482788 0
1680948424951 0.7911392450332642 0
1680948424979 0.7869198322296143 0
1680948425006 0.7869198322296143 0
1680948425033 0.8101266026496887 0
1680948425061 0.8512658476829529 0
1680948425089 0.8797468543052673 0
1680948425117 0.9040084481239319 0
1680948425148 0.9071729779243469 0
1680948425176 0.9229958057403564 0
1680948425203 0.9303797483444214 0
1680948425233 0.9219409227371216 0
1680948425260 0.9377636909484863 0
1680948425287 0.9546413421630859 0
1680948425314 0.9767932295799255 0
1680948425341 0.9936708807945251 0
1680948425371 0.9926160573959351 0
