1718360002914 0.6769684962928295 0
1718360002963 0.6079195514321327 0
1718360003013 0.4593023248016834 0
1718360003059 0.4006340689957142 0
1718360003199 0.3941294979304075 0
1718360003248 0.3928591348230839 0
1718360003298 0.39233517087996006 0
1718360003346 0.3920495305210352 0
1718360003393 0.39185899309813976 0
1718360003438 0.3916727062314749 0
1718360003523 0.3913735933601856 0
1718360003645 0.39115522615611553 0
1718360003820 0.3909023627638817 0
1718360003866 0.3906576205044985 0
1718360003912 0.3903320413082838 0
1718360003960 0.3901152554899454 0
1718360004010 0.3897461071610451 0
1718360004058 0.3893817160278559 0
