1698401499781 0.6968027949333191 0
1698401499807 0.6868439614772797 0
1698401499833 0.6710234135389328 0
1698401499859 0.641493909060955 0
1698401499885 0.5910213217139244 0
1698401499911 0.5195019990205765 0
1698401499938 0.4478165917098522 0
1698401499962 0.410700723528862 0
1698401499988 0.4034331999719143 0
1698401500015 0.39761092886328697 0
1698401500040 0.3932676911354065 0
1698401500066 0.3924579545855522 0
1698401500091 0.3921920917928219 0
1698401500120 0.39182398468255997 0
1698401500153 0.39171043783426285 0
1698401500180 0.391547329723835 0
1698401500206 0.3913681283593178 0
1698401500231 0.39118924364447594 0
