1705659150951 0.8395938873291016 0
1705659150992 0.8395938873291016 0
1705659151031 0.8324872851371765 0
1705659151071 0.8497461676597595 0
1705659151109 0.858883261680603 0
1705659151148 0.8558375835418701 0
1705659151187 0.8294416069984436 0
1705659151225 0.8355330228805542 0
1705659151263 0.8365482091903687 0
1705659151301 0.8436548113822937 0
1705659151339 0.8700507879257202 0
1705659151379 0.913705587387085 0
1705659151416 0.9786801934242249 0
1705659151454 0.972588837146759 0
1705659151493 0.9939086437225342 0
1705659151529 1.0071065425872803 0
1705659151565 1.0284264087677002 0
1705659151600 1.051776647567749 0
1705659151636 1.0659898519515991 0
1705659151672 1.0700507164001465 0
1705659151709 1.086294412612915 0
1705659151744 1.1187816858291626 0
1705659151780 1.1279188394546509 0
1705659151816 1.1502537727355957 0
