1726827287838 0.6848341748118401 0
1726827287879 0.668109230697155 0
1726827287919 0.6407818421721458 0
1726827287962 0.5931564271450043 0
1726827288005 0.5208269767463207 0
1726827288083 0.4424680396914482 0
1726827288120 0.4024556055665016 0
1726827288158 0.4009411484003067 0
1726827288195 0.39708535373210907 0
1726827288232 0.3928126320242882 0
1726827288269 0.39272288605570793 0
1726827288306 0.39239734783768654 0
1726827288343 0.3920333757996559 0
1726827288380 0.39194896072149277 0
1726827288419 0.3918013237416744 0
1726827288463 0.39168528839945793 0
1726827288501 0.39155593141913414 0
1726827288539 0.3914084993302822 0
1726827288576 0.3913120627403259 0
1726827288631 0.3911778889596462 0
1726827288671 0.3910400792956352 0
1726827288760 0.3908894248306751 0
