1726827287848 0.8249754309654236 0
1726827287888 0.8053097128868103 0
1726827287929 0.8112094402313232 0
1726827287972 0.826941967010498 0
1726827288014 0.8210422992706299 0
1726827288092 0.8220255374908447 0
1726827288129 0.8367748260498047 0
1726827288166 0.841691255569458 0
1726827288204 0.8672566413879395 0
1726827288241 0.922320544719696 0
1726827288278 0.9567354917526245 0
1726827288314 0.9587020874023438 0
1726827288352 0.9793510437011719 0
1726827288389 1.0068830251693726 0
1726827288429 1.0088495016098022 0
1726827288472 1.017699122428894 0
1726827288510 1.0137659311294556 0
1726827288548 1.032448410987854 0
1726827288590 1.0560472011566162 0
1726827288641 1.0344148874282837 0
1726827288681 1.0698131322860718 0
1726827288783 1.0816125869750977 0
