1714731241284 0.7897897958755493 0
1714731241358 0.8028028011322021 0
1714731241432 0.781781792640686 0
1714731241509 0.8128128051757812 0
1714731241576 0.7997997999191284 0
1714731241641 0.8008008003234863 0
1714731241720 0.8588588833808899 0
1714731241802 0.8458458185195923 0
1714731241883 0.8468468189239502 0
1714731241971 0.8498498201370239 0
1714731242048 0.868868887424469 0
1714731242123 0.8878878951072693 0
1714731242192 0.9349349141120911 0
1714731242292 0.946946918964386 0
1714731242431 0.9479479193687439 0
1714731242505 0.9609609842300415 0
1714731242594 0.9979979991912842 0
1714731242708 0.9899899959564209 0
