1712916787261 0.6937087774276733 0
1712916787300 0.6809462308883667 0
1712916787338 0.661950621753931 0
1712916787376 0.6313534900546074 0
1712916787415 0.5843191780149937 0
1712916787454 0.5219585578888655 0
1712916787495 0.45967533253133297 0
1712916787624 0.41923047602176666 0
1712916787660 0.40317705273628235 0
1712916787696 0.39800747483968735 0
1712916787733 0.39515144377946854 0
1712916787773 0.3938253205269575 0
1712916787813 0.393062349408865 0
1712916787852 0.392667543143034 0
1712916788002 0.39247075095772743 0
1712916788041 0.39235462434589863 0
1712916788080 0.3922046720981598 0
1712916788117 0.3921771477907896 0
