1726827290357 0.6937813088297844 0
1726827290391 0.6820819079875946 0
1726827290424 0.6661531999707222 0
1726827290457 0.642032690346241 0
1726827290489 0.6052288636565208 0
1726827290523 0.5534413978457451 0
1726827290560 0.49298202618956566 0
1726827290594 0.4411921016871929 0
1726827290629 0.41416364908218384 0
1726827290666 0.4059838317334652 0
1726827290703 0.4009210206568241 0
1726827290739 0.39618831872940063 0
1726827290776 0.39404865726828575 0
1726827290812 0.3931710682809353 0
1726827290847 0.392657283693552 0
1726827290887 0.39240268245339394 0
1726827290925 0.3922721818089485 0
1726827290962 0.3921837657690048 0
1726827290997 0.3921121805906296 0
1726827291036 0.39200829714536667 0
1726827291074 0.39193757623434067 0
