1679738909799 0.6864565849304199 0
1679738910532 0.6743156373500824 0
1679738911060 0.6520033697287242 0
1679738911667 0.6089662810166677 0
1679738911980 0.540528150399526 0
1679738912294 0.4664562702178955 0
1679738912643 0.41953095197677615 0
1679738912955 0.40237809121608736 0
1679738913332 0.3971730103095373 0
1679738913650 0.3947484364112218 0
1679738913987 0.39356071849664054 0
1679738914318 0.3929182340701421 0
1679738914648 0.39256413877010343 0
1679738915118 0.39230531056722007 0
1679738915432 0.39214862088362373 0
1679738915746 0.39200852513313295 0
1679738916058 0.3918977051973343 0
1679738916403 0.3918299118677775 0
1679738916491 0.3917039344708125 0
1679738916817 0.39161143799622855 0
1679738917140 0.391488508383433 0
1679738917464 0.3914151221513748 0
1679738917789 0.3913351555665334 0
1679738918101 0.3912203977505366 0
1679738918423 0.391079377134641 0
1679738918738 0.3910005708535512 0
1679738919056 0.39090377986431124 0
1679738919374 0.39075990319252013 0
1679738919691 0.39068265855312345 0
1679738920008 0.39056711494922636 0
1679738920444 0.3904752930005391 0
1679738920757 0.3903384784857432 0
1679738921076 0.39023302098115287 0
1679738921396 0.3900566101074219 0
1679738921710 0.3899251759052277 0
1679738921902 0.3898217370112737 0
1679738922210 0.3896626899639765 0
1679738922532 0.3895154426495234 0
1679738922844 0.3893568386634191 0
