1723803254800 0.6824476197361946 0
1723803254850 0.6565097495913506 0
1723803254898 0.6039647981524467 0
1723803254950 0.5123474225401878 0
1723803254999 0.42230308055877686 0
1723803255049 0.4036252945661545 0
1723803255098 0.4004336819052696 0
1723803255148 0.3927815854549408 0
1723803255219 0.393210981041193 0
1723803255270 0.392353180795908 0
1723803255320 0.39190421625971794 0
1723803255371 0.3917367570102215 0
1723803255421 0.3914592117071152 0
1723803255469 0.39129722863435745 0
1723803255517 0.39108553156256676 0
1723803255722 0.3908776380121708 0
1723803255856 0.39064643159508705 0
1723803255954 0.3904365859925747 0
