1686305751514 0.6967171331246694 0
1686305751571 0.6590674082438152 0
1686305751686 0.554040773709615 0
1686305751749 0.43456809024016063 0
1686305751807 0.40021345516045886 0
1686305751869 0.39422156115372975 0
1686305751926 0.39276507596174876 0
1686305752077 0.3922807405392329 0
1686305752331 0.39205390214920044 0
1686305752475 0.3918783932924271 0
1686305752695 0.3916983743508657 0
1686305752776 0.3915195236603419 0
1686305752880 0.3912774046262105 0
1686305752965 0.39111269811789195 0
1686305753036 0.3908708989620209 0
1686305753121 0.3906061828136444 0
1686305753438 0.3903812080621719 0
1686305753552 0.390093524257342 0
1686305753662 0.3898222506046295 0
1686305753747 0.38957045376300814 0
1686305753870 0.3892922043800354 0
1686305753947 0.388967631260554 0
1686305754028 0.3886753072341283 0
