1718964909437 0.8119403123855591 0
1718964909545 0.8029850721359253 0
1718964909608 0.8079602122306824 0
1718964909656 0.8149253726005554 0
1718964909727 0.8179104328155518 0
1718964909854 0.8109452724456787 0
1718964909978 0.8189054727554321 0
1718964910137 0.8238806128501892 0
1718964910219 0.8248755931854248 0
1718964910282 0.8169154524803162 0
1718964910335 0.8129353523254395 0
1718964910482 0.8109452724456787 0
1718964910540 0.8079602122306824 0
1718964910587 0.8169154524803162 0
1718964910632 0.8268656730651855 0
1718964910673 0.8487561941146851 0
1718964910714 0.8835821151733398 0
1718964910753 0.9134328365325928 0
1718964910801 0.9522387981414795 0
1718964910848 0.9681591987609863 0
1718964910890 0.972139298915863 0
1718964910930 0.9840795993804932 0
1718964910972 1.0149253606796265 0
1718964911013 1.0388059616088867 0
1718964911056 1.0199004411697388 0
1718964911098 1.0407960414886475 0
1718964911142 1.0517412424087524 0
1718964911186 1.0746269226074219 0
1718964911237 1.1084576845169067 0
1718964911278 1.1174129247665405 0
1718964911320 1.1333333253860474 0
1718964911360 1.1383084058761597 0
1718964911404 1.1641790866851807 0
1718964911444 1.1791044473648071 0
1718964911484 1.1960198879241943 0
1718964911525 1.2189054489135742 0
1718964911567 1.227860689163208 0
