1728037010708 0.6840563453733921 0
1728037010785 0.6682361736893654 0
1728037010860 0.6343333423137665 0
1728037011044 0.5689424518495798 0
1728037011122 0.4875650145113468 0
1728037011317 0.43158525321632624 0
1728037011392 0.408703095279634 0
1728037011469 0.3999389074742794 0
1728037011544 0.39595268946141005 0
1728037011616 0.39395569637417793 0
1728037011781 0.3929393459111452 0
1728037011856 0.39239411801099777 0
1728037011936 0.39207613561302423 0
1728037012012 0.39189209416508675 0
1728037012301 0.39170794282108545 0
1728037012377 0.3915656032040715 0
1728037012567 0.3914320785552263 0
1728037012641 0.3912966875359416 0
1728037012932 0.3911858703941107 0
1728037013006 0.3910360783338547 0
1728037013080 0.39089906867593527 0
1728037013155 0.39075772278010845 0
1728037013230 0.39062783028930426 0
1728037013303 0.39045138098299503 0
1728037013382 0.3902987977489829 0
1728037013479 0.39013544376939535 0
1728037013591 0.38997400272637606 0
