1725617689405 0.818719208240509 0
1725617689452 0.7950738668441772 0
1725617689500 0.81083744764328 0
1725617689546 0.8394088745117188 0
1725617689592 0.8581280708312988 0
1725617689637 0.9349753856658936 0
1725617689682 0.9448275566101074 0
1725617689728 0.9862068891525269 0
1725617689773 0.9802955389022827 0
1725617689817 1.0482758283615112 0
1725617689863 1.0551724433898926 0
1725617689910 1.0955665111541748 0
1725617689960 1.1724138259887695 0
1725617690009 1.1536946296691895 0
1725617690052 1.2236453294754028 0
1725617690097 1.2256157398223877 0
1725617690140 1.2807881832122803 0
1725617690183 1.3586206436157227 0
1725617690226 1.373399019241333 0
1725617690269 1.3802955150604248 0
