1725617689397 0.6826722174882889 0
1725617689443 0.6328647024929523 0
1725617689492 0.5117568485438824 0
1725617689537 0.40984216518700123 0
1725617689583 0.39724617823958397 0
1725617689629 0.3927036728709936 0
1725617689674 0.3921945746988058 0
1725617689719 0.39190272614359856 0
1725617689765 0.39169712737202644 0
1725617689809 0.3914865180850029 0
1725617689854 0.39117653854191303 0
1725617689901 0.3909178748726845 0
1725617689947 0.3906606063246727 0
1725617690000 0.3903873823583126 0
1725617690044 0.39004253782331944 0
1725617690088 0.3897360172122717 0
1725617690131 0.38936263509094715 0
1725617690175 0.38898699916899204 0
1725617690218 0.38866729103028774 0
1725617690261 0.38825576566159725 0
