1708683276884 0.8292929530143738 0
1708683276928 0.8414141535758972 0
1708683276973 0.8606060743331909 0
1708683277021 0.8434343338012695 0
1708683277071 0.8272727131843567 0
1708683277120 0.8151515126228333 0
1708683277170 0.8070707321166992 0
1708683277228 0.8070707321166992 0
1708683277272 0.8060606122016907 0
1708683277315 0.808080792427063 0
1708683277359 0.8050504922866821 0
1708683277403 0.8070707321166992 0
1708683277446 0.8060606122016907 0
1708683277489 0.808080792427063 0
1708683277533 0.8161616325378418 0
1708683277578 0.8414141535758972 0
1708683277622 0.8757575750350952 0
1708683277666 0.9131312966346741 0
1708683277711 0.9222221970558167 0
1708683277758 0.9333333373069763 0
1708683277803 0.9595959782600403 0
1708683277849 0.9828282594680786 0
1708683277895 0.9757575988769531 0
1708683277940 1.0101009607315063 0
1708683277985 1.021212100982666 0
1708683278029 1.0393939018249512 0
