1708683276876 0.6862321011722088 0
1708683276920 0.6770919226109982 0
1708683276966 0.6639293655753136 0
1708683277013 0.6435391493141651 0
1708683277062 0.6127800159156322 0
1708683277112 0.5713247656822205 0
1708683277162 0.5241211876273155 0
1708683277217 0.47916422970592976 0
1708683277265 0.4453914873301983 0
1708683277308 0.4242478534579277 0
1708683277352 0.41258595883846283 0
1708683277396 0.40534484572708607 0
1708683277439 0.4004678688943386 0
1708683277482 0.3974080327898264 0
1708683277526 0.3953574653714895 0
1708683277571 0.39411911740899086 0
1708683277615 0.3932253308594227 0
1708683277659 0.392671225592494 0
1708683277704 0.3923070468008518 0
1708683277750 0.39202119037508965 0
1708683277796 0.3918239250779152 0
1708683277842 0.39168334007263184 0
1708683277887 0.39154917746782303 0
1708683277933 0.39138890989124775 0
1708683277977 0.39128562808036804 0
1708683278022 0.39118483662605286 0
