1703240001537 0.6771579634758734 0
1703240001600 0.6532953381538391 0
1703240001661 0.6059078516498688 0
1703240001724 0.5316038189395782 0
1703240001787 0.45705616378015085 0
1703240001849 0.41567171485193316 0
1703240001911 0.4012021105135641 0
1703240001973 0.3960802564697881 0
1703240002036 0.3938432326239924 0
1703240002097 0.39288256437547747 0
1703240002159 0.39243763396816866 0
1703240002222 0.3921814262866974 0
1703240002284 0.3919984794432117 0
1703240002347 0.39181565949993746 0
1703240002410 0.3916697232953964 0
1703240002472 0.3915292947523056 0
1703240002532 0.391387895230324 0
1703240002593 0.3912436289172019 0
1703240002658 0.3911287573076064 0
1703240002723 0.39095522511389946 0
1703240002787 0.3908236276718878 0
1703240002852 0.39073565506166025 0
