1705054444152 0.6891010627150536 0
1705054444182 0.6719471663236618 0
1705054444212 0.6410868614912033 0
1705054444242 0.5857374742627144 0
1705054444271 0.5045686773955822 0
1705054444301 0.4308411441743374 0
1705054444330 0.40593449398875237 0
1705054444359 0.40196892246603966 0
1705054444389 0.39464182406663895 0
1705054444419 0.39280352368950844 0
1705054444453 0.3926236554980278 0
1705054444485 0.3920713886618614 0
1705054444517 0.3919227905571461 0
1705054444551 0.3917931318283081 0
1705054444583 0.39159807562828064 0
1705054444615 0.3914460986852646 0
1705054444647 0.39130596444010735 0
1705054444679 0.3911694511771202 0
1705054444713 0.3910203315317631 0
1705054444784 0.39080552011728287 0
1705054444816 0.3906089477241039 0
1705054444850 0.3904283531010151 0
1705054444884 0.39017846062779427 0
1705054444917 0.3899313807487488 0
1705054444948 0.3896566554903984 0
