1688120043338 0.694165579477946 0
1688120043395 0.691823136806488 0
1688120043436 0.6894560734430949 0
1688120043475 0.6869712154070536 0
1688120043528 0.6842146356900533 0
1688120043584 0.6810320417086283 0
1688120043644 0.6772361556688945 0
1688120043698 0.6725742141405742 0
1688120043750 0.6668122013409933 0
1688120043802 0.6596779346466064 0
1688120043850 0.650807547569275 0
1688120043905 0.6398822585741679 0
1688120043947 0.6265067259470621 0
1688120044000 0.6103892922401428 0
1688120044056 0.591425629456838 0
1688120044156 0.5701112826665242 0
1688120044198 0.5472321391105652 0
1688120044250 0.523911698659261 0
1688120044300 0.5011643509070078 0
1688120044350 0.4800172845522563 0
1688120044410 0.46131506164868674 0
1688120044464 0.44557650287946066 0
1688120044512 0.4329896330833435 0
1688120044567 0.42333512504895526 0
1688120044612 0.4161320467789968 0
1688120044669 0.4108619153499603 0
1688120044721 0.40702153245608014 0
1688120044770 0.40417161385218303 0
1688120044900 0.4020116845766703 0
1688120044948 0.4003401259581248 0
1688120044997 0.399003799756368 0
1688120045049 0.3979055444399516 0
1688120045091 0.3970163702964783 0
1688120045145 0.39625879724820456 0
1688120045196 0.395660134156545 0
1688120045246 0.3951224784056346 0
1688120045296 0.3946725845336914 0
1688120045336 0.3943110624949137 0
1688120045375 0.3939895311991374 0
1688120045411 0.3937240143616994 0
1688120045487 0.3935057560602824 0
1688120045558 0.3933004339536031 0
1688120045593 0.39313868482907616 0
1688120045629 0.3929849644502004 0
1688120045664 0.3928588807582855 0
1688120045699 0.39274741808573405 0
1688120045735 0.3926549255847931 0
1688120045770 0.3925610423088074 0
1688120045805 0.39248990416526797 0
1688120045841 0.39242207805315654 0
1688120045876 0.39236272176106773 0
1688120045911 0.3923100690046946 0
1688120045946 0.39225680430730187 0
1688120045981 0.3922106842199961 0
