1692353729170 0.814507782459259 0
1692353729230 0.818652868270874 0
1692353729284 0.8196890950202942 0
1692353729338 0.8393782377243042 0
1692353729392 0.8538860082626343 0
1692353729447 0.8818652629852295 0
1692353729503 0.9077720046043396 0
1692353729559 0.9181346893310547 0
1692353729614 0.9326424598693848 0
1692353729671 0.9409326314926147 0
1692353729727 0.9689119458198547 0
1692353729781 0.9637305736541748 0
1692353729837 1.0020725727081299 0
1692353729890 1.01450777053833 0
1692353729943 1.0279792547225952 0
1692353729998 1.032124400138855 0
1692353730052 1.0694299936294556 0
1692353730106 1.0507771968841553 0
1692353730159 1.0994818210601807 0
1692353730214 1.0860103368759155 0
1692353730268 1.1284973621368408 0
1692353730324 1.1544041633605957 0
1692353730378 1.1367875337600708 0
