1692353729165 0.6856390564672409 0
1692353729225 0.6438559755202262 0
1692353729279 0.5326937465898453 0
1692353729334 0.4258672354682799 0
1692353729388 0.4000379337418464 0
1692353729442 0.3945076379083818 0
1692353729498 0.3929904064824504 0
1692353729554 0.39263756621268486 0
1692353729608 0.39248700295725175 0
1692353729665 0.3921232771488928 0
1692353729722 0.3920184700719772 0
1692353729776 0.391956296659285 0
1692353729832 0.39182410797765177 0
1692353729885 0.3915672657951232 0
1692353729938 0.3914476171616585 0
1692353729993 0.39136676538375115 0
1692353730047 0.3910741690666445 0
1692353730101 0.39093524794424733 0
1692353730154 0.39075981705419477 0
1692353730209 0.3904913365840912 0
1692353730263 0.3903541516873144 0
1692353730319 0.3903601659882453 0
1692353730373 0.3901158436652153 0
