1729851323756 0.8246816992759705 0
1729851323803 0.8383937478065491 0
1729851323850 0.8188050985336304 0
1729851323898 0.8001958727836609 0
1729851323945 0.8021547794342041 0
1729851323991 0.8148873448371887 0
1729851324044 0.8756121397018433 0
1729851324094 0.9059745073318481 0
1729851324188 0.9578844308853149 0
1729851324234 0.9794319272041321 0
1729851324284 0.9911851286888123 0
1729851324350 0.9911851286888123 0
1729851324476 1.0176297426223755 0
1729851324544 1.0714985132217407 0
1729851324610 1.0489716529846191 0
1729851324693 1.0842311382293701 0
1729851324771 1.1047992706298828 0
1729851324845 1.1243878602981567 0
1729851324967 1.141038179397583 0
1729851325013 1.1762977838516235 0
1729851325060 1.2115572690963745 0
1729851325106 1.220372200012207 0
