1692958398613 0.6856026127934456 0
1692958398662 0.6449934653937817 0
1692958398709 0.5417443420737982 0
1692958398765 0.42526395805180073 0
1692958398861 0.4002019837498665 0
1692958398949 0.39328906685113907 0
1692958399005 0.3921443223953247 0
1692958399053 0.39205799251794815 0
1692958399099 0.3917510751634836 0
1692958399145 0.39150252379477024 0
1692958399226 0.3912258092314005 0
1692958399272 0.39138389006257057 0
1692958399320 0.390549648553133 0
1692958399377 0.39069308526813984 0
1692958399444 0.3902395237237215 0
1692958399490 0.3900301270186901 0
1692958399536 0.38988285325467587 0
