1692958398619 0.8291925191879272 0
1692958398668 0.8436853289604187 0
1692958398714 0.8012422323226929 0
1692958398785 0.8136646151542664 0
1692958398866 0.8571428656578064 0
1692958398958 0.9006211161613464 0
1692958399010 0.9306418299674988 0
1692958399058 0.9440993666648865 0
1692958399104 0.9927536249160767 0
1692958399150 1.0403727293014526 0
1692958399231 1.0072463750839233 0
1692958399277 1.0724637508392334 0
1692958399325 1.0797101259231567 0
1692958399394 1.0786749124526978 0
1692958399449 1.1666666269302368 0
1692958399495 1.1594202518463135 0
1692958399541 1.1708074808120728 0
