1715336026757 0.6951538696885109 0
1715336026794 0.6905176863074303 0
1715336026831 0.6853368207812309 0
1715336026868 0.678581640124321 0
1715336026905 0.6690202131867409 0
1715336026943 0.6555261313915253 0
1715336026980 0.6369367986917496 0
1715336027089 0.6123373284935951 0
1715336027215 0.5813889354467392 0
1715336027339 0.5444542914628983 0
1715336027393 0.5042150914669037 0
1715336027431 0.46510837599635124 0
1715336027470 0.4330652616918087 0
1715336027529 0.41198456287384033 0
1715336027661 0.40159328654408455 0
1715336027759 0.39761363714933395 0
1715336027796 0.39587098360061646 0
1715336027834 0.3947093337774277 0
1715336027872 0.39373643696308136 0
1715336027911 0.39315659180283546 0
1715336027950 0.3928089216351509 0
1715336027988 0.3925996795296669 0
1715336028025 0.39247069507837296 0
1715336028057 0.3923841379582882 0
1715336028092 0.39231329411268234 0
1715336028126 0.3922237679362297 0
1715336028160 0.3921804539859295 0
1715336028195 0.3921287804841995 0
