1683886376172 0.6753994862238566 0
1683886376229 0.5691955626010895 0
1683886376281 0.42223153710365297 0
1683886376335 0.3998042662938436 0
1683886376387 0.393024206161499 0
1683886376440 0.39214070439338683 0
1683886376492 0.39169597427050273 0
1683886376546 0.39134529829025266 0
1683886376600 0.3909928143024445 0
1683886376653 0.3906225323677063 0
1683886376708 0.3901224235693614 0
1683886376761 0.3896495739618937 0
1683886376814 0.38914836446444195 0
1683886376867 0.38853039344151813 0
1683886376919 0.3878401339054108 0
