1723803236195 0.6864971481263638 0
1723803236238 0.679547656327486 0
1723803236280 0.6696456894278526 0
1723803236322 0.6534206941723824 0
1723803236374 0.6281130239367485 0
1723803236430 0.5936101861298084 0
1723803236485 0.5527187436819077 0
1723803236533 0.5107440203428268 0
1723803236586 0.4733589980751276 0
1723803236648 0.4449247531592846 0
1723803236698 0.42654562555253506 0
1723803236747 0.41528631560504436 0
1723803236792 0.4081495013087988 0
1723803236834 0.4033701457083225 0
1723803236876 0.40008310601115227 0
1723803236918 0.39782008714973927 0
1723803236960 0.3962632603943348 0
1723803237005 0.3951743859797716 0
1723803237050 0.3943832479417324 0
1723803237095 0.39382341876626015 0
1723803237146 0.3934033866971731 0
1723803237193 0.39310917258262634 0
1723803237238 0.39285176061093807 0
1723803237281 0.3926346078515053 0
1723803237340 0.39248786121606827 0
1723803237388 0.3923406209796667 0
1723803237439 0.3922323752194643 0
1723803237484 0.3921142406761646 0
1723803237531 0.3920303490012884 0
1723803237575 0.3919220305979252 0
1723803237617 0.3918407987803221 0
1723803237662 0.391739284619689 0
1723803237705 0.39168056286871433 0
