1717150473245 0.7894211411476135 0
1717150473298 0.8243513107299805 0
1717150473351 0.8802395462989807 0
1717150473406 0.940119743347168 0
1717150473461 0.9830339550971985 0
1717150473519 1.010978102684021 0
1717150473579 1.0129740238189697 0
1717150473640 1.1287424564361572 0
1717150473697 1.1407185792922974 0
1717150473750 1.163672685623169 0
1717150473802 1.2435129880905151 0
1717150473853 1.3113772869110107 0
1717150473906 1.4311376810073853 0
1717150473965 1.4500998258590698 0
1717150474023 1.5608782768249512 0
1717150474079 1.5698602199554443 0
1717150474136 1.668662667274475 0
1717150474193 1.7355289459228516 0
1717150474250 1.7894212007522583 0
