1690539279117 0.6930259168148041 0
1690539279214 0.6846670135855675 0
1690539279316 0.6721961461007595 0
1690539279420 0.6510456278920174 0
1690539279539 0.6142085008323193 0
1690539279638 0.5563480518758297 0
1690539279740 0.48621177300810814 0
1690539279843 0.4285528026521206 0
1690539279927 0.40262332558631897 0
1690539280030 0.3969305884093046 0
1690539280125 0.395565515384078 0
1690539280233 0.39391582272946835 0
1690539280324 0.3934948332607746 0
1690539280413 0.3928942643105984 0
1690539280520 0.3925718776881695 0
1690539280628 0.3925295639783144 0
1690539280726 0.39222252927720547 0
1690539280794 0.3924673441797495 0
