1721988856527 0.6898140721023083 0
1721988856568 0.6855024918913841 0
1721988856606 0.6808979250490665 0
1721988856699 0.6751334890723228 0
1721988856771 0.6668567210435867 0
1721988856838 0.6542861759662628 0
1721988856886 0.6347964555025101 0
1721988856920 0.6058334037661552 0
1721988856954 0.5657333880662918 0
1721988856988 0.5177082419395447 0
1721988857023 0.47177368588745594 0
1721988857057 0.4364592917263508 0
1721988857091 0.41498470492661 0
1721988857125 0.4043620955199003 0
1721988857160 0.399469131603837 0
1721988857194 0.39697103202342987 0
1721988857228 0.3953907750546932 0
1721988857263 0.3943638876080513 0
1721988857297 0.39370225742459297 0
1721988857332 0.3932340368628502 0
1721988857367 0.39290272630751133 0
1721988857402 0.39272339455783367 0
1721988857437 0.39255521446466446 0
1721988857472 0.3924489002674818 0
1721988857506 0.39239135943353176 0
1721988857541 0.3923254534602165 0
1721988857594 0.39225080236792564 0
1721988857634 0.3921930808573961 0
1721988857672 0.39214685186743736 0
1721988857710 0.3920906577259302 0
1721988857747 0.3920384831726551 0
