1721988856536 0.7750247716903687 0
1721988856577 0.773042619228363 0
1721988856615 0.7819623351097107 0
1721988856710 0.7859266400337219 0
1721988856782 0.8116947412490845 0
1721988856847 0.8315163254737854 0
1721988856894 0.8057482838630676 0
1721988856928 0.8325074315071106 0
1721988856962 0.830525279045105 0
1721988856996 0.810703694820404 0
1721988857031 0.79682856798172 0
1721988857065 0.7958374619483948 0
1721988857099 0.7958374619483948 0
1721988857133 0.7978196144104004 0
1721988857168 0.799801766872406 0
1721988857202 0.810703694820404 0
1721988857236 0.8255698680877686 0
1721988857271 0.8275520205497742 0
1721988857305 0.8463825583457947 0
1721988857340 0.8493558168411255 0
1721988857375 0.8662041425704956 0
1721988857410 0.8632309436798096 0
1721988857445 0.8840436339378357 0
1721988857480 0.9028741121292114 0
1721988857515 0.9098116755485535 0
1721988857550 0.9474727511405945 0
1721988857603 0.9524281620979309 0
1721988857643 0.9514370560646057 0
1721988857680 0.9583746194839478 0
1721988857718 0.9534192085266113 0
1721988857755 0.9583746194839478 0
