1694772783323 0.6971202231943607 0
1694772783367 0.693458765745163 0
1694772783410 0.6894427053630352 0
1694772783452 0.68487099558115 0
1694772783493 0.6789634451270103 0
1694772783534 0.6717896908521652 0
1694772783576 0.6623693257570267 0
1694772783616 0.6506736725568771 0
1694772783657 0.6369322128593922 0
1694772783698 0.6200485192239285 0
1694772783739 0.6007292941212654 0
1694772783781 0.5800443477928638 0
1694772783824 0.5572385676205158 0
1694772783867 0.5347697921097279 0
1694772783909 0.5138330943882465 0
1694772783949 0.4931873846799135 0
1694772783990 0.4753348287194967 0
1694772784031 0.46047455817461014 0
1694772784072 0.4479505196213722 0
1694772784113 0.43782432191073895 0
1694772784156 0.429351132363081 0
1694772784197 0.4238119460642338 0
1694772784242 0.41727370768785477 0
1694772784284 0.4135955050587654 0
1694772784325 0.40991487726569176 0
1694772784365 0.40749803371727467 0
1694772784408 0.405180387198925 0
1694772784453 0.4035726934671402 0
1694772784494 0.4017776735126972 0
1694772784536 0.4001989718526602 0
1694772784578 0.398553853854537 0
1694772784620 0.3977540098130703 0
1694772784661 0.39682395942509174 0
1694772784701 0.39645688608288765 0
1694772784744 0.3955932091921568 0
1694772784785 0.39527772553265095 0
1694772784827 0.3947337567806244 0
1694772784869 0.39413698948919773 0
1694772784910 0.3937602862715721 0
1694772784951 0.39336363784968853 0
1694772784992 0.39307257160544395 0
1694772785035 0.39311765506863594 0
1694772785079 0.3928184248507023 0
1694772785122 0.3925397414714098 0
1694772785164 0.3925293367356062 0
1694772785205 0.39233072847127914 0
1694772785246 0.3922306392341852 0
1694772785286 0.3921522181481123 0
1694772785327 0.39205434918403625 0
1694772785370 0.39193796925246716 0
1694772785412 0.3919730447232723 0
1694772785456 0.3918168991804123 0
1694772785499 0.39184763468801975 0
1694772785542 0.39183981716632843 0
1694772785584 0.3914923034608364 0
1694772785628 0.3915367480367422 0
1694772785673 0.39163361117243767 0
1694772785714 0.39152425713837147 0
1694772785755 0.3913931641727686 0
1694772785797 0.3916097804903984 0
1694772785839 0.3913000002503395 0
1694772785880 0.3912468459457159 0
1694772785923 0.39122061990201473 0
1694772785966 0.39128744788467884 0
1694772786006 0.3912171982228756 0
1694772786048 0.3911996837705374 0
1694772786090 0.39095588587224483 0
1694772786133 0.3910914547741413 0
1694772786177 0.39094953052699566 0
1694772786220 0.39110542088747025 0
