1694772783328 0.7977296113967896 0
1694772783373 0.7843137383460999 0
1694772783415 0.8049535751342773 0
1694772783457 0.8080495595932007 0
1694772783498 0.8235294222831726 0
1694772783539 0.8132094740867615 0
1694772783581 0.8400412797927856 0
1694772783621 0.8204334378242493 0
1694772783662 0.8101134896278381 0
1694772783703 0.7905056476593018 0
1694772783744 0.7905056476593018 0
1694772783786 0.792569637298584 0
1694772783829 0.7987616062164307 0
1694772783872 0.8008255958557129 0
1694772783914 0.8008255958557129 0
1694772783954 0.8008255958557129 0
1694772783995 0.8008255958557129 0
1694772784036 0.8008255958557129 0
1694772784077 0.8008255958557129 0
1694772784119 0.8008255958557129 0
1694772784162 0.8008255958557129 0
1694772784202 0.8008255958557129 0
1694772784248 0.8008255958557129 0
1694772784289 0.8008255958557129 0
1694772784330 0.8008255958557129 0
1694772784370 0.8008255958557129 0
1694772784413 0.8008255958557129 0
1694772784459 0.8008255958557129 0
1694772784500 0.8008255958557129 0
1694772784542 0.8008255958557129 0
1694772784583 0.8008255958557129 0
1694772784626 0.8008255958557129 0
1694772784666 0.8008255958557129 0
1694772784707 0.8008255958557129 0
1694772784749 0.8028895854949951 0
1694772784790 0.7997936010360718 0
1694772784832 0.8008255958557129 0
1694772784874 0.8008255958557129 0
1694772784915 0.8008255958557129 0
1694772784956 0.801857590675354 0
1694772784998 0.8028895854949951 0
1694772785041 0.8132094740867615 0
1694772785085 0.8152734637260437 0
1694772785128 0.8441692590713501 0
1694772785169 0.8524251580238342 0
1694772785210 0.8978328108787537 0
1694772785251 0.9029927849769592 0
1694772785291 0.9164086580276489 0
1694772785332 0.9277606010437012 0
1694772785375 0.9484004378318787 0
1694772785418 0.9607843160629272 0
1694772785462 0.9576883316040039 0
1694772785505 0.9742001891136169 0
1694772785548 1.0113519430160522 0
1694772785590 1.0072239637374878 0
1694772785634 0.9927760362625122 0
1694772785679 1.008255958557129 0
1694772785719 1.0196079015731812 0
1694772785761 1.00928795337677 0
1694772785803 1.017543911933899 0
1694772785844 1.0381836891174316 0
1694772785886 1.0567595958709717 0
1694772785929 1.041279673576355 0
1694772785971 1.0350877046585083 0
1694772786011 1.0381836891174316 0
1694772786053 1.0464396476745605 0
1694772786095 1.0546956062316895 0
1694772786139 1.0773993730545044 0
1694772786183 1.09184730052948 0
1694772786226 1.083591341972351 0
