1680948419158 0.8280590772628784 0
1680948419209 0.8080168962478638 0
1680948419258 0.8101266026496887 0
1680948419309 0.8217299580574036 0
1680948419360 0.8660337328910828 0
1680948419411 0.9715189933776855 0
1680948419465 1.0337553024291992 0
1680948419517 1.0411392450332642 0
1680948419568 1.0622363090515137 0
1680948419617 1.102320671081543 0
1680948419667 1.150843858718872 0
1680948419716 1.1645569801330566 0
1680948419767 1.3122363090515137 0
1680948419816 1.2742615938186646 0
1680948419867 1.3280590772628784 0
1680948419918 1.4261603355407715 0
1680948419968 1.4240506887435913 0
1680948420018 1.5432488918304443 0
1680948420069 1.5516877174377441 0
