1700820837730 0.6784163425045628 0
1700820837803 0.5751407454090733 0
1700820837867 0.41524753455192814 0
1700820837936 0.39446603578905903 0
1700820838077 0.39277833507907006 0
1700820838158 0.3925129675096081 0
1700820838211 0.39230762085606974 0
1700820838264 0.3919993965856491 0
1700820838318 0.39182592111249126 0
1700820838372 0.39165032102215674 0
1700820838427 0.39122243754325375 0
1700820838491 0.3909677122869799 0
1700820838563 0.3907019861282841 0
1700820838645 0.39039087391668753 0
1700820838711 0.39007246494293213 0
1700820838780 0.389761047978555 0
1700820838840 0.3893388173272533 0
1700820838894 0.3888838089281513 0
1700820838947 0.3883514279319394 0
1700820838998 0.3878833680383621 0
1700820839057 0.38727217528127855 0
1700820839115 0.38655744060393304 0
1700820839174 0.38598149630331224 0
1700820839230 0.38532371482541483 0
