1705659142236 0.8406091332435608 0
1705659142280 0.8182741403579712 0
1705659142321 0.8253806829452515 0
1705659142356 0.8131979703903198 0
1705659142393 0.8060913681983948 0
1705659142428 0.8263959288597107 0
1705659142463 0.8781725764274597 0
1705659142499 0.9461929202079773 0
1705659142534 0.9939086437225342 0
1705659142570 0.9939086437225342 0
1705659142605 1.01421320438385 0
1705659142641 1.0335025787353516 0
1705659142677 1.072081208229065 0
1705659142713 1.0883249044418335 0
1705659142749 1.141116738319397 0
