1727432145853 0.7954769134521484 0
1727432146048 0.7964601516723633 0
1727432146104 0.8062930107116699 0
1727432146264 0.8161258697509766 0
1727432146316 0.8279252648353577 0
1727432146377 0.8200590014457703 0
1727432146633 0.8367748260498047 0
1727432146688 0.8456243872642517 0
1727432146743 0.8466076850891113 0
1727432146951 0.8525073528289795 0
1727432147016 0.8633235096931458 0
1727432147061 0.8584070801734924 0
1727432147102 0.8603736758232117 0
1727432147142 0.8515241146087646 0
1727432147181 0.847590982913971 0
1727432147217 0.8446410894393921 0
1727432147255 0.8426745533943176 0
1727432147293 0.8426745533943176 0
1727432147331 0.8446410894393921 0
1727432147369 0.8446410894393921 0
1727432147409 0.8456243872642517 0
1727432147450 0.8436577916145325 0
1727432147495 0.8387414216995239 0
1727432147548 0.8466076850891113 0
1727432147593 0.8407079577445984 0
1727432147637 0.8485742211341858 0
1727432147714 0.8485742211341858 0
1727432147752 0.8554572463035583 0
1727432147795 0.8564404845237732 0
1727432147835 0.859390377998352 0
1727432147883 0.8574237823486328 0
1727432147927 0.8613569140434265 0
1727432147970 0.8623402118682861 0
1727432148017 0.8682399392127991 0
1727432148058 0.8652900457382202 0
1727432148095 0.8751229047775269 0
1727432148134 0.8751229047775269 0
1727432148174 0.8770895004272461 0
1727432148214 0.8800393342971802 0
1727432148257 0.8859390616416931 0
1727432148301 0.9006882905960083 0
1727432148344 0.8967551589012146 0
