1679738849947 0.7970401644706726 0
1679738850222 0.7864693403244019 0
1679738850509 0.7769556045532227 0
1679738850784 0.7589852213859558 0
1679738851101 0.7600423097610474 0
1679738851438 0.7494714856147766 0
1679738851716 0.7558139562606812 0
1679738852086 0.7706131339073181 0
1679738852561 0.7822409868240356 0
1679738852835 0.7864693403244019 0
1679738853107 0.7822409868240356 0
1679738853389 0.8097251653671265 0
1679738853672 0.878435492515564 0
1679738854007 0.9196617603302002 0
1679738854329 0.9524312615394592 0
1679738854610 0.9545454382896423 0
1679738854887 0.9704017043113708 0
1679738855247 0.9704017043113708 0
1679738855524 0.9767441749572754 0
1679738855850 1.0095137357711792 0
1679738856127 1.0 0
1679738856455 1.002114176750183 0
1679738856812 1.0010570287704468 0
1679738857107 1.0264270305633545 0
1679738857429 1.0613107681274414 0
1679738857539 1.03699791431427 0
1679738857690 1.0613107681274414 0
1679738857969 1.0591965913772583 0
