1723198554969 0.6853877678513527 0
1723198555060 0.6727331727743149 0
1723198555143 0.6537833586335182 0
1723198555229 0.623829796910286 0
1723198555312 0.5788043886423111 0
1723198555464 0.5195175334811211 0
1723198555551 0.45808541774749756 0
1723198555683 0.41605961322784424 0
1723198555762 0.4020552895963192 0
1723198555849 0.39952849224209785 0
1723198556159 0.39599208906292915 0
1723198556243 0.39343421906232834 0
1723198556334 0.3926965594291687 0
1723198556467 0.3923604302108288 0
1723198556689 0.39208368211984634 0
1723198556782 0.39192866161465645 0
1723198556869 0.39184340089559555 0
1723198557064 0.39172429218888283 0
1723198557138 0.391601350158453 0
