1723198554987 0.7823936939239502 0
1723198555075 0.8071216344833374 0
1723198555158 0.7972304821014404 0
1723198555243 0.7922848463058472 0
1723198555331 0.7863501310348511 0
1723198555479 0.7873392701148987 0
1723198555613 0.7784371972084045 0
1723198555697 0.7705242037773132 0
1723198555780 0.7814045548439026 0
1723198555870 0.7784371972084045 0
1723198556176 0.8021760582923889 0
1723198556261 0.8407517075538635 0
1723198556349 0.8803164958953857 0
1723198556489 0.919881284236908 0
1723198556710 0.9287833571434021 0
1723198556799 0.9485657811164856 0
1723198556887 0.9604352116584778 0
1723198557078 0.975271999835968 0
1723198557158 0.9920870661735535 0
