1726222552482 0.6856425553560257 0
1726222552517 0.6677599623799324 0
1726222552551 0.6361760720610619 0
1726222552585 0.582425095140934 0
1726222552619 0.5065886490046978 0
1726222552669 0.43578920513391495 0
1726222552707 0.40860768407583237 0
1726222552744 0.40423521026968956 0
1726222552782 0.3960825093090534 0
1726222552819 0.39316020905971527 0
1726222552865 0.3925490528345108 0
1726222552909 0.39180145412683487 0
1726222552991 0.39158055931329727 0
1726222553037 0.3913664296269417 0
1726222553080 0.3911489471793175 0
1726222553119 0.39094652608036995 0
1726222553160 0.39072881639003754 0
1726222553196 0.3905010297894478 0
1726222553236 0.3902360834181309 0
1726222553275 0.3899965435266495 0
