1726222552491 0.8572834730148315 0
1726222552525 0.8612204790115356 0
1726222552560 0.8257874250411987 0
1726222552594 0.8188976645469666 0
1726222552628 0.8208661675453186 0
1726222552678 0.8257874250411987 0
1726222552716 0.8543307185173035 0
1726222552754 0.8523622155189514 0
1726222552792 0.8858267664909363 0
1726222552829 0.9261810779571533 0
1726222552877 0.961614191532135 0
1726222552918 0.9812992215156555 0
1726222553003 1.0167323350906372 0
1726222553049 1.0472440719604492 0
1726222553090 1.074803113937378 0
1726222553130 1.089566946029663 0
1726222553170 1.1072834730148315 0
1726222553206 1.1309055089950562 0
1726222553246 1.1683070659637451 0
1726222553286 1.1919291019439697 0
