1721988852337 0.8354806900024414 0
1721988852384 0.8364717364311218 0
1721988852427 0.8364717364311218 0
1721988852469 0.8176412582397461 0
1721988852511 0.8235877156257629 0
1721988852554 0.79682856798172 0
1721988852601 0.7958374619483948 0
1721988852648 0.7948463559150696 0
1721988852689 0.799801766872406 0
1721988852730 0.8126858472824097 0
1721988852770 0.810703694820404 0
1721988852813 0.7908820509910583 0
1721988852855 0.7879087924957275 0
1721988852910 0.7829534411430359 0
1721988852953 0.7869177460670471 0
1721988852996 0.8097125887870789 0
1721988853039 0.8235877156257629 0
1721988853080 0.8523290157318115 0
1721988853122 0.8751238584518433 0
1721988853162 0.8850346803665161 0
1721988853202 0.8899900913238525 0
1721988853243 0.9038652181625366 0
1721988853283 0.9147670865058899 0
1721988853324 0.9068384766578674 0
1721988853365 0.9058473706245422 0
1721988853405 0.928642213344574 0
1721988853444 0.9534192085266113 0
1721988853483 0.9573835730552673 0
1721988853522 0.9841427206993103 0
1721988853562 0.9781962633132935 0
1721988853601 0.9920713305473328 0
1721988853640 0.9990088939666748 0
1721988853680 1.0089197158813477 0
1721988853742 1.0089197158813477 0
1721988853785 1.0118929147720337 0
1721988853828 1.0247770547866821 0
1721988853872 1.0336967706680298 0
1721988853917 1.0386521816253662 0
1721988853962 1.053518295288086 0
1721988854009 1.0475718975067139 0
1721988854050 1.0594648122787476 0
1721988854090 1.0763131380081177 0
1721988854130 1.0564916133880615 0
1721988854170 1.1030724048614502 0
1721988854210 1.0763131380081177 0
1721988854250 1.091179370880127 0
1721988854291 1.0832507610321045 0
1721988854331 1.1169475317001343 0
1721988854373 1.108027696609497 0
1721988854414 1.1100099086761475 0
1721988854454 1.131813645362854 0
1721988854494 1.139742374420166 0
1721988854535 1.145688772201538 0
1721988854575 1.1516352891921997 0
1721988854615 1.1655104160308838 0
1721988854701 1.1625372171401978 0
1721988854746 1.1853320598602295 0
1721988854796 1.172447919845581 0
1721988854841 1.1912784576416016 0
1721988854885 1.1942517757415771 0
