1714731242910 0.6932199969887733 0
1714731242954 0.6917694434523582 0
1714731242991 0.6902983337640762 0
1714731243026 0.6888976618647575 0
1714731243064 0.6874811425805092 0
1714731243101 0.6860135048627853 0
1714731243139 0.6844956427812576 0
1714731243174 0.6828646808862686 0
1714731243209 0.6810843646526337 0
1714731243245 0.6791362017393112 0
1714731243280 0.6769670024514198 0
1714731243315 0.67451012134552 0
1714731243350 0.6717536300420761 0
1714731243385 0.6686311662197113 0
1714731243420 0.6651315838098526 0
1714731243455 0.6611976027488708 0
1714731243491 0.6567944586277008 0
1714731243527 0.6518446728587151 0
1714731243580 0.6463979706168175 0
1714731243630 0.6403547301888466 0
1714731243665 0.6336708441376686 0
1714731243703 0.626361533999443 0
1714731243753 0.6184443160891533 0
1714731243813 0.6097097992897034 0
1714731243873 0.6002940312027931 0
1714731243932 0.5901299566030502 0
1714731244011 0.5793629735708237 0
1714731244073 0.5678534731268883 0
1714731244129 0.5558584704995155 0
1714731244171 0.543495275080204 0
1714731244214 0.530766449868679 0
1714731244255 0.5180730223655701 0
1714731244294 0.5056205689907074 0
1714731244331 0.4935317635536194 0
1714731244374 0.48194511607289314 0
1714731244410 0.47113917022943497 0
1714731244448 0.46110349148511887 0
1714731244485 0.4519713558256626 0
1714731244520 0.4438624270260334 0
1714731244554 0.43661190941929817 0
1714731244589 0.4303749389946461 0
1714731244623 0.42503672093153 0
1714731244658 0.42038679122924805 0
1714731244692 0.41647065058350563 0
1714731244727 0.41312216967344284 0
1714731244765 0.4104098379611969 0
1714731244800 0.40814483910799026 0
1714731244835 0.40616441518068314 0
1714731244879 0.40453485026955605 0
1714731245029 0.40325772017240524 0
1714731245069 0.4020949974656105 0
1714731245104 0.40102148801088333 0
1714731245138 0.4001043029129505 0
1714731245172 0.39943116903305054 0
1714731245206 0.3986680135130882 0
1714731245241 0.3981213793158531 0
1714731245275 0.39753810316324234 0
1714731245310 0.3970034420490265 0
1714731245345 0.39663881063461304 0
1714731245380 0.3962031528353691 0
1714731245414 0.39587878435850143 0
1714731245449 0.3954971134662628 0
1714731245483 0.395161472260952 0
1714731245518 0.39486537873744965 0
1714731245552 0.39452268183231354 0
1714731245586 0.3942914716899395 0
1714731245621 0.39410099014639854 0
1714731245657 0.3938705660402775 0
1714731245713 0.39368876814842224 0
1714731245753 0.39356159046292305 0
1714731245789 0.3934106267988682 0
1714731245825 0.39328768476843834 0
1714731245861 0.39317938312888145 0
1714731245897 0.3930848352611065 0
1714731245932 0.3929787538945675 0
1714731245970 0.3929095230996609 0
1714731246034 0.39281363412737846 0
