1714731242923 0.7657657861709595 0
1714731242962 0.7737737894058228 0
1714731242998 0.7807807922363281 0
1714731243035 0.7747747898101807 0
1714731243072 0.7857857942581177 0
1714731243111 0.7877877950668335 0
1714731243147 0.7857857942581177 0
1714731243182 0.7967967987060547 0
1714731243217 0.7997997999191284 0
1714731243253 0.8038038015365601 0
1714731243288 0.8028028011322021 0
1714731243323 0.8088088035583496 0
1714731243358 0.7987987995147705 0
1714731243393 0.8028028011322021 0
1714731243428 0.8178178071975708 0
1714731243464 0.8238238096237183 0
1714731243499 0.8238238096237183 0
1714731243535 0.8258258104324341 0
1714731243595 0.8318318128585815 0
1714731243638 0.8338338136672974 0
1714731243674 0.8328328132629395 0
1714731243711 0.8338338136672974 0
1714731243769 0.8308308124542236 0
1714731243827 0.8348348140716553 0
1714731243888 0.8318318128585815 0
1714731243941 0.8338338136672974 0
1714731244025 0.8318318128585815 0
1714731244086 0.8278278112411499 0
1714731244138 0.8288288116455078 0
1714731244179 0.8338338136672974 0
1714731244224 0.8348348140716553 0
1714731244263 0.837837815284729 0
1714731244302 0.8338338136672974 0
1714731244340 0.8258258104324341 0
1714731244383 0.8228228092193604 0
1714731244419 0.8198198080062866 0
1714731244456 0.8178178071975708 0
1714731244494 0.8238238096237183 0
1714731244528 0.8258258104324341 0
1714731244562 0.8218218088150024 0
1714731244597 0.8288288116455078 0
1714731244631 0.826826810836792 0
1714731244666 0.8278278112411499 0
1714731244700 0.8308308124542236 0
1714731244735 0.826826810836792 0
1714731244773 0.8338338136672974 0
1714731244808 0.8388388156890869 0
1714731244844 0.837837815284729 0
1714731244894 0.8368368148803711 0
1714731245041 0.8348348140716553 0
1714731245077 0.8318318128585815 0
1714731245111 0.837837815284729 0
1714731245146 0.8368368148803711 0
1714731245179 0.8358358144760132 0
1714731245214 0.8348348140716553 0
1714731245249 0.8278278112411499 0
1714731245283 0.8298298120498657 0
1714731245318 0.8298298120498657 0
1714731245353 0.8328328132629395 0
1714731245388 0.8338338136672974 0
1714731245423 0.8278278112411499 0
1714731245457 0.837837815284729 0
1714731245491 0.8588588833808899 0
1714731245526 0.857857882976532 0
1714731245560 0.8518518805503845 0
1714731245594 0.8648648858070374 0
1714731245629 0.8638638854026794 0
1714731245665 0.8718718886375427 0
1714731245721 0.8648648858070374 0
1714731245761 0.8638638854026794 0
1714731245797 0.8678678870201111 0
1714731245833 0.8628628849983215 0
1714731245869 0.8618618845939636 0
1714731245905 0.8678678870201111 0
1714731245940 0.8698698878288269 0
1714731245983 0.8678678870201111 0
1714731246044 0.8588588833808899 0
