1720779291655 0.766865074634552 0
1720779291707 0.7698412537574768 0
1720779291940 0.7708333134651184 0
1720779291991 0.77182537317276 0
1720779292045 0.7996031641960144 0
1720779292101 0.8105158805847168 0
1720779292148 0.7946428656578064 0
1720779292192 0.7966269850730896 0
1720779292237 0.79067462682724 0
1720779292281 0.8382936716079712 0
1720779292327 0.8611111044883728 0
1720779292371 0.8779761791229248 0
1720779292418 0.898809552192688 0
1720779292464 0.925595223903656 0
1720779292512 0.9533730149269104 0
1720779292558 0.9454365372657776 0
1720779292742 0.961309552192688 0
1720779292795 0.976190447807312 0
1720779292844 0.9742063283920288 0
1720779292898 0.9821428656578064 0
1720779292953 0.9960317611694336 0
1720779293129 1.009920597076416 0
1720779293232 1.0307539701461792 0
1720779293289 1.0317460298538208 0
1720779293348 1.01884925365448 0
1720779293432 1.0466269254684448 0
1720779293478 1.057539701461792 0
1720779293526 1.0694444179534912 0
1720779293572 1.0684523582458496 0
1720779293633 1.0982142686843872 0
1720779293679 1.0882936716079712 0
1720779293722 1.1041666269302368 0
1720779293772 1.1329364776611328 0
1720779293819 1.139880895614624 0
