1685700749522 0.6832538172602654 0
1685700749554 0.6715404018759727 0
1685700749586 0.6523343697190285 0
1685700749617 0.6197525560855865 0
1685700749648 0.5686030238866806 0
1685700749679 0.5022702477872372 0
1685700749710 0.4406212158501148 0
1685700749741 0.4086935445666313 0
1685700749772 0.402530912309885 0
1685700749802 0.3980274498462677 0
1685700749832 0.393595639616251 0
1685700749866 0.39257609844207764 0
1685700749899 0.39236458763480186 0
1685700749933 0.39204375073313713 0
1685700749966 0.3918040432035923 0
1685700749996 0.39182373136281967 0
