1685700742585 0.684782886505127 0
1685700742624 0.6802463213602702 0
1685700742662 0.6743431925773621 0
1685700742700 0.664792533715566 0
1685700742741 0.6487314065297445 0
1685700742779 0.6226641297340393 0
1685700742819 0.5859538873036703 0
1685700742858 0.5412561933199564 0
1685700742895 0.49612121979395546 0
1685700742933 0.4590858439604441 0
1685700742971 0.43404632608095806 0
1685700743010 0.41828842560450236 0
1685700743048 0.40849929849306743 0
1685700743085 0.40220662554105124 0
1685700743124 0.3982423524061839 0
1685700743162 0.3958003362019857 0
1685700743200 0.39432053565979003 0
1685700743238 0.3934294859568278 0
1685700743276 0.3928533752759298 0
1685700743312 0.39248621265093486 0
1685700743348 0.3922586222489675 0
1685700743385 0.3920969327290853 0
1685700743422 0.39196630120277404 0
1685700743459 0.3918503244717916 0
1685700743495 0.3917545815308889 0
1685700743531 0.39169922669728596 0
1685700743566 0.3916170080502828 0
1685700743602 0.39152121742566426 0
1685700743639 0.39144779642422994 0
1685700743675 0.39138598839441935 0
1685700743712 0.3913157403469086 0
1685700743749 0.3912080466747284 0
1685700743784 0.39116259614626564 0
1685700743824 0.391070681810379 0
1685700743862 0.39099660714467366 0
1685700743899 0.3908946176369985 0
