1685700742590 0.8209424018859863 0
1685700742628 0.8146597146987915 0
1685700742667 0.8020942211151123 0
1685700742705 0.800000011920929 0
1685700742745 0.773822009563446 0
1685700742783 0.7811518311500549 0
1685700742823 0.7811518311500549 0
1685700742862 0.7811518311500549 0
1685700742900 0.7863874435424805 0
1685700742937 0.7895287871360779 0
1685700742975 0.7937172651290894 0
1685700743014 0.7989528775215149 0
1685700743052 0.7989528775215149 0
1685700743090 0.7937172651290894 0
1685700743128 0.7989528775215149 0
1685700743166 0.809424102306366 0
1685700743204 0.8219895362854004 0
1685700743242 0.8230366706848145 0
1685700743280 0.8607329726219177 0
1685700743316 0.944502592086792 0
1685700743352 0.9476439952850342 0
1685700743389 0.9602094292640686 0
1685700743426 0.9643979072570801 0
1685700743463 0.9853402972221375 0
1685700743499 1.016753911972046 0
1685700743535 1.01780104637146 0
1685700743570 1.036649227142334 0
1685700743606 1.0439790487289429 0
1685700743643 1.0439790487289429 0
1685700743679 1.0324606895446777 0
1685700743716 1.064921498298645 0
1685700743753 1.0858638286590576 0
1685700743788 1.0764397382736206 0
1685700743829 1.1068062782287598 0
1685700743867 1.0952879190444946 0
1685700743903 1.1068062782287598 0
