1700215952485 0.809621274471283 0
1700215952522 0.8085977435112 0
1700215952558 0.7840327620506287 0
1700215952594 0.7881269454956055 0
1700215952629 0.7963152527809143 0
1700215952666 0.7973387837409973 0
1700215952701 0.8403275609016418 0
1700215952736 0.8812692165374756 0
1700215952770 0.9201637506484985 0
1700215952805 0.9252814650535583 0
1700215952840 0.9283521175384521 0
1700215952874 0.9252814650535583 0
1700215952910 0.9406346082687378 0
1700215952944 0.9662231206893921 0
1700215952979 0.9621289372444153 0
1700215953014 0.997952938079834 0
1700215953050 1.0174001455307007 0
1700215953086 1.0266120433807373 0
1700215953122 1.0767656564712524 0
1700215953156 1.0522005558013916 0
1700215953191 1.0716478824615479 0
1700215953226 1.0849539041519165 0
1700215953261 1.1105425357818604 0
