1700215952480 0.69346484541893 0
1700215952516 0.6736789904534817 0
1700215952552 0.634252704679966 0
1700215952589 0.5571299530565739 0
1700215952624 0.45617020688951015 0
1700215952661 0.40196290239691734 0
1700215952696 0.39622335135936737 0
1700215952731 0.39356509037315845 0
1700215952766 0.3929086681455374 0
1700215952801 0.39256962947547436 0
1700215952835 0.39239002764225006 0
1700215952870 0.39220015704631805 0
1700215952905 0.39212010614573956 0
1700215952939 0.39199831150472164 0
1700215952974 0.3919261060655117 0
1700215953009 0.39175195433199406 0
1700215953045 0.3915769699960947 0
1700215953081 0.39137010648846626 0
1700215953117 0.391228960826993 0
1700215953151 0.3910361919552088 0
1700215953186 0.3908315394073725 0
1700215953221 0.3907517734915018 0
1700215953256 0.39055776223540306 0
