1717755223604 0.686884444206953 0
1717755223648 0.6672400161623955 0
1717755223691 0.6283693239092827 0
1717755223731 0.550261527299881 0
1717755223772 0.44806415028870106 0
1717755223813 0.3993213213980198 0
1717755223853 0.395505852997303 0
1717755223895 0.393226670101285 0
1717755223936 0.39291417598724365 0
1717755223980 0.3926866054534912 0
1717755224021 0.3925288747996092 0
1717755224066 0.3923792913556099 0
1717755224111 0.39216846227645874 0
1717755224155 0.39202896133065224 0
1717755224204 0.39187885262072086 0
1717755224249 0.39173393696546555 0
1717755224295 0.3915754705667496 0
1717755224339 0.391389437019825 0
1717755224382 0.39123458601534367 0
1717755224423 0.39110537245869637 0
1717755224464 0.3908199295401573 0
1717755224505 0.3906946051865816 0
1717755224544 0.3905576951801777 0
1717755224584 0.39035806991159916 0
