1717755223612 0.8045862317085266 0
1717755223655 0.8265204429626465 0
1717755223698 0.8115652799606323 0
1717755223739 0.8065802454948425 0
1717755223779 0.7966101765632629 0
1717755223820 0.8235294222831726 0
1717755223861 0.8783649206161499 0
1717755223903 0.9072781801223755 0
1717755223943 0.9142572283744812 0
1717755223987 0.9282153248786926 0
1717755224029 0.9421734809875488 0
1717755224074 0.9531405568122864 0
1717755224119 0.9651046991348267 0
1717755224164 1.0119640827178955 0
1717755224213 0.9960119724273682 0
1717755224257 1.0109671354293823 0
1717755224303 1.0368893146514893 0
1717755224347 1.0697906017303467 0
1717755224389 1.0687936544418335 0
1717755224431 1.0857428312301636 0
1717755224471 1.1266201734542847 0
1717755224512 1.140578269958496 0
1717755224552 1.1415752172470093 0
1717755224591 1.1864407062530518 0
