1718360009784 0.7858565449714661 0
1718360009829 0.8157370686531067 0
1718360009876 0.8217131495475769 0
1718360009921 0.8127490282058716 0
1718360009989 0.8366534113883972 0
1718360010044 0.850597620010376 0
1718360010095 0.850597620010376 0
1718360010146 0.8695219159126282 0
1718360010195 0.9043824672698975 0
1718360010317 0.9153386354446411 0
1718360010363 0.9541832804679871 0
1718360010408 0.9442231059074402 0
1718360010453 0.961155354976654 0
1718360010498 0.9780876636505127 0
1718360010543 0.987051784992218 0
1718360010586 0.987051784992218 0
1718360010630 0.987051784992218 0
1718360010674 0.9910358786582947 0
1718360010718 1.00896418094635 0
1718360010762 1.0209163427352905 0
1718360010806 1.0438246726989746 0
1718360010850 1.034860610961914 0
1718360010895 1.065737009048462 0
1718360010970 1.065737009048462 0
