1688120051417 0.7945776581764221 0
1688120051447 0.7851929068565369 0
1688120051475 0.7789363861083984 0
1688120051506 0.7737226486206055 0
1688120051535 0.7956204414367676 0
1688120051567 0.8029196858406067 0
1688120051597 0.7935349345207214 0
1688120051624 0.7945776581764221 0
1688120051652 0.8206465244293213 0
1688120051679 0.8039624691009521 0
1688120051706 0.8060479760169983 0
1688120051733 0.8102189898490906 0
1688120051760 0.801876962184906 0
1688120051787 0.7904066443443298 0
1688120051814 0.7862356901168823 0
1688120051841 0.7831073999404907 0
1688120051869 0.7945776581764221 0
1688120051898 0.7914494276046753 0
1688120051982 0.7997914552688599 0
1688120052024 0.7997914552688599 0
1688120052079 0.7997914552688599 0
1688120052112 0.7883211970329285 0
1688120052141 0.8008341789245605 0
1688120052214 0.8039624691009521 0
1688120052257 0.8133472204208374 0
1688120052300 0.8123044967651367 0
1688120052341 0.8196037411689758 0
1688120052380 0.8196037411689758 0
1688120052417 0.8196037411689758 0
1688120052459 0.8300312757492065 0
1688120052490 0.8383733034133911 0
1688120052528 0.836287796497345 0
1688120052567 0.836287796497345 0
1688120052606 0.8529718518257141 0
1688120052646 0.8477580547332764 0
1688120052686 0.865484893321991 0
1688120052732 0.8571428656578064 0
1688120052771 0.8665276169776917 0
1688120052812 0.8706986308097839 0
1688120052846 0.8821689486503601 0
1688120052883 0.8915536999702454 0
1688120052974 0.9186652898788452 0
1688120053003 0.9124087691307068 0
1688120053031 0.9238790273666382 0
1688120053059 0.9249218106269836 0
1688120053087 0.9134514927864075 0
1688120053114 0.9155369997024536 0
1688120053141 0.9353493452072144 0
1688120053170 0.9290928244590759 0
1688120053205 0.9530761241912842 0
1688120053236 0.9603753685951233 0
1688120053266 0.9687173962593079 0
1688120053305 0.9635036587715149 0
1688120053351 0.9489051103591919 0
1688120053395 0.9541188478469849 0
1688120053435 0.9624608755111694 0
1688120053473 0.9635036587715149 0
1688120053513 0.9614181518554688 0
1688120053553 0.9635036587715149 0
1688120053596 0.9645463824272156 0
1688120053641 0.9676746726036072 0
1688120053682 0.9687173962593079 0
1688120053717 0.970802903175354 0
