1688120051412 0.6910752207040787 0
1688120051443 0.6891354247927666 0
1688120051471 0.6869401857256889 0
1688120051501 0.6843285486102104 0
1688120051530 0.6812708377838135 0
1688120051561 0.6774442493915558 0
1688120051593 0.6724338531494141 0
1688120051620 0.6658902540802956 0
1688120051647 0.657855674624443 0
1688120051675 0.6479120627045631 0
1688120051702 0.6355709433555603 0
1688120051729 0.6206966117024422 0
1688120051756 0.6032775267958641 0
1688120051783 0.5833697393536568 0
1688120051809 0.5609215348958969 0
1688120051836 0.5368246883153915 0
1688120051865 0.5123109668493271 0
1688120051894 0.4883872717618942 0
1688120051977 0.4653872102499008 0
1688120052019 0.44615108892321587 0
1688120052073 0.4301515631377697 0
1688120052107 0.4189177677035332 0
1688120052137 0.4108954817056656 0
1688120052199 0.40604545176029205 0
1688120052249 0.40271206945180893 0
1688120052292 0.40037525445222855 0
1688120052335 0.3988308720290661 0
1688120052375 0.39757680520415306 0
1688120052412 0.39643554389476776 0
1688120052454 0.39556029811501503 0
1688120052485 0.3949589692056179 0
1688120052520 0.3946147970855236 0
1688120052560 0.39401162043213844 0
1688120052596 0.3936872333288193 0
1688120052639 0.39352621138095856 0
1688120052677 0.39321496337652206 0
1688120052724 0.3929818905889988 0
1688120052762 0.39285053312778473 0
1688120052804 0.39283057674765587 0
1688120052842 0.3927016444504261 0
1688120052877 0.39264922589063644 0
1688120052930 0.3925510011613369 0
1688120052998 0.39243967086076736 0
1688120053027 0.39236191287636757 0
1688120053055 0.3924318477511406 0
1688120053083 0.39227916300296783 0
1688120053110 0.3923243321478367 0
1688120053137 0.39230118319392204 0
1688120053165 0.39228375628590584 0
1688120053200 0.3922453075647354 0
1688120053232 0.39222539216279984 0
1688120053260 0.3922105021774769 0
1688120053299 0.3920876607298851 0
1688120053340 0.3921235539019108 0
1688120053384 0.3920627236366272 0
1688120053426 0.3920041471719742 0
1688120053465 0.3919532112777233 0
1688120053505 0.39192283526062965 0
1688120053548 0.39197559282183647 0
1688120053592 0.3919062688946724 0
1688120053632 0.391914289444685 0
1688120053674 0.3918967805802822 0
1688120053711 0.391916885972023 0
