1683886377013 0.6926192263762156 0
1683886377071 0.6800802727540334 0
1683886377129 0.6488878428936005 0
1683886377186 0.583074148495992 0
1683886377246 0.4932421624660492 0
1683886377304 0.43010841906070707 0
1683886377362 0.4066153854131699 0
1683886377422 0.39899700284004214 0
1683886377478 0.3954896758000056 0
1683886377533 0.39373054007689157 0
1683886377590 0.39279336432615913 0
1683886377648 0.3923413793245951 0
1683886377706 0.39200283189614615 0
1683886377764 0.3917872796456019 0
1683886377820 0.39161553978919983 0
