1718359996231 0.8027888536453247 0
1718359996282 0.7848605513572693 0
1718359996332 0.8336653113365173 0
1718359996382 0.850597620010376 0
1718359996429 0.9422310590744019 0
1718359996489 0.9621514081954956 0
1718359996547 1.0507968664169312 0
1718359996600 1.1245019435882568 0
1718359996654 1.140438199043274 0
1718359996708 1.1603585481643677 0
1718359996763 1.25 0
1718359996815 1.308764934539795 0
1718359996957 1.308764934539795 0
1718359997007 1.359561800956726 0
1718359997060 1.37649405002594 0
1718359997115 1.4352589845657349 0
1718359997170 1.5059760808944702 0
