1708683272456 0.8535353541374207 0
1708683272521 0.8383838534355164 0
1708683272594 0.8161616325378418 0
1708683272658 0.8161616325378418 0
1708683272723 0.8252525329589844 0
1708683272790 0.8727272748947144 0
1708683272858 0.8787878751754761 0
1708683272924 0.8868687152862549 0
1708683272990 0.8888888955116272 0
1708683273055 0.926262617111206 0
1708683273120 0.9303030371665955 0
1708683273185 0.9272727370262146 0
1708683273250 0.9353535175323486 0
1708683273314 0.9616161584854126 0
1708683273378 0.9777777791023254 0
1708683273444 0.9777777791023254 0
1708683273510 0.9797979593276978 0
1708683273574 1.0090909004211426 0
1708683273639 0.9959595799446106 0
1708683273703 1.0101009607315063 0
1708683273767 1.052525281906128 0
1708683273830 1.0565656423568726 0
1708683273897 1.0565656423568726 0
1708683273963 1.09494948387146 0
1708683274031 1.0929292440414429 0
1708683274101 1.1111111640930176 0
1708683274170 1.1353535652160645 0
1708683274238 1.1464647054672241 0
1708683274302 1.163636326789856 0
1708683274368 1.1929292678833008 0
1708683274434 1.218181848526001 0
1708683274500 1.234343409538269 0
1708683274568 1.2484848499298096 0
1708683274636 1.2808080911636353 0
