1699006364726 0.6958615817129612 0
1699006364759 0.6909606456756592 0
1699006364810 0.6857434585690498 0
1699006364841 0.6794761829078197 0
1699006364873 0.6712866015732288 0
1699006364904 0.6603074036538601 0
1699006364935 0.6452654674649239 0
1699006364966 0.6247580945491791 0
1699006364997 0.5977418050169945 0
1699006365028 0.5635244064033031 0
1699006365059 0.5253156647086143 0
1699006365090 0.48539169877767563 0
1699006365122 0.4514826871454716 0
1699006365153 0.4270466882735491 0
1699006365184 0.4122926779091358 0
1699006365215 0.40426828898489475 0
1699006365251 0.40008160285651684 0
1699006365283 0.39776746183633804 0
1699006365315 0.39620294235646725 0
1699006365347 0.39501165971159935 0
1699006365383 0.3942816685885191 0
1699006365416 0.39373322017490864 0
1699006365447 0.3932916037738323 0
1699006365479 0.3929743058979511 0
1699006365511 0.39285544864833355 0
1699006365543 0.39277397468686104 0
1699006365573 0.39262962341308594 0
1699006365604 0.39250977151095867 0
1699006365635 0.3923948369920254 0
1699006365666 0.392312403768301 0
1699006365696 0.39232184924185276 0
1699006365726 0.3921991437673569 0
1699006365757 0.392183855175972 0
1699006365789 0.39218745008111 0
1699006365828 0.3920527994632721 0
