1699006364731 0.7928205132484436 0
1699006364764 0.7948718070983887 0
1699006364815 0.8061538338661194 0
1699006364846 0.8030769228935242 0
1699006364878 0.7948718070983887 0
1699006364909 0.7948718070983887 0
1699006364940 0.7928205132484436 0
1699006364971 0.7887179255485535 0
1699006365002 0.800000011920929 0
1699006365033 0.8010256290435791 0
1699006365064 0.8133333325386047 0
1699006365095 0.8164102435112 0
1699006365126 0.8112820386886597 0
1699006365157 0.8123077154159546 0
1699006365189 0.8153846263885498 0
1699006365220 0.8174359202384949 0
1699006365256 0.8123077154159546 0
1699006365288 0.8194871544837952 0
1699006365320 0.8174359202384949 0
1699006365352 0.8225641250610352 0
1699006365388 0.8410256505012512 0
1699006365420 0.8646153807640076 0
1699006365452 0.8625640869140625 0
1699006365484 0.8841025829315186 0
1699006365515 0.8851282000541687 0
1699006365547 0.870769202709198 0
1699006365578 0.8553845882415771 0
1699006365609 0.8646153807640076 0
1699006365640 0.8810256123542786 0
1699006365670 0.8882051110267639 0
1699006365701 0.8974359035491943 0
1699006365731 0.8994871973991394 0
1699006365762 0.9128205180168152 0
1699006365802 0.911794900894165 0
1699006365833 0.9179487228393555 0
