1701425843927 0.8406537175178528 0
1701425843991 0.8202247023582458 0
1701425844045 0.8232890963554382 0
1701425844211 0.8416751623153687 0
1701425844261 0.8232890963554382 0
1701425844320 0.7977527976036072 0
1701425844376 0.7946884632110596 0
1701425844434 0.8089887499809265 0
1701425844478 0.8232890963554382 0
1701425844522 0.8130745887756348 0
1701425844566 0.81920325756073 0
1701425844618 0.8273748755455017 0
1701425844667 0.8283963203430176 0
1701425844719 0.8304392099380493 0
1701425844768 0.8304392099380493 0
1701425844811 0.8314606547355652 0
1701425844856 0.8273748755455017 0
1701425844900 0.838610827922821 0
1701425845058 0.8488253355026245 0
1701425845134 0.8559755086898804 0
1701425845187 0.8569969534873962 0
1701425845304 0.8610827326774597 0
1701425845387 0.8661900162696838 0
1701425845433 0.8835546374320984 0
1701425845477 0.9182839393615723 0
1701425845520 0.932584285736084 0
1701425845563 0.9479060173034668 0
1701425845665 0.960163414478302 0
1701425845712 0.9632278084754944 0
1701425845764 0.9744637608528137 0
1701425845811 0.9754852056503296 0
1701425845876 0.9805924296379089 0
1701425846093 0.9877426028251648 0
1701425846154 0.9867211580276489 0
1701425846209 1.0234934091567993 0
1701425846255 1.0245147943496704 0
1701425846298 1.0245147943496704 0
1701425846405 1.0173646211624146 0
1701425846453 1.0347293615341187 0
1701425846495 1.0377936363220215 0
1701425846555 1.0296220779418945 0
1701425846618 1.0500510931015015 0
1701425846671 1.0684372186660767 0
1701425846714 1.079673171043396 0
1701425846786 1.079673171043396 0
1701425846835 1.059244155883789 0
1701425846880 1.0919305086135864 0
1701425846926 1.0858018398284912 0
