1695377644063 0.8546391725540161 0
1695377644116 0.8670102953910828 0
1695377644209 0.8402062058448792 0
1695377644291 0.8422680497169495 0
1695377644353 0.8237113356590271 0
1695377644665 0.8185567259788513 0
1695377644721 0.8154639005661011 0
1695377644812 0.8195876479148865 0
1695377644889 0.8134020566940308 0
1695377644992 0.8237113356590271 0
1695377645094 0.8144329786300659 0
1695377645167 0.8123711347579956 0
1695377645242 0.8154639005661011 0
1695377645319 0.8216494917869568 0
1695377645392 0.8278350234031677 0
1695377645458 0.8206185698509216 0
1695377645538 0.8195876479148865 0
1695377645671 0.8185567259788513 0
1695377645751 0.8237113356590271 0
1695377645815 0.839175283908844 0
1695377645906 0.8639175295829773 0
1695377645989 0.8989690542221069 0
1695377646073 0.9123711585998535 0
1695377646145 0.9288659691810608 0
1695377646216 0.9494845271110535 0
1695377646293 0.9494845271110535 0
1695377646368 0.9567010402679443 0
1695377646428 0.9618556499481201 0
1695377646479 0.960824728012085 0
1695377646520 0.9752577543258667 0
1695377646562 0.9649484753608704 0
1695377646603 0.9907216429710388 0
1695377646648 0.9896907210350037 0
1695377646690 0.9927834868431091 0
1695377646730 0.9886597990989685 0
1695377646770 0.9948453903198242 0
