1687515291146 0.6793978661298752 0
1687515291184 0.6563588529825211 0
1687515291219 0.616515539586544 0
1687515291255 0.5486575439572334 0
1687515291290 0.4609847106039524 0
1687515291325 0.4044933058321476 0
1687515291360 0.4019255004823208 0
1687515291395 0.39766183122992516 0
1687515291472 0.3927711360156536 0
1687515291508 0.39306603744626045 0
1687515291544 0.39247970655560493 0
1687515291580 0.39213990792632103 0
1687515291624 0.39202525839209557 0
1687515291701 0.3918926268815994 0
1687515291853 0.39170432835817337 0
1687515291918 0.3915168531239033 0
1687515291991 0.391376044601202 0
1687515292048 0.39125867560505867 0
1687515292098 0.3911637142300606 0
1687515292158 0.3910420536994934 0
1687515292218 0.3909389451146126 0
1687515292273 0.39067467674613 0
1687515292327 0.3906099647283554 0
1687515292383 0.39042557775974274 0
1687515292498 0.39026372507214546 0
1687515292534 0.39005598053336143 0
1687515292605 0.3899056725203991 0
1687515292663 0.38969686627388 0
1687515292744 0.38949479535222054 0
1687515292779 0.3893660865724087 0
