1718359990461 0.6979962177574635 0
1718359990498 0.690709300339222 0
1718359990533 0.6819835565984249 0
1718359990568 0.667874563485384 0
1718359990606 0.6442476809024811 0
1718359990643 0.608892485499382 0
1718359990679 0.5630667693912983 0
1718359990714 0.5120553001761436 0
1718359990750 0.4677043855190277 0
1718359990783 0.4372790176421404 0
1718359990818 0.41956950165331364 0
1718359990854 0.4093707259744406 0
1718359990889 0.4031208548694849 0
1718359990923 0.3990978077054024 0
1718359990957 0.3965538963675499 0
1718359990993 0.3949139192700386 0
1718359991029 0.39382907189428806 0
1718359991065 0.3931370694190264 0
1718359991104 0.39267892949283123 0
1718359991143 0.39232625253498554 0
1718359991180 0.39207729138433933 0
1718359991217 0.39189680851995945 0
1718359991252 0.3917727582156658 0
1718359991287 0.3916195146739483 0
