1702635327341 0.8165137767791748 0
1702635327668 0.819571852684021 0
1702635327995 0.8093782067298889 0
1702635328281 0.8154944181442261 0
1702635328607 0.822629988193512 0
1702635328893 0.8124362826347351 0
1702635329177 0.8593271970748901 0
1702635329503 0.9092762470245361 0
1702635329832 0.9204893112182617 0
1702635330163 0.9276248812675476 0
1702635330449 0.9469928741455078 0
1702635330733 0.9745157957077026 0
1702635331019 0.9826707243919373 0
1702635331303 0.9612640142440796 0
1702635331631 0.9989806413650513 0
1702635331996 1.0030580759048462 0
1702635332323 1.0183485746383667 0
1702635332562 1.0591233968734741 0
1702635332849 1.0846076011657715 0
1702635333133 1.0876656770706177 0
1702635333377 1.0927624702453613 0
1702635333746 1.1590213775634766 0
1702635334059 1.1518858671188354 0
1702635334121 1.2079510688781738 0
1702635334283 1.2212028503417969 0
