1721384024975 0.6759310383349657 0
1721384025031 0.6107360925525427 0
1721384025087 0.4560123961418867 0
1721384025143 0.3968443535268307 0
1721384025198 0.39320791233330965 0
1721384025252 0.3927439507097006 0
1721384025308 0.39248865377157927 0
1721384025365 0.39220367930829525 0
1721384025419 0.3919692439958453 0
1721384025475 0.3918466027826071 0
1721384025533 0.3914820961654186 0
1721384025589 0.3913446795195341 0
1721384025644 0.3910258309915662 0
1721384025699 0.390736180357635 0
1721384025755 0.3904865523800254 0
1721384025811 0.390227691270411 0
1721384025867 0.3899532249197364 0
1721384025923 0.38957908377051353 0
1721384025978 0.3892404017969966 0
1721384026034 0.38893565349280834 0
1721384026090 0.3885099431499839 0
1721384026148 0.38806593883782625 0
1721384026206 0.38769911974668503 0
1721384026266 0.3872116468846798 0
