1721384024983 0.8353174328804016 0
1721384025039 0.8194444179534912 0
1721384025095 0.7876983880996704 0
1721384025150 0.8482142686843872 0
1721384025205 0.9186508059501648 0
1721384025260 0.9414682388305664 0
1721384025316 0.961309552192688 0
1721384025372 0.988095223903656 0
1721384025427 0.9920634627342224 0
1721384025483 1.01884925365448 0
1721384025540 1.0376983880996704 0
1721384025596 1.072420597076416 0
1721384025652 1.1240079402923584 0
1721384025707 1.1140873432159424 0
1721384025763 1.1894841194152832 0
1721384025818 1.1904761791229248 0
1721384025874 1.192460298538208 0
1721384025930 1.2867063283920288 0
1721384025986 1.3125 0
1721384026041 1.3343254327774048 0
1721384026098 1.384920597076416 0
1721384026156 1.4295635223388672 0
1721384026214 1.4742063283920288 0
1721384026274 1.4375 0
