1723198564164 0.7695351243019104 0
1723198564258 0.7922848463058472 0
1723198564332 0.780415415763855 0
1723198564402 0.7982195615768433 0
1723198564473 0.8061325550079346 0
1723198564547 0.8061325550079346 0
1723198564615 0.8090999126434326 0
1723198564683 0.8130564093589783 0
1723198564752 0.8090999126434326 0
1723198564823 0.8130564093589783 0
1723198564904 0.8456973433494568 0
1723198564996 0.857566773891449 0
1723198565074 0.8803164958953857 0
1723198565145 0.885262131690979 0
1723198565215 0.9248269200325012 0
1723198565285 0.9327398538589478 0
1723198565355 0.9535113573074341 0
1723198565426 0.9624134302139282 0
1723198565498 0.9535113573074341 0
1723198565572 0.9426310658454895 0
1723198565654 0.9545004963874817 0
1723198565734 0.9663699269294739 0
