1709892873445 0.8153380155563354 0
1709892873481 0.8062562942504883 0
1709892873520 0.8264379501342773 0
1709892873555 0.8324924111366272 0
1709892873591 0.8092835545539856 0
1709892873628 0.7870837450027466 0
1709892873663 0.7911200523376465 0
1709892873695 0.776992917060852 0
1709892873723 0.7800201773643494 0
1709892873752 0.8002018332481384 0
1709892873781 0.7921291589736938 0
1709892873813 0.8355196714401245 0
1709892873848 0.9001008868217468 0
1709892873885 0.9243188500404358 0
1709892873915 0.9364278316497803 0
1709892873944 0.9545913338661194 0
1709892873974 0.9677093625068665 0
1709892874006 0.9717457294464111 0
1709892874038 1.0040363073349 0
1709892874071 1.0100908279418945 0
