1720174507267 0.6914129927754402 0
1720174507333 0.6666917502880096 0
1720174507519 0.6166754588484764 0
1720174507592 0.5259088017046452 0
1720174507746 0.430265199393034 0
1720174507814 0.4069954454898834 0
1720174507896 0.4019458703696728 0
1720174507957 0.39282526820898056 0
1720174508020 0.39316293224692345 0
1720174508080 0.3921007700264454 0
1720174508139 0.39175277203321457 0
1720174508197 0.3915490135550499 0
1720174508258 0.3912155143916607 0
1720174508318 0.39103516191244125 0
1720174508380 0.3908553868532181 0
1720174508438 0.3905913531780243 0
1720174508501 0.39039894193410873 0
1720174508558 0.39014091342687607 0
1720174508615 0.38990649953484535 0
1720174508672 0.3896395303308964 0
1720174508732 0.38936997205018997 0
1720174508793 0.3890562206506729 0
1720174508854 0.38872288167476654 0
1720174508913 0.3884202875196934 0
1720174508980 0.3879953734576702 0
