1714126402258 0.6871867328882217 0
1714126402301 0.6765316054224968 0
1714126402344 0.6624536216259003 0
1714126402391 0.6408417448401451 0
1714126402434 0.6069587767124176 0
1714126402475 0.5577108636498451 0
1714126402748 0.4963311292231083 0
1714126402794 0.4391372501850128 0
1714126402839 0.4080196022987366 0
1714126402881 0.4009649455547333 0
1714126402925 0.39791520312428474 0
1714126402966 0.3940548412501812 0
1714126403009 0.3925126940011978 0
1714126403048 0.3921370729804039 0
1714126403089 0.3918622359633446 0
1714126403133 0.3916033208370209 0
1714126403173 0.39144717529416084 0
1714126403215 0.39131399989128113 0
1714126403318 0.3911680765450001 0
1714126403393 0.39102552086114883 0
1714126403435 0.390874769538641 0
1714126403477 0.39073099941015244 0
1714126403524 0.39058108255267143 0
1714126403569 0.39040103927254677 0
1714126403610 0.3902844786643982 0
1714126403735 0.39005862548947334 0
1714126403778 0.38987572491168976 0
1714126403820 0.3897102661430836 0
1714126403866 0.38951826095581055 0
1714126403908 0.3893495500087738 0
1714126403949 0.38917603716254234 0
1714126403990 0.3889836557209492 0
1714126404032 0.388724610209465 0
1714126404075 0.3885192833840847 0
1714126404116 0.38828471302986145 0
1714126404156 0.38804206624627113 0
1714126404201 0.3878228925168514 0
