1686910450565 0.6883166655898094 0
1686910450838 0.670799158513546 0
1686910450893 0.6424762010574341 0
1686910450971 0.5935279056429863 0
1686910451018 0.5194587893784046 0
1686910451112 0.4400709308683872 0
1686910451159 0.4017010070383549 0
1686910451203 0.40103885531425476 0
1686910451245 0.3963076211512089 0
1686910451290 0.39235835894942284 0
1686910451350 0.39252833649516106 0
1686910451408 0.39206473529338837 0
1686910451451 0.3918062523007393 0
1686910451493 0.39165521785616875 0
1686910451535 0.39150333404541016 0
1686910451577 0.39142434671521187 0
1686910451620 0.3912414498627186 0
1686910451662 0.39108268171548843 0
1686910451703 0.3909354545176029 0
1686910451747 0.39071882888674736 0
1686910451788 0.3905417323112488 0
1686910451833 0.3903725929558277 0
