1686910450577 0.8578892350196838 0
1686910450844 0.8390804529190063 0
1686910450921 0.8411703109741211 0
1686910450978 0.8892372250556946 0
1686910451023 0.8714733719825745 0
1686910451117 0.8369905948638916 0
1686910451163 0.8484848737716675 0
1686910451207 0.8808777332305908 0
1686910451249 0.9184952974319458 0
1686910451295 0.947753369808197 0
1686910451357 0.9811912178993225 0
1686910451412 0.9791013598442078 0
1686910451455 0.9874607920646667 0
1686910451497 1.0020898580551147 0
1686910451539 1.0135841369628906 0
1686910451582 1.0303030014038086 0
1686910451624 1.0480668544769287 0
1686910451666 1.0877742767333984 0
1686910451707 1.1159874200820923 0
1686910451751 1.1483803987503052 0
1686910451793 1.1368861198425293 0
1686910451837 1.1745036840438843 0
