1723803257620 0.790513813495636 0
1723803257659 0.79347825050354 0
1723803257698 0.79347825050354 0
1723803257743 0.8023715615272522 0
1723803257797 0.8003952503204346 0
1723803257843 0.79347825050354 0
1723803257882 0.8102766871452332 0
1723803257924 0.804347813129425 0
1723803257964 0.8260869383811951 0
1723803258003 0.8221343755722046 0
1723803258051 0.8300395011901855 0
1723803258108 0.8359683752059937 0
1723803258149 0.8458498120307922 0
1723803258187 0.8507905006408691 0
1723803258226 0.8478260636329651 0
1723803258265 0.8448616862297058 0
1723803258301 0.8478260636329651 0
1723803258337 0.8478260636329651 0
1723803258374 0.8537549376487732 0
1723803258414 0.8646245002746582 0
1723803258463 0.8596838116645813 0
1723803258512 0.8646245002746582 0
1723803258562 0.8962450623512268 0
1723803258601 0.8883399367332458 0
1723803258643 0.8982213735580444 0
1723803258702 0.9071146249771118 0
1723803258764 0.8982213735580444 0
1723803258805 0.9051383137702942 0
1723803258842 0.9219367504119873 0
1723803258879 0.9239130616188049 0
1723803258918 0.9337944388389587 0
1723803258957 0.9407114386558533 0
1723803258996 0.9239130616188049 0
1723803259034 0.9318181872367859 0
1723803259072 0.9318181872367859 0
1723803259112 0.945652186870575 0
1723803259150 0.9496047496795654 0
1723803259188 0.9604743123054504 0
1723803259224 0.9634387493133545 0
1723803259261 0.9644268751144409 0
1723803259298 0.9624505639076233 0
1723803259334 0.9792490005493164 0
1723803259427 0.9832015633583069 0
1723803259468 0.9851778745651245 0
1723803259512 0.989130437374115 0
1723803259551 0.9822134375572205 0
1723803259592 0.9851778745651245 0
1723803259635 0.9940711259841919 0
1723803259674 0.997035562992096 0
1723803259713 1.0069169998168945 0
1723803259753 1.02173912525177 0
1723803259799 1.0543478727340698 0
1723803259841 1.0365612506866455 0
1723803259888 1.0266798734664917 0
