1722593708004 0.8178218007087708 0
1722593708206 0.8227722644805908 0
1722593708271 0.8148514628410339 0
1722593708467 0.8128712773323059 0
1722593708563 0.803960382938385 0
1722593708627 0.7930693030357361 0
1722593708687 0.7861385941505432 0
1722593708747 0.802970290184021 0
1722593708807 0.8455445766448975 0
1722593708866 0.89207923412323 0
1722593708925 0.9198019504547119 0
1722593709044 0.9415841698646545 0
1722593709133 0.9603960514068604 0
1722593709183 1.0049505233764648 0
1722593709241 1.0198019742965698 0
1722593709306 1.016831636428833 0
1722593709385 1.0346534252166748 0
1722593709461 1.0544553995132446 0
1722593709523 1.0673267841339111 0
1722593709589 1.080198049545288 0
1722593709653 1.111881136894226 0
1722593709711 1.1138614416122437 0
1722593709782 1.1465346813201904 0
1722593709860 1.1811881065368652 0
1722593709922 1.200990080833435 0
1722593709983 1.211881160736084 0
1722593710041 1.2524752616882324 0
1722593710109 1.2643564939498901 0
1722593710187 1.3148515224456787 0
1722593710333 1.2910890579223633 0
1722593710381 1.3633663654327393 0
1722593710426 1.3970297574996948 0
1722593710470 1.4178217649459839 0
1722593710517 1.4465346336364746 0
1722593710566 1.4524751901626587 0
1722593710612 1.4930692911148071 0
