1732270596200 0.8253658413887024 0
1732270596241 0.8185365796089172 0
1732270596283 0.8370731472969055 0
1732270596325 0.8721951246261597 0
1732270596365 0.8458536863327026 0
1732270596455 0.8663414716720581 0
1732270596495 0.844878077507019 0
1732270596537 0.8478049039840698 0
1732270596577 0.8234146237373352 0
1732270596619 0.8185365796089172 0
1732270596659 0.8253658413887024 0
1732270596701 0.831219494342804 0
1732270596746 0.8712195158004761 0
1732270596810 0.8926829099655151 0
1732270596872 0.8956097364425659 0
1732270596921 0.9014633893966675 0
1732270596979 0.8917073011398315 0
1732270597020 0.9287804961204529 0
1732270597059 0.9248780608177185 0
1732270597100 0.8712195158004761 0
1732270597140 0.8634146451950073 0
1732270597180 0.8692682981491089 0
1732270597220 0.8731707334518433 0
1732270597260 0.8712195158004761 0
1732270597299 0.8770731687545776 0
1732270597340 0.9004877805709839 0
1732270597380 0.9082927107810974 0
1732270597421 0.9073171019554138 0
1732270597462 0.9190244078636169 0
1732270597503 0.9219512343406677 0
1732270597549 0.9170731902122498 0
1732270597589 0.9365853667259216 0
1732270597632 0.9473170638084412 0
1732270597729 0.9375609755516052 0
1732270597782 0.9541463255882263 0
1732270597824 0.9502438902854919 0
1732270597862 0.9560975432395935 0
