1692353712667 0.8124352097511292 0
1692353712764 0.7979274392127991 0
1692353712838 0.790673553943634 0
1692353712905 0.8010362982749939 0
1692353712952 0.7844559550285339 0
1692353712993 0.7927461266517639 0
1692353713029 0.804145097732544 0
1692353713062 0.811398983001709 0
1692353713097 0.8124352097511292 0
1692353713147 0.8196890950202942 0
1692353713325 0.8196890950202942 0
1692353713425 0.822797954082489 0
1692353713459 0.8259067535400391 0
1692353713500 0.815544068813324 0
1692353713557 0.8352331519126892 0
1692353713602 0.8549222946166992 0
1692353713695 0.8715025782585144 0
1692353713744 0.8984456062316895 0
1692353713837 0.9077720046043396 0
1692353713878 0.9222797751426697 0
1692353713920 0.9419689178466797 0
1692353713958 0.9523316025733948 0
1692353713994 0.9575129747390747 0
1692353714030 0.9523316025733948 0
1692353714063 0.9502590894699097 0
