1681553230965 0.7681770324707031 0
1681553230997 0.7913593053817749 0
1681553231027 0.7818756699562073 0
1681553231058 0.7702845335006714 0
1681553231088 0.7702845335006714 0
1681553231118 0.779768168926239 0
1681553231149 0.7776606678962708 0
1681553231182 0.7755532264709473 0
1681553231212 0.773445725440979 0
1681553231241 0.7850368618965149 0
1681553231271 0.7903056144714355 0
1681553231302 0.8018967509269714 0
1681553231332 0.8482613563537598 0
1681553231362 0.8840885162353516 0
1681553231391 0.8967334032058716 0
1681553231421 0.9336143136024475 0
1681553231451 0.9820864200592041 0
