1715336031344 0.6868342906236649 0
1715336031423 0.6692421138286591 0
1715336031517 0.6383456513285637 0
1715336031562 0.5825261920690536 0
1715336031605 0.4992574714124203 0
1715336031651 0.42224636673927307 0
1715336031695 0.4013279937207699 0
1715336031745 0.4015585333108902 0
1715336031857 0.39418383687734604 0
1715336031908 0.39299729838967323 0
1715336031948 0.3928844630718231 0
1715336031989 0.3922538086771965 0
1715336032036 0.392184603959322 0
1715336032081 0.39200323075056076 0
1715336032127 0.3917875252664089 0
1715336032334 0.39166494831442833 0
1715336032474 0.39149942621588707 0
1715336032595 0.3913591206073761 0
1715336032653 0.391199741512537 0
1715336032693 0.3910369277000427 0
1715336032733 0.39090313762426376 0
1715336032774 0.39072439819574356 0
1715336032813 0.39056384563446045 0
1715336032853 0.39039425924420357 0
1715336032892 0.3901892863214016 0
1715336032934 0.38999126479029655 0
1715336032971 0.3898211494088173 0
1715336033024 0.3896123766899109 0
1715336033200 0.38935667648911476 0
1715336033270 0.3891754150390625 0
