1730456157505 0.6894951313734055 0
1730456157542 0.6865525245666504 0
1730456157578 0.6833775192499161 0
1730456157613 0.6797610744833946 0
1730456157649 0.6754417270421982 0
1730456157683 0.6701284274458885 0
1730456157718 0.663531206548214 0
1730456157753 0.6553145572543144 0
1730456157788 0.6451668217778206 0
1730456157825 0.6328790932893753 0
1730456157866 0.6181241795420647 0
1730456157901 0.6009564250707626 0
1730456157942 0.5814057737588882 0
1730456157981 0.5598736554384232 0
1730456158018 0.537090539932251 0
1730456158055 0.5138828232884407 0
1730456158090 0.491319477558136 0
1730456158125 0.47048477083444595 0
1730456158159 0.4522399716079235 0
1730456158194 0.43724505975842476 0
1730456158229 0.4254543073475361 0
1730456158263 0.4167158491909504 0
1730456158298 0.41051025688648224 0
1730456158335 0.40614233538508415 0
1730456158370 0.4030570909380913 0
1730456158405 0.4008031599223614 0
1730456158439 0.39905256778001785 0
1730456158473 0.3976816348731518 0
1730456158508 0.39655132964253426 0
1730456158543 0.3956654891371727 0
1730456158579 0.39493536576628685 0
1730456158615 0.3943449929356575 0
1730456158650 0.3938918262720108 0
1730456158685 0.39347121864557266 0
1730456158720 0.39316435158252716 0
1730456158767 0.39290348812937737 0
1730456158803 0.39269251748919487 0
1730456158840 0.3924972303211689 0
1730456158886 0.39235904440283775 0
1730456158921 0.39222589135169983 0
1730456158956 0.3920971192419529 0
1730456158992 0.39200272783637047 0
1730456159027 0.39191195368766785 0
1730456159062 0.391830500215292 0
1730456159097 0.39175450429320335 0
1730456159132 0.3916861116886139 0
1730456159166 0.39162421599030495 0
1730456159201 0.39156340062618256 0
1730456159235 0.3915099799633026 0
1730456159271 0.39145321026444435 0
1730456159307 0.3913986347615719 0
