1730456157515 0.7729941010475159 0
1730456157551 0.78669273853302 0
1730456157587 0.7847357988357544 0
1730456157623 0.7935420870780945 0
1730456157658 0.8023483157157898 0
1730456157693 0.8101761341094971 0
1730456157728 0.8219178318977356 0
1730456157763 0.8317025303840637 0
1730456157797 0.8268101811408997 0
1730456157835 0.8317025303840637 0
1730456157875 0.8375734090805054 0
1730456157912 0.835616409778595 0
1730456157954 0.8326810002326965 0
1730456157991 0.8317025303840637 0
1730456158028 0.8287671208381653 0
1730456158065 0.8277886509895325 0
1730456158100 0.8297455906867981 0
1730456158134 0.8444226980209351 0
1730456158169 0.8454011678695679 0
1730456158204 0.8405088186264038 0
1730456158238 0.8385518789291382 0
1730456158272 0.8307240605354309 0
1730456158307 0.8385518789291382 0
1730456158345 0.8414872884750366 0
1730456158379 0.8385518789291382 0
1730456158414 0.8326810002326965 0
1730456158448 0.835616409778595 0
1730456158483 0.8307240605354309 0
1730456158517 0.8336594700813293 0
1730456158552 0.8375734090805054 0
1730456158588 0.8385518789291382 0
1730456158624 0.8365949392318726 0
1730456158659 0.8483365774154663 0
1730456158694 0.8581213355064392 0
1730456158730 0.8816046714782715 0
1730456158777 0.8992172479629517 0
1730456158813 0.9099804162979126 0
1730456158849 0.9138942956924438 0
1730456158895 0.9148728251457214 0
1730456158930 0.9060665369033813 0
1730456158965 0.912915825843811 0
1730456159002 0.9266144633293152 0
1730456159036 0.9324853420257568 0
1730456159071 0.9452054500579834 0
1730456159106 0.9540117383003235 0
1730456159141 0.9667319059371948 0
1730456159176 0.9686888456344604 0
1730456159210 0.9911937117576599 0
1730456159244 0.9990215301513672 0
1730456159281 1.0009784698486328 0
1730456159317 1.0078277587890625 0
