1683886365512 0.6906842072804769 0
1683886365560 0.6824386715888977 0
1683886365607 0.6717243830362956 0
1683886365655 0.6558795730272929 0
1683886365701 0.6313520948092143 0
1683886365748 0.5951765100161235 0
1683886365795 0.5468965331713359 0
1683886365840 0.49307787617047627 0
1683886365885 0.44586225946744285 0
1683886365930 0.4158453067143758 0
1683886365975 0.4026115616162618 0
1683886366021 0.3978960931301117 0
1683886366066 0.39573421478271487 0
1683886366112 0.39444204767545066 0
1683886366160 0.3936261534690857 0
1683886366209 0.3931187470753988 0
1683886366258 0.39286810358365376 0
1683886366305 0.39267606735229493 0
1683886366354 0.3925321380297343 0
1683886366401 0.39243932167689005 0
1683886366448 0.3923250178496043 0
1683886366494 0.39225250085194907 0
