1723198535559 0.8278931975364685 0
1723198535681 0.8170128464698792 0
1723198535804 0.8447082042694092 0
1723198535913 0.925815999507904 0
1723198536041 0.9901087880134583 0
1723198536209 1.0247279405593872 0
1723198536456 1.0781404972076416 0
1723198536557 1.1058357954025269 0
1723198536684 1.1463897228240967 0
1723198536805 1.2542037963867188 0
1723198537035 1.216617226600647 0
1723198537206 1.281899094581604 0
1723198537331 1.4065282344818115 0
1723198537473 1.3669633865356445 0
1723198537686 1.495548963546753 0
1723198537787 1.5192878246307373 0
1723198537898 1.5529179573059082 0
