1723198535543 0.6726464610546827 0
1723198535660 0.5270079113543034 0
1723198535782 0.40288267005234957 0
1723198535899 0.39324669633060694 0
1723198536021 0.39250505715608597 0
1723198536192 0.39207877591252327 0
1723198536437 0.3917054533958435 0
1723198536544 0.39141066558659077 0
1723198536666 0.39100680593401194 0
1723198536789 0.3906072173267603 0
1723198537012 0.39028576016426086 0
1723198537188 0.3897220706567168 0
1723198537310 0.38917368557304144 0
1723198537455 0.3885153103619814 0
1723198537673 0.3878146279603243 0
1723198537773 0.38700877595692873 0
1723198537880 0.38624865747988224 0
