1679738924221 0.7917547821998596 0
1679738924501 0.7716701626777649 0
1679738924784 0.8097251653671265 0
1679738925064 0.8424947261810303 0
1679738925346 0.836152195930481 0
1679738925627 0.8340380787849426 0
1679738925907 0.8435518145561218 0
1679738926189 0.8456659913063049 0
1679738926468 0.8541226387023926 0
1679738926652 0.8562368154525757 0
1679738926807 0.8646934628486633 0
1679738927085 0.8794925808906555 0
1679738927365 0.9143763184547424 0
1679738927643 0.9482029676437378 0
1679738927920 0.9704017043113708 0
1679738928201 0.9820296168327332 0
1679738928478 0.9767441749572754 0
1679738928756 0.9778012633323669 0
1679738929040 1.005285382270813 0
1679738929320 1.0169132947921753 0
1679738929599 1.03699791431427 0
