1679738924095 0.682894192636013 0
1679738924374 0.6747226119041443 0
1679738924657 0.6624519005417824 0
1679738924939 0.6428814008831978 0
1679738925220 0.6120128631591797 0
1679738925502 0.5681173652410507 0
1679738925781 0.5132974088191986 0
1679738926064 0.4598894454538822 0
1679738926342 0.42354048416018486 0
1679738926618 0.4075513146817684 0
1679738926681 0.40143029391765594 0
1679738926961 0.39668572321534157 0
1679738927239 0.3937702924013138 0
1679738927518 0.3928299508988857 0
1679738927794 0.3923177383840084 0
1679738928075 0.39201662689447403 0
1679738928353 0.3917188532650471 0
1679738928630 0.3916909657418728 0
1679738928908 0.3915429934859276 0
1679738929195 0.39136142656207085 0
1679738929474 0.3913513273000717 0
